204432840 7.312771 2.049546 0.15067 55.77 434.58 15.68
204432732 5.073826 4.392523 0.15123 38.8 437.0 33.7
204433015 8.999717 2.239547 0.15128 68.8 434.4 17.2
204432849 6.6878 2.482794 0.15155 51.3 437.5 19.1
204433102 7.376205 5.975283 0.15155 56.3 434.9 45.9
204433349 4.667394 9.461411 0.15159 35.4 433.6 72.5
204433505 9.784193 9.030464 0.15176 74.1 429.7 69.3
204432917 7.644461 3.513211 0.15222 58.79 438.04 27.13
204380356 6.224426 3.115961 0.15242 48.0 440.1 24.1
204380374 6.887482 3.386217 0.15249 53.1 439.6 26.2
204380452 6.401599 3.487262 0.1526 49.4 440.3 27.0
204380946 5.534235 8.205817 0.15271 42.4 437.6 63.4
204380988 5.711886 7.822717 0.15308 43.9 438.9 60.6
204380488 7.581842 2.897493 0.15322 58.72 441.17 22.53
204380830 2.894149 8.219741 0.15344 22.3 441.1 63.8
204381042 5.914579 7.185775 0.15414 45.82 442.32 56.06
204380775 1.82092 8.773526 0.15465 14.12 444.18 68.59
204380928 2.384871 9.261892 0.15494 18.5 444.2 72.5
204380060 4.693997 2.755214 0.15529 36.9 449.4 21.7
204327593 7.997788 8.335476 0.15542 62.2 442.7 65.5
204327520 7.841097 8.369669 0.15599 61.2 444.4 66.0
204327128 0.621102 6.662374 0.15659 4.9 452.0 52.8
204327333 5.185281 6.613727 0.15716 41.0 451.8 52.6
204327360 4.631377 7.590006 0.15737 36.6 451.8 60.4
204327396 5.46428 7.757362 0.15757 43.2 451.6 61.8
204326798 1.528527 4.724629 0.15795 12.2 457.2 37.8
204327160 3.608469 6.976448 0.15812 28.7 455.1 55.8
204327169 3.720734 6.83346 0.15813 29.6 455.21 54.67
204327174 3.565053 7.020524 0.15818 28.36 455.23 56.17
204327552 7.279519 8.296137 0.1584 57.7 451.7 66.4
204272463 8.514727 4.20917 0.15851 68.0 454.2 33.8
204272886 7.607922 8.182562 0.15865 60.4 452.2 65.6
204272636 3.671041 6.930646 0.15875 29.31 456.86 55.65
204272189 1.7576 5.331312 0.15894 14.1 459.5 42.9
204272354 6.608991 4.905793 0.15942 53.1 458.3 39.6
204272199 1.625965 5.504003 0.15951 13.09 460.99 44.44
204272850 4.446692 9.424205 0.15981 35.5 456.5 76.0
204272713 2.741121 7.749164 0.15985 22.0 459.5 62.6
204272804 4.967581 8.147092 0.15987 39.8 457.9 65.8
204272124 0.742613 5.11029 0.16004 6.0 462.9 41.4
204272126 0.769717 5.063586 0.16004 6.22 462.93 41.02
204272127 0.772591 5.131496 0.16005 6.24 462.93 41.58
204272926 9.361681 9.433792 0.16007 74.6 452.5 76.2
204272446 8.781757 3.973077 0.16053 71.0 459.6 32.3
204271951 3.183237 1.473775 0.16067 25.9 465.7 12.0
204273291 7.98609 8.578591 0.16068 64.1 456.9 69.6
204273047 7.303879 7.233117 0.1614 59.1 461.1 59.0
204273166 7.943285 8.11402 0.16143 64.12 459.55 66.15
204273122 8.15277 7.865889 0.16158 65.9 460.0 64.2
204217460 8.154088 7.890085 0.16163 65.93 460.13 64.42
204217520 8.71997 8.030469 0.162 70.6 460.3 65.7
204217292 8.438577 3.250079 0.16223 69.0 465.1 26.7
204226709 7.225841 0.800693 0.16271 59.4 468.5 6.6
204226439 1.341385 4.896877 0.1628 11.02 470.7 40.34
204226488 1.400856 6.433831 0.16306 11.5 470.16 53.03
204226848 8.859473 4.412432 0.16363 72.92 467.81 36.53
204167380 0.072404 7.178472 0.16494 0.6 474.8 59.8
204167385 0.783669 6.981865 0.16503 6.5 475.2 58.2
204166872 2.817519 5.40099 0.16554 23.5 477.5 45.2
204167441 0.47217 7.795043 0.16657 3.94 478.63 65.52
204166844 2.05094 5.951189 0.16661 17.2 480.3 50.1
204166827 0.892571 6.058455 0.16695 7.5 481.4 51.1
204166811 2.187731 4.913299 0.16713 18.43 482.55 41.51
204167587 3.09598 7.273777 0.16721 25.98 480.3 61.39
204166812 2.034689 4.784321 0.16736 17.17 483.31 40.48
204167015 3.214556 4.843173 0.16789 27.2 484.3 41.1
204105947 1.553882 3.491477 0.16821 13.2 486.6 29.7
204105800 1.454896 2.191092 0.16833 12.38 487.52 18.66
204105888 1.801968 3.965151 0.1684 15.32 486.82 33.76
204105860 1.810842 3.979131 0.16851 15.4 487.1 33.9
204106512 0.768945 8.316437 0.16885 6.5 484.3 70.8
204106484 9.637975 4.930849 0.16896 81.7 481.1 42.1
204106576 0.96623 8.480013 0.16962 8.2 486.2 72.5
204106590 0.856753 8.684601 0.16978 7.27 486.39 74.3
204106014 2.901964 3.792187 0.17008 24.9 491.2 32.6
204106141 3.65049 4.547539 0.17016 31.3 490.6 39.1
204106609 0.881585 8.81579 0.17021 7.5 487.4 75.6
204106066 2.535913 4.303353 0.17031 21.78 491.7 37.04
204106062 2.596748 4.28737 0.17032 22.3 491.7 36.9
204106065 2.947011 4.311087 0.17032 25.3 491.54 37.1
204106021 2.311496 2.495089 0.17042 19.9 493.0 21.5
204106154 3.648032 4.460849 0.17082 31.4 492.5 38.5
204043914 3.482474 4.253563 0.17269 30.3 497.9 37.1
204044156 4.613033 3.576851 0.1738 40.4 500.7 31.4
204044005 3.241849 4.043424 0.17385 28.4 501.4 35.5
204044012 3.2605 4.034918 0.17387 28.57 501.44 35.43
203982319 3.278927 4.485499 0.17443 28.8 502.7 39.5
203982869 0.114614 8.935526 0.17478 1.0 499.9 78.6
203982917 0.080278 9.29858 0.17485 0.7 499.6 81.8
203983302 9.045127 8.084761 0.17486 78.8 495.0 71.2
203983463 9.166036 9.084658 0.17488 79.65 493.6 79.95
203982359 3.37038 5.60905 0.17492 29.63 503.14 49.5
203982787 0.399387 7.65649 0.17499 3.5 502.1 67.5
203982788 0.404561 7.631729 0.17504 3.55 502.26 67.3
203920308 1.908037 0.736259 0.1775 17.1 513.3 6.6
203920680 7.224469 1.83366 0.18048 65.6 517.5 16.7
203854374 3.178619 3.456644 0.18186 29.1 524.0 31.7
203854359 3.220241 3.020024 0.18255 29.6 526.1 27.8
203786393 3.851767 3.949512 0.18597 36.0 534.7 37.0
203786077 2.878369 2.151529 0.18629 27.0 537.0 20.2
203786230 1.449407 5.164911 0.18694 13.6 537.5 48.6
203786919 8.022688 9.765229 0.18694 74.25 526.84 91.57
203716172 0.925761 4.872199 0.18714 8.7 538.4 45.9
203716175 1.798501 4.622965 0.18823 17.0 541.4 43.8
203641996 7.882818 9.415515 0.19109 74.6 538.8 90.2
203643054 2.9895 4.268224 0.19334 29.0 555.3 41.5
203643124 5.108921 0.328505 0.19353 49.7 555.9 3.2
203566529 2.518018 9.482025 0.19365 24.2 550.3 92.0
203565881 3.092672 4.397036 0.19405 30.1 557.1 42.9
203566540 2.327395 9.478134 0.19483 22.5 553.6 92.5
203566192 7.165204 1.150885 0.19535 70.23 558.64 11.31
203489905 9.17038 1.200512 0.1971 90.5 560.6 11.9
203490706 8.739321 6.846874 0.19953 86.69 563.97 68.51
203490704 8.711837 6.918851 0.19974 86.5 564.5 69.3
203411817 0.433872 9.541082 0.2016 4.33 572.34 96.2
203411330 2.551829 3.545096 0.20167 25.8 578.9 35.9
203411350 2.481396 3.769838 0.20182 25.1 579.2 38.2
203412648 7.53252 6.512865 0.20246 75.9 574.0 66.1
203411936 7.071675 5.924603 0.20272 71.45 575.95 60.23
203328798 5.893593 8.895998 0.20382 59.5 576.4 90.7
203328450 3.587945 4.468024 0.20386 36.6 583.7 45.7
203328404 1.914916 4.419508 0.2049 19.64 587.41 45.43
203329179 7.197306 2.504527 0.20524 73.9 585.2 25.8
203328961 5.448203 8.865014 0.20645 55.7 584.0 91.5
203246027 5.190569 9.042118 0.20682 53.14 584.98 93.48
203246022 5.175007 9.050795 0.20691 53.0 585.2 93.6
203246444 7.667721 0.625026 0.20722 79.5 590.5 6.5
203246033 5.30716 8.9744 0.20728 54.45 586.2 92.97
203245922 0.863057 8.518431 0.2078 8.9 590.8 88.5
203246125 4.467311 9.508193 0.20782 45.9 587.5 98.7
203246001 5.05665 8.81825 0.20806 52.1 588.8 91.7
203246524 7.870308 2.41921 0.2085 82.0 593.2 25.3
203247688 4.0284 9.651081 0.20897 41.6 590.7 100.7
203245678 2.101304 2.890964 0.20901 22.0 599.6 30.3
203246079 5.324359 8.443142 0.20923 55.2 592.3 88.3
203245525 1.594055 3.916477 0.20936 16.7 600.1 41.1
203159923 9.598854 2.730231 0.2102 100.61 594.9 28.77
203158093 2.134435 3.003732 0.21053 22.5 603.7 31.7
203158627 1.484409 5.567351 0.21057 15.6 602.0 58.7
203159729 7.812904 0.4164 0.21071 82.3 599.8 4.4
203158658 1.604584 6.184512 0.2113 16.9 603.3 65.4
203158778 2.092023 5.397422 0.21168 22.1 605.0 57.2
203160351 7.149651 5.843433 0.212 75.4 601.1 62.0
203158704 0.613119 4.593155 0.21215 6.5 607.4 48.8
203160843 3.406784 9.867632 0.21229 35.7 599.7 104.5
203160464 7.377523 8.802231 0.21322 77.7 600.1 93.7
203159152 3.062477 8.930346 0.21332 32.33 604.32 95.1
203064983 1.259968 3.774131 0.2143 13.5 613.8 40.5
203095615 2.217996 3.294576 0.21455 23.8 614.5 35.4
203065506 1.626376 8.876852 0.2149 17.3 609.3 95.2
203095616 2.122385 3.325872 0.215 22.82 615.75 35.81
203095699 5.213755 0.464033 0.21506 56.1 614.8 5.0
203095665 5.007924 0.56602 0.2151 53.9 615.1 6.1
203095756 4.300489 1.623494 0.21518 46.3 615.7 17.5
203066961 2.04977 9.619418 0.21536 21.8 609.1 103.3
203095682 4.470525 1.536462 0.21558 48.22 616.7 16.59
203065574 3.417398 9.196572 0.21567 36.43 610.0 98.94
203065573 3.414353 9.191746 0.2157 36.4 610.1 98.9
203095770 4.52636 2.910216 0.21618 48.9 617.7 31.5
202998793 0.322972 3.796253 0.21685 3.5 620.9 41.2
202971262 6.9835 7.908143 0.21734 75.1 613.1 85.8
202998786 0.34936 3.076905 0.21752 3.8 623.2 33.5
202999911 7.13878 7.002032 0.21758 77.0 614.8 76.1
202971227 9.288185 5.235487 0.21772 100.4 613.9 57.0
202999601 4.585313 5.850263 0.21783 49.7 619.7 63.7
202999068 6.438488 1.489136 0.218 70.11 621.27 16.25
202998974 6.436314 1.456495 0.21805 70.1 621.4 15.9
203000102 7.501358 2.555785 0.21809 81.6 619.7 27.9
203000301 8.245731 4.476363 0.21813 89.47 617.42 48.84
202998863 1.90732 3.369974 0.21822 20.8 624.6 36.8
202999680 4.559276 5.547132 0.21855 49.6 622.0 60.6
202999366 5.596133 1.743192 0.2189 61.2 624.6 19.1
202999405 5.14231 3.058235 0.21891 56.2 624.5 33.5
203000355 8.274417 3.712189 0.21974 90.5 622.3 40.8
203000452 7.884387 3.117081 0.21996 86.4 623.9 34.3
202999334 6.532688 0.127102 0.22008 71.8 627.0 1.4
202904883 7.866893 0.686611 0.22122 86.8 628.2 7.6
202904996 9.919235 1.342115 0.22149 109.35 625.29 14.87
202904136 0.144299 1.731057 0.22172 1.6 635.3 19.2
202905722 9.566485 5.719529 0.22194 105.2 624.2 63.4
202905564 7.132845 4.436507 0.22236 78.9 630.5 49.3
202905673 8.676197 5.263018 0.22252 95.8 627.8 58.5
202905684 9.561593 5.284357 0.22277 105.6 626.9 58.8
202904583 0.637987 8.042793 0.22321 7.05 633.32 89.49
202804044 6.685464 4.582478 0.22371 74.39 634.61 51.21
202803821 0.572045 2.509986 0.22394 6.4 641.0 28.1
202804452 5.794346 4.708286 0.22409 64.6 636.6 52.7
202806212 4.256446 9.555516 0.22413 47.0 631.5 106.6
202804405 5.656358 4.449798 0.2245 63.2 638.1 49.9
202804222 1.346943 6.280689 0.22563 15.1 642.2 70.7
202804081 0.493113 4.421579 0.22571 5.55 644.52 49.84
202700612 0.123768 5.034957 0.22723 1.4 648.1 57.1
202700996 5.468192 4.595075 0.22751 61.87 646.32 52.18
202702725 3.250211 9.412334 0.22826 36.55 643.56 106.86
202700298 2.645506 2.013245 0.22874 30.2 653.6 23.0
202700441 2.837487 2.458392 0.22888 32.4 653.7 28.1
202700330 1.993309 2.253968 0.22921 22.8 655.1 25.8
202701887 8.051231 5.058999 0.22964 91.68 648.14 57.95
202702057 9.172406 6.646702 0.22975 104.1 644.7 76.1
202592012 0.52133 1.711169 0.23058 6.0 659.4 19.7
202592856 6.034026 4.121114 0.23104 69.3 655.6 47.5
202593960 7.792623 6.675723 0.23155 89.2 651.8 77.0
202593002 6.045309 4.024769 0.23161 69.6 657.2 46.5
202594066 9.849015 7.492555 0.23192 112.5 648.0 86.5
202593972 8.347333 5.932063 0.23204 95.84 653.15 68.59
202592204 0.388528 1.398412 0.23209 4.5 663.6 16.2
202592149 0.439138 1.199552 0.23267 5.1 665.22 13.93
202592399 0.284024 3.498589 0.23324 3.3 665.7 40.7
202592435 0.401789 3.568536 0.23345 4.67 666.2 41.55
202592433 0.412626 3.579988 0.23356 4.8 666.5 41.7
202482474 0.334057 2.319989 0.23417 3.9 668.9 27.1
202483004 3.482455 1.760979 0.2345 40.7 668.8 20.6
202482609 1.848786 2.240179 0.2346 21.62 669.79 26.21
202482884 3.931086 0.990441 0.23476 46.0 669.4 11.6
202482508 1.691969 2.33124 0.23479 19.8 670.3 27.3
202482541 1.644137 2.327796 0.23508 19.26 671.1 27.29
202482735 1.620503 3.245625 0.23545 19.0 671.6 38.1
202483016 2.691483 1.702343 0.23556 31.6 672.2 20.0
202484962 3.577412 9.849875 0.23563 41.4 662.2 115.2
202484963 3.577538 9.849124 0.23564 41.4 662.25 115.2
202483460 1.663263 7.137871 0.23569 19.4 668.1 83.7
202485167 3.97572 9.402223 0.23582 46.1 663.3 110.1
202482462 2.312007 2.064053 0.23609 27.2 673.7 24.3
202483074 3.230736 2.55603 0.23619 38.0 673.2 30.1
202483075 3.239901 2.5587 0.23621 38.11 673.25 30.13
202483854 8.970861 2.113707 0.23625 105.2 666.4 24.9
202482856 1.942798 2.860511 0.23644 22.88 674.39 33.72
202484873 1.94236 9.59349 0.23667 22.6 666.4 112.7
202482901 3.354034 0.54174 0.2369 39.6 675.7 6.4
202483405 1.486387 5.121125 0.23702 17.5 674.26 60.45
202484891 1.87773 9.492874 0.23718 21.9 668.0 111.76
202483390 1.92497 4.341118 0.23721 22.7 675.4 51.3
202483307 6.337387 3.3911 0.23729 74.7 672.6 40.1
202373966 5.687891 0.202805 0.23733 67.2 674.7 2.4
202373688 4.529132 1.830737 0.23742 53.54 675.83 21.67
202374264 0.754294 4.869824 0.2375 8.9 676.0 57.6
202374299 2.08686 4.48887 0.23754 24.64 676.08 53.11
202374194 4.64024 2.404822 0.23777 54.9 676.4 28.5
202375150 8.976576 4.842489 0.23847 105.9 670.4 57.5
202374695 9.524557 1.950917 0.2386 112.7 671.7 23.2
202374540 5.381738 6.421366 0.23876 63.56 674.65 76.27
202374539 5.376606 6.432213 0.23878 63.5 674.7 76.4
202374227 5.294111 2.872013 0.239 62.9 678.8 34.2
202376302 4.01763 8.434282 0.23917 47.34 673.99 100.18
202375597 2.182492 2.202251 0.23922 26.0 682.17 26.25
202374072 4.67814 2.139697 0.23952 55.75 681.22 25.54
202374477 5.866714 3.862094 0.23969 69.8 679.3 46.1
202377409 7.697187 9.221681 0.23973 90.5 669.6 109.7
202374087 4.647234 2.161493 0.23996 55.47 682.43 25.84
202374104 4.685477 2.223987 0.23997 55.93 682.39 26.59
202374012 4.708048 2.233094 0.23998 56.2 682.4 26.7
202375499 1.672423 1.324941 0.24034 20.02 685.72 15.87
202376420 4.295484 9.666699 0.24051 50.7 675.0 115.3
202375888 0.879729 5.587131 0.24069 10.5 683.8 66.9
202265541 4.17 8.365091 0.24154 49.6 680.3 100.3
202262909 9.58075 3.21671 0.24173 114.65 679.25 38.71
202263235 8.261963 4.18001 0.24178 98.9 681.1 50.3
202263744 2.215992 2.868545 0.24226 26.7 690.0 34.6
202264153 4.323046 2.535 0.24243 52.1 689.2 30.6
202265118 7.348808 4.48515 0.24243 88.22 684.05 54.1
202265557 4.019447 8.250901 0.24247 48.0 683.1 99.3
202264176 4.756756 3.09817 0.24248 57.3 688.6 37.4
202263794 2.808641 2.730911 0.24271 33.9 691.0 33.0
202265162 9.448686 4.395714 0.24279 113.4 681.4 53.1
202263735 2.357712 1.546178 0.24287 28.5 692.2 18.7
202264471 0.888686 6.622767 0.24342 10.7 689.8 80.1
202265169 7.661914 4.772678 0.24348 92.3 686.1 57.8
202146912 1.535639 8.727379 0.24444 18.47 688.95 105.8
202144411 9.989822 3.178445 0.24459 120.84 686.04 38.68
202142815 1.274354 0.867433 0.24462 15.52 697.5 10.56
202146889 2.045408 8.47358 0.24533 24.7 691.6 103.1
202144205 6.993251 1.590775 0.24565 85.26 695.07 19.45
202146932 0.016586 9.538958 0.24566 0.2 690.9 116.1
202143800 3.733888 4.476563 0.24575 45.5 697.2 54.7
202143827 3.758226 4.47384 0.24582 45.81 697.36 54.68
202143544 3.458814 4.943412 0.24622 42.2 698.2 60.5
202144152 6.480131 0.019225 0.24622 79.24 697.61 0.24
202146805 0.111693 9.449119 0.24673 1.35 693.92 115.49
202143309 4.004336 2.288604 0.24681 49.1 701.4 28.1
202143969 3.827685 4.579179 0.2472 46.9 700.92 56.26
202016337 9.833564 0.420868 0.24838 120.9 697.5 5.2
202016405 9.966996 1.922031 0.24881 122.66 697.99 23.78
202015283 2.077719 2.350757 0.24896 25.7 708.4 29.1
202015524 1.012474 4.46181 0.24899 12.5 707.3 55.2
202016251 7.833472 1.121204 0.24929 96.8 703.6 13.9
202015856 3.968803 3.967354 0.24956 49.1 707.7 49.2
202016307 7.684172 2.619097 0.24961 95.0 704.1 32.5
202019453 8.963812 8.25366 0.24972 109.71 695.56 102.14
202015167 0.929693 1.362572 0.24997 11.55 711.9 16.94
202018536 3.228065 8.534517 0.25024 39.7 703.9 105.8
202017111 7.297578 4.32631 0.25083 90.5 706.7 53.9
201881109 1.759935 3.759302 0.25156 21.96 714.61 46.98
201881779 8.734025 0.255418 0.25206 109.0 709.5 3.2
201881133 0.776275 5.465137 0.25258 9.7 715.9 68.5
201883543 5.23607 9.596635 0.2528 64.77 706.79 120.0
201881528 5.383743 7.291058 0.25323 67.1 712.0 91.5
201881380 4.250199 5.291048 0.25329 53.22 716.08 66.5
201882619 7.918813 6.712262 0.25364 98.8 710.3 84.4
201882376 6.95383 4.241458 0.25434 87.41 716.68 53.54
201882375 6.959681 4.23715 0.25439 87.5 716.8 53.5
201881679 4.283018 5.232968 0.25463 53.9 719.7 66.1
201741129 4.298257 5.246901 0.25479 54.12 720.1 66.31
201742445 7.06224 4.303199 0.2549 88.94 717.92 54.43
201744197 9.191035 7.897522 0.25495 114.8 709.5 99.7
201740416 2.463156 0.820743 0.25512 31.2 725.3 10.4
201740486 1.097153 1.522934 0.25517 13.9 725.8 19.3
201742407 7.25852 3.917131 0.25541 91.62 719.31 49.65
201740427 2.592189 0.863697 0.25545 32.87 726.1 10.96
201740980 3.185997 7.571077 0.25579 40.1 720.4 95.9
201741443 9.433851 0.645476 0.2558 119.3 718.0 8.2
201742571 7.274278 7.295499 0.25596 91.47 716.61 92.49
201741471 8.578629 1.691517 0.25598 108.6 719.9 21.5
201740755 4.704628 1.529244 0.25603 59.73 725.78 19.44
201742534 6.649176 7.221943 0.25608 83.7 718.0 91.6
201741005 3.192273 7.467722 0.25642 40.28 722.24 94.82
201741233 3.644993 7.790992 0.2567 46.0 722.1 99.0
201741156 3.926116 6.228418 0.25673 49.71 724.36 79.24
201740315 0.561144 0.631097 0.25679 7.15 730.46 8.05
201740322 0.51553 0.792705 0.25684 6.57 730.58 10.11
201741204 4.269888 6.586583 0.25713 54.1 724.6 83.9
201741788 8.373395 2.547542 0.25787 106.7 724.9 32.6
201740340 0.234305 1.069867 0.25798 3.0 733.6 13.7
201740345 0.248964 1.042298 0.25801 3.19 733.68 13.35
201741056 1.825292 7.229848 0.25816 23.2 728.0 92.4
201600244 2.434499 1.150636 0.2592 31.3 736.2 14.8
201600508 3.206512 1.291353 0.25929 41.23 735.92 16.62
201600428 3.227255 1.274464 0.25933 41.5 736.0 16.4
201600454 3.333558 1.120045 0.25951 42.9 736.45 14.42
201600943 0.063704 4.346131 0.25954 0.82 735.81 55.92
201600792 3.711234 0.984417 0.26071 47.96 739.39 12.73
201601018 0.015506 4.495333 0.26079 0.2 739.0 58.1
201601132 0.792274 6.613964 0.261 10.19 736.83 85.44
201600975 0.077427 4.127429 0.26103 1.0 740.0 53.4
201603315 8.045161 8.104665 0.26104 102.8 727.3 104.6
201602607 5.898858 9.96208 0.26134 75.18 727.68 128.49
201603386 8.575171 9.24308 0.26157 109.4 725.5 119.4
201603296 7.142444 9.127508 0.26182 91.34 728.9 118.03
201462726 5.760283 9.8578 0.2623 73.7 730.6 127.6
201460479 2.148115 1.459678 0.2626 27.96 745.36 19.01
201461123 1.204424 6.236255 0.26277 15.6 742.0 81.1
201463904 7.414683 9.290183 0.26341 95.3 732.3 120.8
201461398 4.09605 7.381001 0.2639 53.1 741.5 96.3
201463937 7.321267 9.595537 0.26513 94.6 736.3 125.5
201320702 6.681859 1.725073 0.26557 87.7 748.6 22.7
201320493 4.196061 6.191707 0.26581 54.9 748.3 81.4
201319776 0.493393 0.106268 0.26585 6.5 754.8 1.4
201320187 0.737738 3.903096 0.26596 9.7 753.3 51.4
201321493 1.439986 9.999173 0.26615 18.7 743.9 131.2
201321820 4.353406 9.470344 0.26677 56.7 744.8 124.6
201320689 6.520661 2.230785 0.26699 86.0 752.4 29.5
201319866 1.380025 1.474019 0.26776 18.3 759.45 19.55
201320900 9.840814 0.341989 0.26791 129.94 749.12 4.54
201319821 0.946579 0.480769 0.26881 12.6 762.6 6.4
201176546 8.206502 2.272273 0.26937 109.0 755.8 30.3
201177506 5.67963 8.264801 0.26938 74.85 752.61 109.86
201177191 1.331341 9.664529 0.27094 17.6 757.3 129.0
201178637 7.517742 9.368954 0.27096 99.2 751.7 125.1
201176724 7.699017 3.834811 0.27138 102.87 760.95 51.47
201177119 1.471392 8.405936 0.27164 19.57 761.76 112.61
201176006 0.645415 5.933047 0.27169 8.63 766.24 79.63
201027610 1.04052 1.065677 0.27329 14.07 774.41 14.41
201027624 1.26975 1.011183 0.2739 17.2 776.0 13.7
201027953 4.785975 0.090705 0.27413 64.82 774.2 1.23
201028139 5.004598 3.112527 0.27424 67.7 773.1 42.2
201028337 1.750242 4.52425 0.27468 23.7 775.6 61.4
201029198 3.969203 7.998523 0.27492 53.4 769.6 108.4
201028683 4.891558 6.932481 0.27503 65.97 770.79 94.06
201029012 7.671162 5.419431 0.27542 103.7 769.9 73.7
201028602 3.947727 6.341486 0.27544 53.4 773.8 86.2
201022313 6.992065 9.904448 0.2758 93.7 764.0 134.4
200871524 0.402557 4.004366 0.27707 5.5 782.8 54.8
200872538 8.759995 1.78972 0.27817 119.9 778.1 24.6
200873375 9.54014 3.280727 0.27832 130.4 775.9 45.1
200871898 4.653944 5.428013 0.27853 63.7 782.5 74.6
200875044 8.444235 9.200477 0.27887 114.45 770.92 126.24
200872050 3.31588 6.685152 0.27916 45.4 783.6 92.0
200872309 7.239884 1.62746 0.27989 99.8 785.6 22.5
200711005 4.077283 7.306008 0.28005 55.9 784.23 100.8
200709949 6.511252 3.577409 0.2801 89.73 786.13 49.47
200707662 5.240299 3.260765 0.28014 72.3 788.3 45.1
200707551 4.931322 0.18749 0.28076 68.3 791.6 2.6
200709124 7.319151 1.233183 0.28076 101.2 787.9 17.1
200708675 4.307421 4.17766 0.28092 59.55 790.6 57.91
200711188 4.609946 8.662439 0.28109 63.2 783.8 119.8
200709472 6.925748 2.260966 0.28128 95.9 789.5 31.4
200709280 6.805639 1.969947 0.28172 94.4 791.0 27.4
200708304 2.573035 6.253743 0.28197 35.6 792.2 86.9
200711171 4.029183 8.98029 0.28215 55.4 786.5 124.6
200708352 2.62945 6.485703 0.28227 36.4 792.6 90.2
200711528 1.871647 9.543439 0.28227 25.72 787.07 132.39
200711527 1.870129 9.550555 0.28228 25.7 787.1 132.5
200710070 6.203293 4.127465 0.28344 86.4 794.9 57.7
200538050 2.583021 5.513019 0.28377 36.0 798.0 77.1
200539208 9.595019 2.412917 0.28388 133.7 790.9 33.8
200539465 7.768065 4.218468 0.28411 108.3 793.9 59.1
200540098 2.286874 7.675301 0.28438 31.8 796.3 107.4
200539986 0.460197 8.669683 0.28509 6.4 796.8 121.5
200540232 2.762474 7.896722 0.28526 38.5 797.9 110.8
200538213 0.085527 5.400635 0.28564 1.2 803.9 76.0
200540613 1.540573 9.70275 0.28566 21.4 795.7 136.1
200540172 3.079219 7.048027 0.28601 43.1 801.2 99.2
200539332 6.572477 3.304598 0.28602 92.38 801.83 46.6
200540248 2.775847 7.783858 0.28686 38.9 802.3 109.8
200540088 1.458903 9.131997 0.28717 20.4 801.0 128.8
200361147 0.811642 7.65031 0.28735 11.4 804.7 108.1
200359170 5.381994 2.769403 0.28776 76.18 808.56 39.29
200359846 7.580963 0.313749 0.28821 107.42 807.15 4.46
200360042 6.618219 1.441357 0.28848 93.9 809.3 20.5
200362971 7.012047 8.948992 0.28853 98.3 799.2 126.8
200358483 0.601472 0.867156 0.29012 8.6 819.2 12.4
200358843 3.067108 1.954549 0.29073 43.9 819.3 28.0
200182335 9.146134 9.575778 0.29103 128.8 800.0 136.7
200177478 5.702965 0.655044 0.29121 81.7 818.1 9.4
200182327 9.297859 8.854813 0.29154 131.4 802.6 126.7
200177793 4.570308 2.96664 0.29155 65.5 819.4 42.6
200177794 4.581323 2.941306 0.29172 65.7 819.86 42.26
200177013 0.847838 0.013898 0.29207 12.2 824.4 0.2
200181017 5.082409 8.733437 0.2921 72.2 811.8 125.2
200178016 1.069387 5.815001 0.29256 15.33 821.39 83.67
200178278 4.051307 6.642192 0.29283 58.0 818.9 95.6
200179860 8.708174 4.039169 0.29328 125.0 816.1 58.3
199996224 5.634669 8.198156 0.29587 81.1 822.0 119.0
199994857 8.156318 4.405837 0.29682 118.4 826.1 64.3
199993306 1.954846 3.916537 0.29698 28.5 835.0 57.2
199993659 4.262057 6.309964 0.29719 61.9 830.6 92.1
199993219 0.532905 3.452815 0.29802 7.8 838.6 50.6
199996513 7.706766 8.618065 0.29803 111.4 823.2 125.9
199992658 0.061359 0.306792 0.29811 0.9 840.4 4.5
199994681 7.20145 5.332062 0.29812 104.9 830.2 78.1
199993588 5.05327 4.836885 0.29828 73.8 834.6 70.9
199803738 7.858717 8.480071 0.2988 113.9 825.2 124.2
199803384 5.776699 6.904492 0.29896 84.2 832.3 101.3
199803523 5.690554 8.284599 0.29957 82.84 831.33 121.65
199801172 9.646506 2.137843 0.29963 141.4 831.9 31.5
199800764 7.311539 0.161455 0.2999 107.55 838.25 2.38
199803528 5.206834 8.641104 0.30022 75.9 832.9 127.1
199802726 5.115075 8.964903 0.30065 74.6 833.4 132.0
199801770 9.661311 3.397309 0.3013 142.2 835.3 50.3
199801771 9.66262 3.376614 0.3013 142.22 835.32 49.99
199802174 5.461448 3.262977 0.30188 80.8 845.1 48.4
199602688 7.638688 5.204906 0.30268 112.84 841.37 77.33
199602543 8.107305 2.02091 0.30311 120.3 844.5 30.1
199606002 0.34642 8.814388 0.30313 5.1 843.5 130.8
199605257 6.269523 9.669408 0.30457 92.3 840.16 144.01
199603518 5.515284 4.026818 0.30495 82.3 852.3 60.28
199603689 6.718799 1.4071 0.30528 100.5 853.1 21.1
199603850 7.202713 1.931818 0.30567 107.8 853.0 29.0
199606707 6.069456 9.567916 0.30569 89.7 843.6 143.0
199404604 9.691526 7.306441 0.30625 143.9 842.6 109.6
199404605 9.654575 7.23527 0.30625 143.38 842.82 108.54
199404606 9.688559 7.295113 0.30627 143.87 842.69 109.44
199406198 5.924079 8.21678 0.30687 88.2 850.0 123.4
199403538 5.663051 3.829869 0.3076 85.2 859.2 57.8
199405032 0.167374 8.781338 0.30784 2.5 855.8 132.2
199405035 0.415034 8.7736 0.30788 6.2 855.9 132.1
199406240 5.929973 8.201278 0.30803 88.6 853.0 123.6
199404142 8.143177 2.323183 0.30876 122.9 858.9 35.2
199406799 8.94349 8.562667 0.30878 133.5 848.3 129.3
199403018 0.211009 0.745082 0.30899 3.2 868.9 11.3
199200179 1.096914 2.849696 0.31128 16.73 873.71 43.5
199200585 5.079174 0.861677 0.31234 77.7 874.2 13.2
199200194 1.104219 2.976565 0.3125 16.9 876.8 45.6
199204040 6.303249 6.479244 0.31286 95.9 868.2 99.2
199201288 6.108037 1.472307 0.31333 93.64 875.04 22.62
198993941 6.507611 1.528698 0.31354 99.8 874.9 23.5
198995581 4.440924 7.015906 0.31356 67.7 871.7 107.6
198993924 6.080852 1.469875 0.3136 93.3 875.8 22.6
198994423 8.13746 1.859409 0.31375 124.7 872.1 28.6
198994424 8.10208 1.844483 0.31381 124.18 872.33 28.38
198996343 4.749494 9.874075 0.3161 72.4 871.4 152.2
198997002 5.305063 7.496902 0.31668 81.5 877.7 116.0
198997081 6.132378 7.214432 0.31671 94.23 877.06 111.66
198787117 7.509418 3.646001 0.31886 116.7 885.3 56.9
198788405 2.510007 7.440352 0.31926 38.9 887.4 116.0
198786833 6.157103 2.827083 0.3194 96.0 889.9 44.2
198785209 1.393285 0.996831 0.31961 21.8 896.3 15.6
198788459 2.631473 6.891105 0.3202 40.94 890.83 107.78
198574896 0.011394 8.151825 0.32126 0.18 891.91 127.76
198573973 8.596789 1.328637 0.3214 134.7 891.0 20.9
198572890 4.289995 1.705161 0.32142 67.4 898.49 26.82
198575370 0.077253 9.30356 0.32159 1.2 890.0 145.8
198573162 1.883297 3.526088 0.32179 29.6 900.2 55.5
198574355 7.354618 5.17659 0.32256 115.3 893.3 81.6
198575238 4.665041 7.633747 0.32302 73.0 894.6 120.3
198574559 8.882389 4.679456 0.32313 139.41 892.02 73.9
198574560 8.909361 4.570157 0.32396 140.18 894.22 72.35
198572876 3.682056 1.782481 0.32465 58.4 907.5 28.3
198351207 0.258513 5.125012 0.32562 4.1 908.7 81.5
198350801 5.319768 0.695303 0.32653 84.8 910.7 11.1
198352519 8.655639 4.078877 0.32727 137.6 903.9 65.2
198354076 7.814763 7.027091 0.32753 123.79 901.96 112.22
198351946 9.646136 0.618364 0.32754 153.7 904.3 9.9
198351066 0.555888 3.331518 0.32814 8.9 917.3 53.4
198352958 2.131069 6.303514 0.32853 34.0 913.7 101.0
198120957 3.341442 7.186278 0.32922 53.3 912.9 115.3
198119015 2.300298 2.627251 0.32965 37.0 921.1 42.3
198158780 0.792628 3.691631 0.33135 12.8 925.2 59.7
198120613 0.89002 7.377567 0.33177 14.3 920.5 119.2
198121848 5.599096 7.5262 0.33181 89.8 916.0 121.6
198159157 0.767446 7.713516 0.33254 12.35 921.79 124.86
197926990 0.96664 3.621436 0.33339 15.7 930.5 58.9
197927523 4.941257 2.205278 0.33357 80.3 928.8 35.9
197887974 5.881103 7.577018 0.3341 94.9 921.3 123.2
197927301 3.854941 4.707658 0.33466 62.7 930.5 76.8
197927872 6.422139 3.815041 0.33488 104.5 928.4 62.3
197926713 3.331723 0.914715 0.33614 54.6 937.9 15.0
197929523 9.512312 6.037955 0.33637 154.51 922.12 98.9
197926552 1.932298 0.859249 0.33639 31.7 939.6 14.1
197689331 3.591894 1.161879 0.33705 59.0 939.9 19.1
197654693 8.660181 9.923125 0.33714 139.75 917.51 162.36
197691063 5.835497 4.015143 0.3373 95.6 935.4 66.0
197690714 5.705947 1.650894 0.33742 93.71 937.83 27.16
197692377 1.158137 7.752388 0.33774 18.9 934.9 127.3
197690226 1.076564 3.541247 0.33779 17.7 941.9 58.3
197689461 3.202878 1.046598 0.33796 52.75 942.66 17.25
197689343 2.733227 0.169625 0.33853 45.1 944.7 2.8
197692018 2.335656 7.471551 0.33859 38.22 937.1 123.0
197690783 5.220192 2.136268 0.339 86.1 942.4 35.3
197689625 3.352634 0.911561 0.33984 55.5 947.4 15.1
197694157 8.613268 9.013048 0.33986 140.4 926.9 148.7
197693350 6.042809 7.918241 0.33997 99.0 935.2 130.8
197693989 9.847013 8.313847 0.34026 160.8 926.4 137.4
197693901 9.020086 8.017241 0.34046 147.6 929.8 132.6
197693831 8.396384 8.540196 0.34049 137.3 930.2 141.2
197442692 2.791968 1.940204 0.34059 46.3 949.4 32.2
197441980 0.156578 1.222329 0.3408 2.6 951.4 20.3
197444346 5.628574 1.852474 0.34125 93.4 947.7 30.8
197441935 0.775601 0.937824 0.34138 12.9 952.9 15.6
197444495 5.160456 3.895839 0.34138 85.53 947.05 64.76
197442551 1.604992 2.04868 0.34168 26.7 952.9 34.1
197446765 7.713512 6.175247 0.34201 127.4 940.6 102.7
197442859 3.298062 2.55005 0.3422 54.9 952.7 42.5
197443278 0.852763 1.390407 0.34228 14.22 955.05 23.18
197443275 0.851696 1.391179 0.34234 14.2 955.2 23.2
197442652 1.371804 4.759793 0.34237 22.8 952.1 79.3
197447258 8.657478 7.291567 0.34239 142.7 937.2 121.3
197442673 1.423623 4.568918 0.34266 23.69 953.08 76.19
197442872 3.274592 2.671456 0.34285 54.6 954.3 44.6
197447161 9.570153 6.174025 0.34316 158.3 938.9 103.0
197444181 3.835586 3.14685 0.34335 64.0 954.6 52.6
197446536 4.10699 9.533604 0.34354 67.71 943.02 158.78
197443438 1.274226 2.552534 0.34358 21.3 957.6 42.7
197443633 2.915792 2.005908 0.34403 48.8 958.1 33.6
197446603 4.315231 9.319243 0.34415 71.3 944.9 155.5
197443839 1.827397 3.203018 0.34448 30.6 959.1 53.7
197195581 7.266472 9.218247 0.34481 120.1 941.9 154.1
197193059 6.520492 1.986264 0.34489 109.19 955.35 33.35
197195523 7.208728 9.278332 0.34505 119.21 942.45 155.19
197193712 4.481405 5.874234 0.34509 74.82 954.69 98.52
197194760 8.516257 6.599329 0.34531 141.7 946.3 110.7
197194325 5.297961 9.288831 0.34585 87.9 947.9 155.7
197194891 6.730225 4.780256 0.34671 112.91 956.83 80.57
197192626 5.870875 1.979039 0.34744 99.03 963.06 33.45
197195998 7.02921 9.46337 0.34798 117.1 949.7 159.5
197192243 3.761703 4.383833 0.34822 63.5 965.8 74.2
197191476 3.009553 2.596938 0.3484 50.94 968.84 44.0
196937028 7.640836 5.662566 0.34869 128.6 958.6 95.9
196937199 6.606563 6.724944 0.34885 111.1 959.23 113.86
196933787 3.174596 2.41663 0.34886 53.8 970.0 41.0
196936140 3.052253 5.317682 0.34921 51.6 967.7 90.2
196937472 9.091912 5.664493 0.34935 153.1 956.7 96.1
196934410 3.249693 2.87539 0.34953 55.15 971.28 48.86
196937582 7.76724 6.754346 0.34953 130.73 958.43 114.56
196935209 6.050371 4.285437 0.34959 102.4 966.1 72.8
196938053 6.704969 9.419038 0.35022 112.4 956.1 159.7
196933347 0.235107 2.67239 0.35023 4.0 974.8 45.5
196934460 3.525681 2.984488 0.35049 59.97 973.38 50.84
196936023 2.079676 5.326954 0.35065 35.3 972.1 90.7
196935464 6.550866 1.129276 0.35156 111.7 972.7 19.3
196934140 0.584358 3.437577 0.35192 9.98 978.38 58.77
196672823 6.413145 8.801305 0.35299 108.5 965.3 150.4
196669881 6.730491 1.453499 0.35318 115.22 976.35 24.95
196669867 6.740477 1.450738 0.35321 115.4 976.4 24.9
196670843 2.88229 5.893528 0.35326 49.2 977.2 101.0
196672949 6.083921 8.529795 0.35327 103.1 967.3 145.9
196672872 5.626543 9.659788 0.35337 95.1 965.3 165.1
196668890 0.857084 4.072937 0.35352 14.69 981.71 69.91
196671043 2.968797 6.17431 0.35364 50.7 977.6 105.9
196668294 2.08046 0.293616 0.35365 35.75 983.99 5.05
196675939 9.925812 7.661575 0.35431 168.5 962.9 131.5
196668537 0.129892 3.764268 0.35441 2.23 984.45 64.77
196672078 5.052448 9.450637 0.35452 85.73 969.7 162.04
196669704 5.292442 4.588279 0.35479 90.8 980.2 79.0
196671821 1.446348 9.363048 0.35487 24.6 974.3 160.7
196669715 5.993486 4.178624 0.35501 102.9 980.1 72.0
196670059 8.695031 0.684091 0.35509 149.4 976.9 11.8
196668826 0.110486 4.51474 0.35511 1.9 985.3 77.8
196673294 8.299567 9.526934 0.35538 140.8 965.2 163.7
196671453 4.746732 5.939815 0.35556 81.45 980.85 102.4
196669173 5.796118 1.387108 0.35592 99.99 985.09 23.98
196671694 0.175814 8.969027 0.35603 3.0 978.61 154.46
196671302 4.997048 4.591281 0.35606 86.03 983.88 79.31
196670021 8.512548 0.435937 0.35611 146.68 979.99 7.54
196403746 2.101122 5.966932 0.35682 36.2 986.7 103.2
196403811 3.448715 6.900394 0.35691 59.3 984.0 119.3
196402217 2.018529 0.61105 0.35729 35.01 993.27 10.6
196401838 8.939373 0.71452 0.35745 154.5 982.2 12.4
196405415 9.385612 0.236183 0.35755 162.2 981.3 4.1
196401840 8.837261 0.76036 0.35758 152.8 982.8 13.2
196404942 6.850021 7.409683 0.35793 117.75 980.22 128.39
196403875 4.615496 5.28352 0.35804 79.79 988.41 91.7
196403133 6.161056 0.235842 0.35811 106.9 990.3 4.1
196401846 9.050973 0.517665 0.35815 156.7 983.7 9.0
196401604 8.735689 0.413275 0.35895 151.6 986.6 7.2
196402862 3.735758 2.284601 0.35903 65.0 995.5 39.8
196401605 8.494829 0.571061 0.35936 147.6 988.22 9.96
196404256 3.613918 7.463153 0.35936 62.45 988.82 129.79
196405256 9.036741 9.736377 0.35939 154.7 972.7 169.0
196402158 0.785925 2.144448 0.35946 13.7 998.7 37.4
196402459 0.80976 3.510188 0.35949 14.1 997.6 61.2
196402325 2.772891 1.877743 0.36005 48.4 999.3 32.8
196128406 8.874834 3.557477 0.36124 154.6 990.1 62.3
196129034 6.670617 9.709889 0.36138 115.0 983.3 169.4
196127851 8.444734 1.306113 0.36148 147.5 993.5 22.9
196129795 4.544022 5.206061 0.36165 79.3 997.8 91.2
196137153 6.016274 9.925568 0.36177 103.8 984.9 173.3
196131530 9.243603 2.389295 0.36201 161.46 992.08 41.94
196127655 6.453028 0.097972 0.36233 113.16 1000.44 1.72
196130219 1.147347 8.207127 0.36247 19.96 996.65 143.78
196134037 9.838473 8.963261 0.36318 170.3 982.0 157.2
196127595 5.00426 4.39724 0.36338 87.8 1002.7 77.4
196126971 2.458974 2.564372 0.36367 43.3 1008.3 45.2
196130668 4.887768 4.525732 0.36409 85.9 1004.5 79.8
196126553 0.464657 2.406842 0.36437 8.2 1011.1 42.5
196127569 4.690973 3.500811 0.36443 82.62 1006.89 61.81
196127264 4.041216 2.139145 0.36451 71.3 1009.17 37.79
195846522 5.915657 1.850732 0.36456 104.3 1006.6 32.7
195846032 3.001785 3.941214 0.36465 52.91 1008.95 69.61
195848560 6.464992 5.16516 0.36477 113.6 1002.5 91.2
195854073 9.367434 6.178206 0.36504 164.04 994.39 109.1
195847204 8.754337 3.27856 0.36521 154.1 1000.7 58.0
195849399 7.740726 8.583495 0.3653 135.1 993.9 151.4
195846875 5.583452 3.236166 0.36555 98.6 1008.6 57.3
195847569 0.720446 6.052801 0.36624 12.71 1011.02 107.21
195848592 6.83086 5.490353 0.36631 120.4 1005.1 97.3
195847936 3.330291 4.561962 0.36638 58.9 1012.2 80.9
195849372 6.767226 7.910336 0.367 118.9 1002.0 140.2
195849588 8.07947 8.262071 0.36702 141.7 998.2 146.4
195848827 8.252146 4.64871 0.36718 145.8 1005.3 82.6
195848685 4.674883 6.338055 0.36727 82.57 1009.8 112.54
195849314 6.767937 7.767722 0.36748 119.09 1003.53 137.85
195847909 2.343277 4.495796 0.36774 41.6 1016.6 80.0
195849573 8.170169 7.893859 0.36783 143.7 1000.9 140.2
195854276 9.712296 8.738853 0.36815 170.35 995.32 155.22
195845630 2.125674 4.125165 0.36819 37.8 1018.4 73.5
195851369 9.05131 0.336329 0.36835 160.8 1009.4 6.0
195847700 0.945299 6.005692 0.36847 16.78 1016.69 106.98
195847064 5.758636 3.649902 0.36854 102.4 1015.4 65.1
195563483 0.438996 5.96664 0.36891 7.8 1018.0 106.4
195564772 7.57311 5.160511 0.36906 134.4 1010.9 92.1
195563609 0.405831 6.767751 0.36924 7.21 1017.24 120.72
195562146 3.911285 3.852041 0.36971 69.8 1020.9 68.9
195572106 5.893203 9.735879 0.3703 103.94 1006.97 173.69
195572105 6.018664 9.733135 0.37044 106.18 1007.08 173.7
195562850 7.362465 2.18935 0.37065 131.64 1018.77 39.27
195564943 8.979891 4.862323 0.37095 160.0 1012.5 87.2
195565140 5.579574 8.534418 0.37129 99.0 1013.4 152.8
195561935 4.105444 1.185328 0.37131 73.7 1026.8 21.3
195562000 4.502452 1.730688 0.37134 80.8 1026.1 31.1
195564222 3.311219 7.113932 0.37189 59.1 1021.5 127.7
195564925 8.569897 4.515976 0.37194 153.2 1016.6 81.2
195566863 9.691892 2.10462 0.37201 173.52 1016.03 37.88
195563339 8.723759 2.988502 0.3722 156.3 1018.6 53.8
195562095 3.01324 3.610892 0.37227 54.15 1028.64 65.0
195563403 8.83247 3.196664 0.37247 158.31 1018.78 57.58
195274649 8.267939 1.933833 0.37282 148.54 1022.19 34.88
195276884 7.536846 5.823724 0.37295 134.9 1019.6 104.9
195275307 8.603464 3.721933 0.37299 154.35 1020.15 67.12
195274363 7.523613 0.903048 0.37311 135.4 1025.2 16.3
195274329 7.269978 0.697873 0.37321 130.9 1026.1 12.6
195275385 1.210959 4.716152 0.37342 21.8 1031.3 85.1
195273649 5.065271 2.67359 0.37356 91.31 1030.21 48.3
195273648 5.069554 2.656969 0.37359 91.4 1030.3 48.0
195275489 1.185376 6.147605 0.37364 21.3 1029.4 110.9
195273116 0.856995 1.807316 0.37413 15.5 1036.2 32.7
195276487 3.954607 8.641633 0.37416 70.7 1022.7 155.8
195273012 0.442003 1.474845 0.37435 8.0 1037.0 26.7
195276161 1.504934 9.331164 0.37459 26.9 1023.9 168.3
195277815 7.72295 8.474161 0.37469 138.0 1017.6 153.0
195273222 0.68469 2.499679 0.37486 12.4 1037.6 45.3
195278468 8.925609 0.380503 0.37499 161.2 1026.4 6.9
195277095 7.716702 6.883533 0.37556 138.7 1023.6 124.7
195273905 4.640958 2.578038 0.37557 84.1 1036.0 46.8
195277384 4.748368 9.047638 0.37577 85.1 1024.5 163.7
195276740 6.056567 5.904775 0.37584 109.27 1029.85 107.11
195281938 9.755234 8.476518 0.37622 174.65 1015.83 153.61
195281888 9.89846 8.414033 0.3764 177.29 1015.99 152.55
195281883 9.746351 8.486866 0.37649 174.6 1016.5 153.9
195277500 4.542876 8.990589 0.37659 81.6 1027.0 163.0
195275014 6.564923 3.367651 0.37678 119.1 1034.9 61.3
194983888 5.850095 8.435709 0.37681 105.22 1026.95 153.1
194983229 4.911712 6.041952 0.37694 88.89 1034.34 109.88
194979810 1.87608 0.433278 0.37724 34.2 1044.1 7.9
194980692 3.154611 3.992588 0.37773 57.42 1041.81 72.83
194980952 7.360318 0.094184 0.37773 133.99 1037.32 1.72
194980214 5.050826 1.062099 0.37784 92.09 1041.98 19.39
194987312 8.870807 5.718996 0.37802 160.6 1029.0 104.3
194983851 5.762412 7.08668 0.37814 104.32 1033.72 129.17
194983297 6.023113 6.348944 0.37857 109.3 1035.9 115.9
194982451 2.392109 4.782659 0.37865 43.6 1043.7 87.4
194987401 9.754561 5.802801 0.37869 176.71 1027.91 105.99
194981644 6.888222 1.15695 0.37904 125.82 1041.47 21.19
194983131 1.57723 8.948705 0.37917 28.54 1036.42 163.26
194980041 2.921 0.065489 0.37928 53.5 1048.5 1.2
194981313 6.095724 0.898918 0.37934 111.49 1043.94 16.47
194981319 6.261241 1.014981 0.37935 114.5 1043.6 18.6
194981821 5.860021 2.370532 0.37959 107.18 1044.26 43.46
194984480 9.836277 1.94938 0.37968 179.42 1034.81 35.75
194980494 5.194922 2.412647 0.38027 95.2 1047.1 44.3
194988318 9.955155 8.445407 0.38067 180.13 1026.26 154.7
194983829 8.340429 6.149387 0.3809 152.0 1036.8 112.9
194683779 0.136026 4.757931 0.38093 2.49 1050.4 87.43
194684385 2.915978 5.499979 0.38156 53.45 1049.41 101.18
194682193 4.383288 3.305038 0.38184 80.6 1051.5 60.9
194698302 9.085501 9.375145 0.3819 164.6 1029.3 172.1
194685561 6.894504 5.827651 0.38201 126.2 1043.7 107.3
194681563 1.765314 3.595942 0.38214 32.5 1054.5 66.3
194682990 5.444447 2.661958 0.38219 100.2 1051.3 49.1
194684470 2.181757 6.508519 0.38229 40.0 1049.89 119.87
194683423 8.000772 2.753023 0.38236 147.04 1046.14 50.8
194686161 4.37172 9.24434 0.38247 79.59 1041.14 169.95
194690909 9.008787 8.698059 0.38263 163.81 1033.25 160.05
194681045 0.351507 2.068114 0.38269 6.49 1057.78 38.2
194681315 1.503011 4.100024 0.38281 27.7 1055.7 75.7
194686762 9.403608 1.77432 0.38303 173.0 1044.6 32.8
194683800 0.160232 5.72668 0.38319 2.95 1054.45 105.74
194686296 6.939708 8.956015 0.38325 126.5 1039.3 165.0
194687411 9.408833 3.297362 0.38353 173.1 1044.6 61.0
194685223 3.165282 8.734257 0.38365 57.9 1047.0 161.1
194682118 4.486614 2.873872 0.38372 82.9 1056.5 53.2
194685921 7.244922 6.791817 0.38373 132.88 1045.23 125.49
194681786 3.801856 2.099621 0.38382 70.33 1058.29 38.88
194684731 0.615474 7.77323 0.38397 11.3 1051.9 143.6
194684265 1.607375 5.858528 0.38432 29.65 1056.62 108.46
194686507 8.545869 8.995903 0.3847 156.1 1038.8 166.3
194686497 8.330928 8.362433 0.38475 152.48 1041.25 154.69
194687449 9.992643 4.625949 0.38482 184.0 1044.3 85.8
194685983 8.175334 6.552266 0.38484 150.3 1046.2 121.4
194693533 4.187437 9.262266 0.38499 76.7 1047.6 171.3
194682846 7.936896 1.882104 0.38501 146.89 1053.57 34.96
194691028 9.000956 8.955715 0.38505 164.5 1038.5 165.7
194396085 9.260631 9.221691 0.3851 169.1 1037.1 170.6
194379442 1.410214 2.791397 0.38525 26.18 1063.35 51.86
194380588 5.228052 1.689542 0.38527 97.0 1060.1 31.4
194382279 0.403856 5.416859 0.38538 7.48 1060.48 100.56
194384655 7.335679 7.714803 0.38539 134.79 1047.0 143.01
194384255 6.01416 8.971209 0.38546 110.27 1046.65 166.15
194382373 1.452274 5.87921 0.38549 26.86 1059.59 109.14
194384254 6.019832 8.93457 0.38553 110.4 1046.9 165.5
194381987 6.923869 3.749863 0.38557 128.2 1055.7 69.7
194379460 1.313692 2.998053 0.38571 24.41 1064.36 55.76
194382905 0.909158 7.743506 0.38576 16.76 1056.36 143.66
194380581 5.092089 1.365014 0.38598 94.66 1062.25 25.41
194380982 7.833865 1.498176 0.38612 145.4 1056.8 27.9
194381931 7.38555 3.118093 0.38652 137.1 1057.7 58.1
194379195 1.011288 1.815777 0.38673 18.85 1067.96 33.86
194382116 7.902056 3.614499 0.38674 146.63 1056.42 67.37
194381236 7.89654 1.227733 0.38678 146.8 1058.4 22.9
194385197 9.515225 1.903263 0.38682 176.6 1053.6 35.5
194381645 5.274636 3.587303 0.38695 98.1 1062.6 66.9
194381087 7.304048 1.352673 0.38702 135.92 1060.42 25.24
194384479 6.590437 8.799244 0.38705 121.3 1049.9 163.6
194379692 2.16938 3.987689 0.3872 40.4 1066.5 74.4
194383802 8.108838 4.266588 0.38723 150.5 1056.3 79.6
194382854 0.122961 7.280639 0.38727 2.28 1061.4 135.6
194383106 0.884557 7.045833 0.38742 16.4 1062.2 131.3
194383819 8.006308 4.731199 0.38748 148.6 1056.5 88.3
194383067 0.683919 6.551841 0.38765 12.7 1063.9 122.2
194379984 3.129618 3.237095 0.38782 58.4 1068.1 60.5
194391340 5.925854 9.503229 0.38784 109.1 1051.1 176.9
194382196 7.395591 3.991932 0.38789 137.6 1060.1 74.6
194381885 7.268343 2.389936 0.38803 135.5 1062.4 44.7
194379507 1.47703 3.281899 0.38826 27.6 1070.4 61.4
194396119 9.371715 9.877949 0.38834 172.09 1042.72 184.03
194384612 7.142843 7.244037 0.38842 132.35 1056.1 135.29
194380241 4.863154 3.563493 0.3885 90.8 1067.2 66.7
194380562 6.915082 0.902258 0.38855 129.2 1065.3 16.9
194387611 9.415573 5.859897 0.38865 174.7 1053.5 109.6
194387593 8.698436 6.019157 0.38877 161.5 1055.6 112.6
194383022 0.124023 7.364255 0.38887 2.31 1065.2 137.67
194383215 0.624452 7.895109 0.38907 11.6 1064.3 147.6
194060019 3.399756 1.684436 0.38932 63.73 1072.83 31.6
194059865 1.298242 3.255288 0.38944 24.33 1073.48 61.07
194060931 6.722845 3.494383 0.39008 125.86 1067.7 65.65
194060705 6.938917 1.207574 0.39009 130.1 1069.0 22.7
194061626 3.829861 5.554271 0.39075 71.72 1071.31 104.41
194061275 7.436687 4.044555 0.39081 139.3 1067.2 76.1
194063278 6.786945 8.363699 0.39098 126.2 1060.4 157.0
194069992 4.041205 9.188002 0.39107 75.11 1063.09 172.38
194060310 5.790347 1.491233 0.39115 108.9 1073.9 28.1
194069127 4.62174 1.156679 0.39121 87.0 1076.2 21.8
194071433 7.500203 9.204032 0.39137 139.2 1057.3 172.8
194069026 4.642173 0.058295 0.39169 87.5 1077.6 1.1
194063531 7.708801 7.771264 0.39172 143.7 1061.6 146.2
194060354 6.053477 1.174911 0.39181 114.02 1075.19 22.17
194068801 1.176772 2.169538 0.39186 22.2 1080.57 40.94
194061867 1.071771 6.603469 0.39194 20.1 1074.4 124.4
194069192 5.820718 1.651035 0.39194 109.66 1075.74 31.17
194060563 7.261597 1.101014 0.39222 136.8 1073.6 20.8
194069063 4.759245 0.995122 0.39223 89.8 1078.6 18.8
194069113 4.489569 0.951912 0.39262 84.8 1080.0 18.0
194066746 8.943606 7.186205 0.39291 167.23 1062.6 135.63
194061980 0.280841 8.935302 0.39295 5.25 1071.13 168.41
194069245 6.360672 1.80039 0.39306 120.1 1077.37 34.07
194069341 5.017183 3.487882 0.39317 94.7 1078.7 66.0
193738853 8.685228 3.110365 0.39372 163.79 1072.2 58.94
193744491 7.189103 0.463947 0.39394 136.0 1078.2 8.8
193738767 8.945301 2.467098 0.39503 169.25 1075.27 46.9
193738758 8.873833 2.745749 0.39509 167.9 1075.4 52.2
193738831 9.627524 2.956015 0.3953 182.09 1073.42 56.22
193738811 9.524299 2.785837 0.39567 180.33 1074.82 53.03
193745868 6.418865 4.806609 0.39589 121.62 1081.02 91.47
193745842 4.477183 5.745501 0.39594 84.8 1083.0 109.3
193746680 8.709008 2.950531 0.39595 165.1 1077.8 56.2
193737813 4.134033 8.868934 0.39612 77.8 1076.4 168.4
193745190 1.409874 5.366397 0.39613 26.76 1087.16 102.16
193746643 9.730533 1.526179 0.39626 184.6 1076.5 29.1
193744837 6.392374 3.04755 0.39635 121.5 1084.5 58.1
193743213 2.017546 0.927274 0.3967 38.5 1092.9 17.7
193756837 2.72732 9.072911 0.39678 51.4 1079.0 172.5
193747605 3.270943 9.8321 0.39679 61.5 1076.1 186.8
193745783 3.93481 8.845528 0.39753 74.3 1080.2 168.5
193743880 1.372656 3.589009 0.39756 26.2 1093.4 68.6
193409679 1.62568 1.604137 0.39788 31.1 1095.8 30.7
193411906 7.503294 3.50909 0.39814 143.02 1085.87 67.16
193414759 9.394092 2.818363 0.39822 178.93 1081.5 53.97
193410249 1.231375 2.221989 0.39851 23.58 1097.17 42.58
193413801 5.971322 8.100358 0.39858 113.13 1081.56 154.78
193410097 2.299779 0.609958 0.39883 44.1 1098.1 11.7
193411133 6.491547 0.067747 0.39899 124.3 1092.4 1.3
193410739 4.742532 0.545254 0.39926 90.95 1096.31 10.47
193411893 7.624274 3.551291 0.39962 145.8 1089.2 68.2
193411353 7.232824 1.113652 0.39964 138.6 1092.1 21.4
193414790 8.958538 3.36276 0.39973 171.2 1086.0 64.6
193410262 1.176872 2.249195 0.39974 22.6 1100.25 43.22
193426008 7.243311 9.132379 0.39975 137.1 1078.7 174.8
193413325 7.570101 6.029718 0.39979 144.3 1085.8 115.7
193409693 0.649466 0.057152 0.40032 12.5 1102.7 1.1
193424774 0.11576 9.104418 0.40033 2.2 1088.9 174.5
193420110 9.80872 9.540037 0.40039 185.3 1071.8 182.8
193411823 7.48585 3.516814 0.40078 143.55 1092.44 67.72
193413119 5.115372 7.013242 0.40082 97.7 1091.4 134.8
193411813 7.392416 3.530456 0.40085 141.79 1092.85 67.99
193413021 4.268204 6.367433 0.40103 81.7 1094.7 122.5
193413663 4.751882 8.706708 0.40129 90.5 1088.7 167.3
193425742 3.790825 9.984235 0.40132 71.97 1086.15 191.63
193425897 4.96883 9.64895 0.40142 94.4 1085.8 185.3
193413643 4.446921 8.732837 0.40182 84.8 1090.4 168.0
193083580 0.193281 9.352646 0.40203 3.68 1092.32 179.91
193068700 0.435189 3.002096 0.40219 8.4 1105.9 58.0
193070607 3.467758 5.325955 0.40221 66.7 1100.7 102.8
193069777 6.434623 3.664199 0.40234 123.9 1098.6 70.8
193084441 2.764651 9.016372 0.40256 52.8 1093.4 173.7
193068699 0.372617 2.947258 0.40265 7.2 1107.1 57.0
193069612 7.633225 0.490832 0.4028 147.3 1099.1 9.5
193071252 3.49622 7.459201 0.40298 67.08 1098.0 144.03
193070100 7.262993 3.488114 0.40299 140.0 1098.5 67.5
193070103 7.258159 3.49292 0.40299 139.91 1098.52 67.59
193068267 3.528033 0.134218 0.40317 68.3 1107.8 2.6
193068318 3.35161 0.11871 0.40325 64.9 1108.2 2.3
193070463 1.94996 4.703244 0.40327 37.65 1105.77 91.03
193074046 8.508744 5.729166 0.40398 163.7 1094.2 111.0
193071288 3.575145 8.456736 0.40419 68.62 1098.21 163.6
193070582 1.399582 6.523136 0.40427 27.0 1105.1 126.4
193070001 6.510574 3.735773 0.4043 125.9 1103.2 72.5
193071383 3.59829 8.678034 0.40444 69.06 1098.15 167.94
193068197 2.279917 0.246967 0.40465 44.3 1112.7 4.8
193069685 6.408097 1.1778 0.40483 124.31 1106.84 22.9
193071355 3.780934 7.971626 0.40512 72.8 1101.6 154.6
193083842 1.647908 9.342298 0.40547 31.66 1100.39 181.1
193068682 0.965028 2.12005 0.40571 18.79 1115.32 41.29
193070087 6.936416 3.294293 0.4061 134.7 1107.2 64.2
192729963 6.853066 8.479578 0.40626 131.9 1097.5 164.8
192729393 4.719003 7.497744 0.40646 91.2 1104.8 145.9
192729976 7.077442 8.651706 0.40648 136.2 1097.0 168.2
192727627 1.029765 4.948322 0.40667 20.03 1114.28 96.49
192726372 1.991585 1.98694 0.4068 38.86 1117.6 38.8
192727459 6.808746 3.877828 0.40695 132.4 1108.9 75.7
192728218 1.230511 8.375696 0.40698 23.78 1107.2 163.05
192740258 5.293426 9.049929 0.40704 102.0 1100.9 176.1
192729274 7.069474 6.462963 0.40733 137.0 1104.7 126.1
192731671 9.39042 8.552421 0.40764 180.88 1093.73 166.72
192731210 9.167903 5.300995 0.40776 177.9 1102.3 103.6
192730220 7.626026 0.745502 0.40807 148.9 1112.1 14.6
192729336 7.061926 6.44134 0.40812 137.1 1106.7 125.9
192726724 6.476618 0.183777 0.40817 126.6 1115.2 3.6
192742579 9.551515 8.938083 0.40822 184.0 1093.5 174.4
192725801 0.688312 0.530227 0.40876 13.5 1123.7 10.4
192727640 1.07417 4.801749 0.40888 21.0 1120.0 94.1
192728610 2.707987 7.158864 0.40891 52.7 1114.2 140.1
192728967 4.069179 6.599942 0.40922 79.3 1114.7 129.3
192726884 3.966011 0.798622 0.40979 77.9 1123.6 15.7
192725924 1.404002 1.154469 0.4099 27.6 1126.1 22.7
192726974 5.837595 0.233912 0.40993 114.6 1120.9 4.6
192731339 9.852021 5.682573 0.41006 191.9 1105.0 111.6
192730304 8.973779 0.818449 0.41036 175.9 1113.9 16.11
192382765 0.605523 2.071268 0.41059 11.92 1127.6 40.78
192382607 3.688771 1.106745 0.41069 72.6 1126.1 21.8
192384623 0.961918 7.201463 0.41074 18.8 1119.7 141.5
192386616 6.791252 7.024998 0.41077 132.49 1112.51 138.06
192388864 8.771742 5.367451 0.41079 171.4 1110.8 105.6
192386477 5.978226 7.15715 0.41095 116.7 1114.4 140.7
192383782 4.832329 3.964052 0.41145 95.01 1123.82 78.15
192389616 9.757159 8.514419 0.41149 189.5 1102.0 167.4
192386338 5.152328 7.527386 0.41175 100.72 1117.0 148.2
192389399 9.363961 7.946528 0.41176 182.3 1105.5 156.4
192384620 0.684005 7.340524 0.41194 13.4 1122.4 144.6
192387808 8.843261 3.805534 0.41246 173.8 1117.1 75.2
192385316 1.487171 4.976396 0.41286 29.32 1129.38 98.37
192383532 6.564963 0.80804 0.41307 129.7 1127.0 16.0
192382633 3.675664 1.525352 0.41323 72.73 1132.22 30.21
192385158 3.190284 7.955719 0.41356 62.6 1123.1 157.2
192385162 3.192123 7.952767 0.4136 62.64 1123.2 157.16
192384287 6.645867 3.053415 0.41387 131.35 1127.3 60.54
192384278 6.657935 3.061125 0.41392 131.6 1127.4 60.7
192385810 1.780853 8.210255 0.41442 35.0 1125.7 162.5
192382224 0.115769 1.066966 0.41466 2.3 1138.3 21.2
192021688 7.141238 0.34708 0.41488 141.6 1130.2 6.9
192027897 9.061292 6.395574 0.41495 178.3 1118.0 126.9
192022591 6.749595 3.112841 0.41501 133.71 1129.81 61.87
192024051 0.404736 7.152796 0.41514 7.99 1130.81 141.91
192026446 7.4933 7.178409 0.41531 147.52 1121.52 142.47
192019770 0.464605 0.941327 0.41536 9.24 1140.06 18.73
192021774 7.142035 0.996008 0.41544 141.77 1131.42 19.82
192027069 8.075734 3.405291 0.41566 160.01 1127.69 67.77
192034431 6.192335 9.093943 0.41605 121.63 1121.04 180.49
192024096 0.306679 7.245178 0.41642 6.07 1133.75 144.14
192022252 5.750037 2.667553 0.4165 114.4 1136.1 53.2
192026104 4.432473 7.974272 0.41657 87.5 1128.8 158.6
192024102 0.318082 7.107508 0.41671 6.3 1134.8 141.5
192022985 0.34182 4.799332 0.4168 6.8 1139.8 95.7
192024798 1.585952 7.511699 0.41702 31.4 1134.1 149.6
192020510 3.743875 1.520135 0.41766 74.8 1143.1 30.4
192024386 0.679186 6.943647 0.4182 13.5 1138.8 138.7
192024245 0.110755 7.557693 0.41852 2.2 1138.1 151.0
192024748 1.99331 6.747117 0.41852 39.66 1139.44 134.89
192024336 0.098035 7.567014 0.4186 1.95 1138.27 151.21
192021292 5.739857 0.678751 0.41877 114.88 1142.87 13.61
192027088 8.279636 3.177986 0.41881 165.18 1135.09 63.69
191653537 4.331034 1.539969 0.41921 86.8 1146.1 30.9
191657317 6.681912 8.037557 0.41931 132.5 1131.0 160.8
191668591 9.854571 9.172027 0.41952 194.4 1119.1 183.4
191668354 9.63979 9.20169 0.41955 190.2 1119.8 184.0
191657775 8.52855 0.233955 0.41971 170.7 1138.3 4.7
191657310 6.777581 7.876406 0.4202 134.7 1133.4 157.9
191656856 6.072563 7.907248 0.42045 120.8 1135.5 158.6
191658907 8.542316 5.410559 0.42061 170.54 1135.4 108.74
191668406 8.540395 9.799485 0.42072 168.81 1124.1 196.33
191652951 3.82729 2.015693 0.42102 77.0 1151.0 40.6
191658477 9.750361 2.133258 0.42138 195.5 1137.7 43.0
191653643 5.605166 1.988697 0.42155 112.8 1149.38 40.1
191652991 3.786694 2.205794 0.42179 76.3 1152.8 44.5
191653644 5.570182 2.052984 0.42186 112.17 1150.16 41.43
191663422 3.991146 9.612391 0.42213 79.4 1138.0 193.2
191659975 9.407219 8.349881 0.42235 187.2 1129.9 168.1
191665296 8.206748 9.926459 0.42271 162.89 1129.42 199.7
191653024 3.433236 1.917581 0.42314 69.4 1156.8 38.8
191658018 7.500287 3.397081 0.42328 151.13 1147.91 68.73
191653052 3.44861 1.910367 0.42331 69.74 1157.21 38.67
191271752 3.355729 2.1772 0.42367 67.9 1158.0 44.1
191286676 9.230937 9.878371 0.42379 183.5 1129.1 199.2
191271213 1.145947 0.02584 0.42392 23.23 1161.22 0.52
191274155 3.399959 6.01968 0.42392 68.5 1153.0 121.8
191272585 6.273022 4.185981 0.42404 126.6 1151.7 84.8
191275684 4.604985 6.585558 0.42426 92.7 1150.9 133.3
191286741 9.950627 9.711588 0.42434 198.0 1128.6 196.1
191271291 2.874247 0.062928 0.42437 58.3 1161.1 1.28
191283192 4.968443 9.810069 0.4244 99.22 1141.34 198.09
191278811 7.505833 6.540636 0.4245 150.92 1145.42 132.46
191272801 1.915761 0.905627 0.42474 38.89 1162.69 18.39
191279154 9.063805 7.938071 0.42508 181.66 1138.77 160.8
191274884 5.135439 4.526796 0.42511 103.9 1156.1 91.9
191277004 8.396192 0.461775 0.4259 170.3 1153.8 9.4
191278724 9.995121 5.620084 0.42622 201.6 1143.9 114.3
191275649 6.683289 6.384737 0.42626 135.0 1152.1 129.8
191278297 8.760038 5.72256 0.42632 176.9 1148.0 116.4
191278055 7.567284 2.730944 0.42638 153.58 1156.04 55.63
191274815 3.673683 7.969285 0.42647 74.1 1154.1 161.9
191276548 2.985748 5.785999 0.42654 60.52 1160.4 117.74
191273238 1.498005 2.679414 0.42656 30.5 1166.3 54.6
191282754 0.580027 8.420974 0.42672 11.7 1155.7 171.1
191282833 1.486914 8.710575 0.42693 29.98 1155.01 177.02
191276713 5.186865 4.443521 0.42714 105.4 1161.1 90.6
191275957 4.98337 8.032769 0.42727 100.61 1153.85 163.45
191283438 6.047524 9.90913 0.42729 121.4 1145.9 201.3
191274425 1.295885 8.309378 0.4277 26.2 1158.2 169.2
190892014 0.954186 8.418629 0.42783 19.29 1158.33 171.46
190887632 8.392289 4.044454 0.42784 170.5 1155.7 82.6
190883189 0.275458 6.105707 0.42798 5.6 1164.8 124.6
190883190 0.251088 6.141903 0.42826 5.11 1165.42 125.41
190888342 8.553724 6.683776 0.42835 173.19 1151.46 136.45
190884191 1.475523 8.085352 0.42865 29.91 1161.09 165.0
190881663 3.406975 1.588249 0.42866 69.69 1170.63 32.52
190880907 0.7624 2.344467 0.42876 15.6 1172.3 48.0
190893365 7.097793 9.967578 0.42876 142.8 1146.82 203.1
190888736 9.242718 7.90507 0.42882 186.7 1147.3 161.4
190884814 5.162252 4.88705 0.42909 105.27 1165.19 100.03
190880664 3.363355 0.47467 0.4291 68.89 1172.18 9.73
190882920 6.203979 6.968143 0.42925 126.0 1159.1 142.5
190884637 2.693262 7.040706 0.42935 54.79 1164.7 144.01
190883256 1.273141 5.65345 0.42942 25.98 1169.02 115.75
190886987 8.412062 3.177403 0.42951 171.66 1160.81 65.14
190885607 4.812743 6.83465 0.43005 98.01 1164.1 140.02
190883268 1.037303 5.421838 0.43018 21.21 1171.45 111.2
190884445 3.279631 6.890705 0.43025 66.85 1166.64 141.22
190888646 9.396194 6.881935 0.43047 190.87 1153.44 141.11
190888647 9.41403 7.004741 0.43065 191.25 1153.5 143.66
190885978 7.30177 6.282039 0.43066 148.83 1161.51 128.91
190885854 6.25743 6.471091 0.43067 127.59 1163.62 132.77
190881992 5.134776 1.674589 0.43071 105.4 1172.98 34.43
190882649 6.133663 3.240155 0.43076 125.7 1169.7 66.6
190885991 7.281141 6.287029 0.43088 148.48 1162.09 129.07
190892524 2.369135 9.321774 0.4311 48.1 1162.6 191.0
190886798 8.504616 0.755951 0.43117 174.39 1166.25 15.56
190887520 9.835994 3.553293 0.43123 201.1 1159.9 73.1
190887259 8.482408 3.518228 0.43136 173.7 1164.7 72.4
190886661 7.745142 1.053735 0.43147 159.01 1169.1 21.7
190880754 3.020185 0.024267 0.43166 62.2 1178.9 0.5
190884788 4.675567 4.529565 0.43201 96.0 1173.8 93.3
190880836 2.310001 1.620012 0.43202 47.6 1180.0 33.4
190477276 9.961854 7.162991 0.4323 202.9 1155.2 147.4
190474040 3.542521 7.141231 0.43234 72.48 1170.79 146.97
190473638 1.034266 7.119665 0.43291 21.2 1174.3 146.7
190471503 4.183151 0.522415 0.43327 86.4 1181.3 10.8
190474678 6.332158 4.375683 0.43342 130.3 1174.2 90.4
190474508 5.310005 4.882355 0.43352 109.28 1175.74 100.86
190482248 3.890046 9.504501 0.43354 79.3 1166.2 195.7
190475867 9.063354 1.638375 0.43375 186.7 1170.4 33.9
190477323 9.402151 8.119359 0.43387 191.8 1158.3 167.5
190473295 2.048353 5.726668 0.43412 42.2 1179.9 118.4
190475823 7.384358 2.099591 0.43443 152.5 1176.7 43.5
190471709 4.558917 1.152844 0.43465 94.4 1183.9 23.9
190472146 5.893901 1.297044 0.43485 122.0 1181.8 26.9
190475939 8.312153 1.619532 0.43504 171.8 1175.9 33.6
190471142 1.154326 2.69944 0.43583 23.96 1189.23 56.08
190476543 9.58441 1.27281 0.43585 198.23 1173.92 26.45
190472247 6.180259 1.116116 0.43594 128.2 1183.9 23.2
190474564 6.066842 4.502187 0.43597 125.5 1180.8 93.5
190478817 8.969855 7.189103 0.43609 184.3 1167.6 149.1
190478629 8.199573 7.808025 0.43627 168.41 1168.74 161.92
190474265 3.59447 7.522895 0.43644 74.11 1179.71 156.1
190475724 8.876209 0.528508 0.43654 184.0 1178.2 11.0
190053787 9.589858 6.185259 0.43658 197.53 1169.12 128.5
190049199 7.138108 3.074539 0.43672 148.03 1182.02 63.99
190046067 1.320831 0.36019 0.43675 27.5 1192.7 7.5
190053512 8.583315 5.822354 0.43688 177.19 1173.92 121.06
190054692 9.73479 7.219114 0.43765 200.5 1168.7 150.2
190047595 3.682132 0.704263 0.43794 76.8 1193.4 14.7
190047889 4.081861 1.787019 0.438 85.1 1192.5 37.3
190053563 7.14769 5.638874 0.4383 148.2 1181.8 117.6
190047117 0.764591 3.62038 0.43831 15.94 1194.38 75.58
190058500 6.261667 9.916175 0.43832 128.6 1172.0 206.12
190048319 3.736381 0.861566 0.43839 78.0 1194.4 18.0
190049739 0.264544 6.023714 0.4387 5.5 1191.2 125.7
190047972 4.760494 1.366894 0.43906 99.45 1194.23 28.59
190050168 1.501234 6.913476 0.43943 31.2 1190.5 144.4
190050384 3.485866 6.959835 0.43956 72.42 1188.88 145.4
190051569 5.711071 6.333756 0.43964 118.7 1186.9 132.4
190046166 0.534701 1.594119 0.43984 11.2 1200.1 33.4
190048477 3.56264 1.507787 0.43997 74.6 1198.2 31.6
190046582 2.727993 0.592378 0.44039 57.2 1200.56 12.43
190058985 7.513778 9.930939 0.44064 154.9 1174.4 207.4
190046139 1.176916 1.119517 0.44072 24.7 1202.3 23.5
189624136 3.689089 0.903722 0.44148 77.5 1202.0 19.0
189622544 0.337505 0.304226 0.44176 7.1 1205.3 6.4
189627653 4.31966 7.800046 0.44176 89.95 1190.79 163.58
189627392 6.350212 5.598221 0.44183 132.7 1192.4 117.6
189622734 0.657571 1.549463 0.44192 13.83 1205.21 32.6
189630124 9.920994 4.152116 0.44193 207.19 1184.6 87.3
189638288 9.819755 8.405468 0.44234 203.6 1176.3 176.4
189623590 2.126642 2.67499 0.44245 44.74 1204.88 56.33
189633987 5.308425 9.068996 0.44257 110.3 1187.1 190.3
189633527 5.218692 8.709026 0.44417 108.9 1192.3 183.4
189633585 5.240814 8.956873 0.44423 109.3 1191.6 188.6
189625700 4.660109 3.852785 0.44425 98.2 1204.7 81.4
189627085 2.516174 6.835314 0.44433 52.81 1201.85 144.2
189623098 2.313102 1.021353 0.4444 48.9 1210.6 21.6
189626896 2.928723 5.969243 0.44468 61.61 1204.32 126.09
189628736 5.75977 6.215051 0.44482 121.0 1199.6 131.3
189629681 8.690002 0.536839 0.44494 183.28 1199.13 11.37
189626994 1.117616 6.862485 0.44511 23.5 1204.6 145.0
189625787 5.275271 2.125052 0.44513 111.5 1207.6 45.0
189199363 1.06545 2.887303 0.44651 22.6 1215.2 61.3
189205687 7.840553 5.332412 0.44653 165.3 1200.4 113.1
189202716 2.596872 6.731961 0.44677 54.79 1207.95 142.73
189206508 9.361683 7.446131 0.4468 196.4 1191.3 157.8
189205819 7.849042 3.848155 0.44733 166.09 1204.79 81.81
189202599 2.262617 6.707948 0.44739 47.8 1209.8 142.4
189202711 2.59564 6.341248 0.44777 54.91 1211.31 134.75
189198656 1.733286 1.807567 0.44799 36.9 1219.4 38.5
189205728 7.070707 4.706925 0.4482 149.8 1207.7 100.2
189209162 2.208817 9.880914 0.44859 46.4 1203.0 209.7
189198706 1.760583 0.292396 0.44867 37.55 1221.64 6.24
189199629 0.754365 3.594437 0.44872 16.06 1219.84 76.63
189200042 2.202418 3.273425 0.44874 46.9 1219.5 69.8
189201027 3.666468 2.423995 0.44874 78.1 1218.8 51.7
189205425 9.102878 3.037463 0.44895 193.2 1205.8 64.8
189204165 5.85567 6.717257 0.44947 124.04 1209.42 143.19
189200763 5.463843 0.514662 0.44965 116.6 1219.0 11.0
189199041 1.769589 1.740687 0.44967 37.8 1223.5 37.2
189200416 3.046524 3.889593 0.4497 64.94 1220.18 83.08
189210147 5.139932 9.38959 0.44992 108.3 1204.0 199.9
188773639 0.187118 2.206898 0.4501 4.0 1224.8 47.2
188777964 8.643394 2.818052 0.45042 184.1 1211.1 60.3
188774138 5.626494 0.588341 0.45066 120.3 1221.1 12.6
188775054 1.015236 4.749639 0.45111 21.69 1223.76 101.69
188774210 5.390657 0.743008 0.45169 115.5 1224.04 15.94
188775621 0.825693 6.830785 0.45189 17.6 1221.2 146.3
188774778 6.116995 3.933367 0.45202 130.8 1220.5 84.4
188773843 3.053441 2.747019 0.4523 65.5 1227.9 59.0
188777455 7.397825 0.660226 0.45263 158.6 1221.54 14.19
188777694 8.588743 1.665256 0.45265 183.9 1217.6 35.8
188776356 4.978647 5.807625 0.45283 106.4 1221.4 124.7
188774458 6.76062 1.134081 0.45302 145.1 1224.0 24.4
188788527 9.606844 8.667778 0.45304 203.4 1201.7 185.8
188821356 0.228194 4.022343 0.45312 4.9 1230.02 86.49
188774888 6.179806 3.862416 0.45336 132.5 1223.7 83.1
188779740 9.875018 7.501788 0.45443 210.2 1207.5 161.4
188392150 0.004639 3.392024 0.45481 0.1 1235.0 73.2
188347452 2.760962 7.503322 0.45495 59.1 1225.5 161.6
188347904 8.675036 1.870364 0.45507 186.6 1223.0 40.4
188352460 4.138883 8.035239 0.4553 88.5 1223.0 173.1
188392165 0.147308 3.440275 0.45546 3.18 1236.52 74.34
188347744 3.695133 6.954983 0.4558 79.3 1227.9 150.1
188352496 4.485793 8.694145 0.45614 95.9 1222.4 187.5
188352647 4.751582 9.559228 0.45694 101.48 1220.89 206.31
188352656 4.790254 9.475121 0.4572 102.38 1221.75 204.62
188351298 1.892652 9.071283 0.45729 40.55 1226.97 196.01
188393435 3.855608 5.519098 0.45786 83.3 1236.0 119.7
188356485 9.218276 8.694191 0.45821 197.22 1215.23 188.26
188394149 4.954989 0.528708 0.45845 107.62 1241.31 11.5
188352556 5.031002 8.779409 0.4585 108.0 1226.8 190.2
188349140 7.534043 7.086937 0.45869 162.2 1226.4 153.8
187914862 7.748057 6.892436 0.45956 167.13 1228.36 149.85
187957489 1.523733 1.569051 0.45968 33.2 1248.1 34.2
187962177 9.515863 1.206206 0.45983 206.5 1231.9 26.3
187962675 8.446313 2.917509 0.45991 183.3 1234.4 63.6
187961252 5.742156 4.317653 0.46005 124.7 1240.1 94.1
187963578 8.402597 5.792768 0.46229 182.5 1235.5 126.7
187921170 8.443584 9.522946 0.46233 181.8 1224.7 207.7
187959119 1.181785 6.430196 0.46262 25.74 1247.96 140.68
187513570 0.669506 6.908843 0.46365 14.6 1249.4 151.4
187521440 7.279583 9.529623 0.46371 157.3 1231.4 208.4
187515785 7.334514 6.291244 0.46394 159.8 1241.5 138.0
187516431 8.645107 2.456561 0.46416 189.2 1244.4 54.0
187515428 6.124045 5.126888 0.46423 133.88 1247.83 112.6
187515522 6.88149 3.907004 0.46451 150.7 1248.7 85.9
187514556 4.912425 3.188825 0.46504 107.9 1255.4 70.2
187521686 4.308224 9.90479 0.4651 93.4 1239.8 217.1
187517219 9.740748 2.096759 0.46535 213.5 1243.7 46.2
187520929 4.178778 9.076355 0.46614 91.0 1245.5 199.5
187514140 3.981547 2.941478 0.46617 87.7 1260.0 64.9
187513852 1.953235 6.9018 0.46624 42.8 1255.0 152.0
187518785 9.52295 6.001459 0.46644 208.2 1241.1 132.3
187522257 7.669141 9.857268 0.46716 166.6 1237.23 216.92
187057264 3.261101 2.9277 0.46944 72.3 1268.9 65.0
187058537 4.501196 1.622528 0.46959 99.86 1268.54 36.04
187063355 9.755305 5.445915 0.46963 214.74 1249.01 120.82
187062591 7.720767 5.684569 0.47214 171.0 1261.3 126.7
186603268 9.101168 8.458532 0.47312 200.5 1251.6 188.5
186587960 1.784185 0.236957 0.47314 39.9 1280.9 5.3
186592253 7.756303 1.855362 0.47325 172.9 1269.4 41.5
186604702 9.074013 9.913375 0.47476 199.7 1250.4 221.3
186595464 9.099455 6.566706 0.4752 202.12 1261.97 147.12
186589870 1.802482 6.249207 0.4762 40.3 1280.6 140.3
186591752 5.180362 6.876018 0.47632 115.57 1274.7 154.34
186590355 4.49942 2.619269 0.47634 101.03 1283.93 58.92
186591480 5.327132 4.06518 0.47637 119.4 1280.5 91.4
186595045 8.707285 7.378103 0.47658 193.64 1264.4 165.63
186595272 8.805672 7.137133 0.47707 196.1 1265.9 160.4
186117913 2.147921 7.745801 0.47769 48.0 1279.8 174.2
186108149 0.223085 3.941031 0.47774 5.02 1289.53 88.84
186109771 5.32675 0.358734 0.4782 120.1 1288.1 8.1
186107959 3.044449 1.014233 0.47821 68.7 1291.7 22.9
186122152 8.25817 9.019033 0.47906 183.81 1266.48 203.13
186112046 8.399244 1.217695 0.47918 189.27 1281.87 27.54
186115546 8.911045 6.961468 0.47923 199.3 1271.1 157.1
186123576 9.25753 9.949527 0.48006 205.7 1262.0 224.3
186109226 1.239119 3.015786 0.4803 28.05 1296.63 68.33
186108320 0.72584 5.229926 0.48083 16.4 1294.5 118.5
185634666 6.804162 6.335467 0.48238 153.52 1286.66 143.87
185641128 3.494504 8.108982 0.48327 78.8 1290.4 184.2
185641582 2.069656 9.248032 0.48388 46.6 1289.5 210.1
185634029 4.85289 3.710177 0.48455 110.5 1301.5 84.7
185635513 8.858352 1.532184 0.48457 201.5 1292.9 35.0
185633621 6.197615 1.319679 0.48479 141.33 1301.51 30.16
185646312 8.763455 9.28577 0.48509 197.01 1277.97 211.42
185646059 8.662513 8.608372 0.48561 195.3 1281.9 196.3
185638290 8.497728 5.293542 0.48616 193.16 1292.84 121.12
185148080 1.11649 2.713771 0.48706 25.59 1313.22 62.26
185149002 2.695001 1.830256 0.4871 61.8 1312.9 42.0
185148576 2.334028 1.472704 0.48877 53.7 1317.5 33.9
185150837 3.649457 0.217082 0.48905 84.0 1317.0 5.0
185149550 1.493126 4.004861 0.48909 34.31 1316.11 92.17
185156470 9.527224 0.485871 0.4895 218.6 1302.5 11.2
185149959 0.275101 6.63805 0.48958 6.3 1312.1 152.7
185151629 4.944927 2.775355 0.48992 113.8 1315.3 64.0
185148280 1.385137 2.969781 0.4911 31.98 1322.42 68.63
185148826 2.703686 1.184687 0.49138 62.5 1323.5 27.4
184665652 0.282908 7.345524 0.49224 6.5 1316.4 169.7
184671050 6.113103 9.957908 0.493 139.41 1301.65 229.84
184657647 2.531647 5.057125 0.49319 58.5 1323.1 117.2
184675460 9.269081 9.74962 0.49355 211.2 1294.1 225.3
184670451 7.515694 7.955285 0.49406 172.5 1307.5 184.3
184666228 3.654802 7.461708 0.49428 84.2 1318.2 173.0
184657017 3.526674 3.134016 0.4948 81.9 1328.9 72.9
184657725 0.30623 5.401173 0.49519 7.1 1328.4 125.6
184657907 0.881936 6.683213 0.49523 20.4 1325.2 155.3
184657331 0.736287 4.622828 0.49549 17.1 1330.6 107.6
184674385 8.38857 7.854318 0.49567 193.0 1308.8 182.5
184660498 5.891816 5.327829 0.4961 136.6 1323.7 124.1
184674373 8.388926 7.80415 0.49616 193.2 1310.1 181.5
184150413 4.540695 4.056657 0.49641 105.6 1329.7 94.6
184159858 6.361771 9.867274 0.49725 146.2 1311.3 229.5
184149688 6.1535 3.594684 0.49814 143.5 1331.0 84.1
184154837 7.950702 6.961908 0.49854 184.3 1319.6 162.7
184159170 4.873813 8.73472 0.49923 112.86 1323.54 204.09
184149515 4.185954 3.499328 0.49971 98.0 1339.0 82.1
184150097 4.446533 4.437449 0.49987 104.0 1337.4 104.1
184149979 6.301609 3.790814 0.5008 147.6 1336.6 89.1
184159348 5.429353 7.67389 0.50092 126.4 1329.9 180.0
184159397 5.694784 8.192704 0.50096 132.4 1327.7 192.1
183620361 3.314958 2.386739 0.50136 77.94 1345.58 56.18
183620465 3.057403 2.646608 0.50235 72.0 1348.0 62.4
183622163 5.743061 1.245653 0.50279 135.3 1345.3 29.4
183624853 9.560717 1.383118 0.50517 225.5 1338.79 32.78
183625544 8.262466 1.230884 0.50571 195.3 1344.9 29.2
183085215 1.904661 1.45741 0.50617 45.2 1359.2 34.6
183089208 9.422851 0.97291 0.50619 222.7 1341.9 23.1
183094061 2.897931 8.928084 0.50664 68.0 1343.3 211.3
183087896 5.035658 3.830454 0.50692 119.3 1353.9 91.0
183085145 1.926102 0.231256 0.50713 45.8 1361.9 5.5
183091388 9.549639 6.043296 0.50889 225.5 1340.4 143.9
183090039 9.898343 2.930793 0.50901 234.7 1345.0 69.9
183094393 1.697687 9.928586 0.50991 39.96 1348.14 236.08
182539591 3.185507 0.358103 0.51167 76.32 1371.24 8.58
182542445 5.331714 5.254784 0.51175 127.1 1361.9 125.8
182554347 8.671572 9.258512 0.512 204.49 1340.79 221.09
182539572 2.556745 1.409003 0.51217 61.3 1372.8 33.8
182547152 8.471938 5.852721 0.5123 201.5 1352.8 140.2
182547168 8.281851 6.29945 0.51246 196.9 1352.7 150.9
182554194 9.211362 6.948331 0.51291 218.7 1348.6 166.5
182539162 1.479445 1.397134 0.51338 35.55 1376.56 33.58
182543613 6.369733 6.188942 0.51477 152.29 1364.19 148.85
182551523 4.932897 9.864459 0.51492 117.0 1355.6 236.6
181998782 0.791074 8.135783 0.51568 18.9 1368.8 195.7
181998859 2.060922 7.693796 0.51589 49.3 1370.0 185.2
181989281 1.278934 4.772082 0.51648 30.8 1379.6 115.2
181990560 5.682164 2.801067 0.51674 137.0 1376.9 67.7
181994164 7.508939 3.909611 0.51701 180.7 1370.9 94.5
182000274 5.119172 8.06157 0.51819 122.69 1369.55 194.76
181990592 5.774602 2.999258 0.51929 139.8 1382.4 72.8
181998380 4.805883 1.115297 0.51931 116.55 1386.24 27.08
181997952 0.879499 5.134994 0.5201 21.3 1387.5 124.7
181435528 0.554617 1.893195 0.52103 13.5 1394.6 46.1
181443206 8.664642 7.605514 0.52139 208.5 1368.2 184.8
181438013 4.513881 0.209253 0.52146 109.9 1392.1 5.1
181435939 2.207802 0.861503 0.52157 53.8 1395.5 21.0
181440947 7.225406 3.712966 0.52191 175.4 1383.5 90.5
181449635 3.84366 9.844752 0.52255 92.4 1375.3 239.2
181438398 3.904525 2.340672 0.52278 95.22 1395.14 57.16
181440524 7.867001 0.789087 0.52358 191.8 1388.1 19.3
181435354 1.586462 0.788465 0.5241 38.83 1401.98 19.3
180870062 3.426003 2.815789 0.5258 83.96 1402.42 69.1
180871787 3.948408 1.786809 0.52636 96.9 1403.9 43.9
180884715 7.37343 8.519378 0.52671 178.8 1381.7 208.7
180872483 5.348117 2.167596 0.52803 131.5 1404.7 53.4
180872650 6.672884 2.5123 0.52914 164.2 1403.5 62.0
180876096 9.524609 5.38782 0.52919 233.03 1388.89 132.82
180870403 1.111691 3.359407 0.52925 27.4 1412.0 82.9
180870479 1.005593 3.947457 0.52943 24.78 1411.54 97.42
180879924 0.542859 7.343117 0.52954 13.3 1403.7 180.9
180871370 2.954974 6.498567 0.52958 72.5 1404.5 160.2
180884487 6.643504 6.910507 0.52975 162.61 1396.14 170.36
180870957 0.243707 5.084129 0.52989 6.0 1410.6 125.5
180873921 6.19735 5.791569 0.53006 152.15 1401.13 142.95
180880233 2.205574 7.184496 0.53018 54.1 1404.7 177.2
180303995 5.541083 9.606113 0.53111 135.1 1392.6 236.8
180292562 1.977994 2.35162 0.53188 49.0 1418.8 58.3
180296392 7.033494 0.943425 0.53203 174.0 1410.3 23.4
180294725 4.399943 1.576379 0.53209 109.0 1416.6 39.1
180295590 4.951191 4.145929 0.53234 122.4 1412.9 102.8
180292420 2.240218 0.865985 0.53261 55.6 1421.3 21.5
180293032 0.48959 4.478181 0.53273 12.12 1418.44 111.09
180296640 9.369008 1.34028 0.53309 231.7 1404.3 33.3
180303251 4.956219 7.1226 0.53335 122.1 1408.0 176.6
180293539 0.117029 4.891185 0.53366 2.9 1419.8 121.5
180298269 8.365652 3.587973 0.5345 207.2 1409.0 89.3
180299280 9.432004 5.774117 0.53482 232.78 1401.25 143.64
179718620 7.301171 8.888348 0.53584 179.56 1401.46 220.96
179718250 6.612008 6.98222 0.53604 163.5 1410.5 173.9
179703465 0.733221 2.560347 0.53614 18.29 1429.22 63.91
179714112 4.954723 6.689212 0.53745 122.99 1418.75 167.02
179707361 4.412263 2.080875 0.53803 110.34 1429.99 52.11
179704082 3.342815 0.103656 0.53888 83.8 1434.7 2.6
179709149 7.56723 1.85454 0.53978 189.43 1425.96 46.58
179703290 0.266694 0.334357 0.53986 6.7 1439.4 8.4
179705288 0.039938 4.737859 0.5399 1.0 1434.6 118.9
179711107 8.838048 3.954479 0.54005 220.7 1419.4 99.3
179116785 4.499783 2.836518 0.54045 112.9 1434.6 71.3
179121779 9.022253 4.022514 0.54186 225.9 1422.7 101.3
179115160 2.276773 4.866913 0.54228 57.2 1438.7 122.6
179123615 2.382616 7.906513 0.54329 59.6 1432.4 199.1
179120090 6.695263 2.33889 0.54362 168.7 1437.1 59.1
178512225 5.492325 2.168859 0.54584 139.0 1445.6 55.0
178512638 6.645544 2.329897 0.54603 168.1 1442.8 59.1
178517480 0.832959 6.942602 0.54666 21.0 1444.4 175.9
178509475 0.30041 5.485396 0.54708 7.6 1449.5 139.2
178512675 6.407189 2.881299 0.5471 162.3 1445.3 73.2
178522682 8.595281 7.093012 0.54776 216.2 1430.35 180.0
178512786 4.385723 3.342318 0.54784 111.3 1451.2 85.0
178514487 6.651952 2.761972 0.54825 168.8 1447.4 70.3
178516696 9.560219 5.324263 0.54837 241.3 1432.7 135.4
178522374 6.601315 8.073586 0.54919 166.3 1437.0 205.2
178518237 3.127243 8.710384 0.54929 78.8 1442.3 221.3
178511225 2.327274 4.132946 0.54987 59.24 1457.64 105.41
