186597647 13.381046 6.067704 0.473290 295.000000 1240.099976 135.500000
192031601 14.030085 8.425280 0.415450 273.500000 1094.500000 167.100006
185174417 5.716062 19.083448 0.490760 124.599998 1244.800049 432.799988
199417908 17.720064 15.106827 0.306980 253.800003 794.299988 225.100006
183227236 17.082731 2.458492 0.507170 399.950012 1301.449951 58.459999
202594770 2.943436 14.307628 0.231870 33.000000 641.799988 163.899994
197892989 16.203215 7.038540 0.333190 258.100006 888.200012 114.199997
195085466 17.216370 0.010962 0.377490 309.399994 998.500000 0.200000
195290566 9.754574 18.379183 0.376730 167.770004 975.880005 328.989990
188888391 18.576748 0.396683 0.454300 393.730011 1171.510010 8.560000
188356985 8.499790 10.770349 0.455260 179.800003 1203.099976 231.399994
179835640 18.123993 0.242844 0.539770 447.700012 1367.800049 6.100000
179248208 13.029258 2.065076 0.545010 327.000000 1413.099976 52.299999
201470734 2.474551 17.154295 0.262770 30.799999 712.700012 220.199997
187134272 17.915247 2.724634 0.469510 391.079987 1209.709961 60.500000
182003865 12.551301 7.297424 0.519860 300.200012 1348.400024 176.899994
202878049 17.129183 3.951649 0.222780 187.600006 608.700012 44.000000
179135293 5.186003 17.220213 0.543450 125.000000 1377.209961 428.600006
185148692 2.475677 1.017770 0.488230 56.910000 1316.290039 23.410000
192125311 19.103876 5.531618 0.418650 374.100006 1080.099976 110.699997
192410563 2.664861 18.374699 0.411610 49.900002 1072.099976 356.500000
194996051 9.554133 11.305338 0.377720 170.229996 1011.400024 205.039993
189640854 11.851574 15.651652 0.442240 238.600006 1137.000000 325.500000
196681669 9.031587 17.148106 0.355220 148.300003 933.000000 291.500000
184164546 8.657496 13.915095 0.498610 196.149994 1288.229980 322.839996
200363923 9.608854 10.857870 0.289260 133.940002 791.179993 153.910004
189324523 16.352579 14.480875 0.447650 332.500000 1133.199951 305.000000
189216178 8.709127 14.707813 0.445760 177.960007 1161.760010 308.510010
190603328 17.807442 18.246307 0.432530 343.500000 1069.400024 370.299988
191290618 11.156405 13.540372 0.426120 219.500000 1113.000000 273.200012
191759186 17.712831 3.304636 0.420750 350.399994 1097.099976 66.500000
203158816 2.725337 5.283569 0.211700 28.790001 604.890015 56.000000
188885873 17.203432 0.724903 0.452530 364.239990 1176.420044 15.580000
197896787 9.448712 16.224142 0.335140 147.699997 887.500000 261.799988
203329459 13.146550 1.481121 0.204730 133.919998 573.369995 15.220000
189205186 8.483778 2.914294 0.445700 179.009995 1200.119995 61.770000
199215814 15.961324 15.137338 0.311170 232.179993 811.789978 228.410004
197157411 1.764226 17.315817 0.345150 28.299999 918.750000 286.570007
187961956 7.416887 7.205698 0.460780 160.300003 1231.400024 157.000000
180892625 7.802010 15.134969 0.529300 185.399994 1353.099976 369.399994
191659890 9.297863 6.393582 0.422700 186.000000 1136.099976 129.000000
201335597 13.688674 17.643761 0.266200 170.440002 699.760010 229.070007
189641224 14.338115 13.096906 0.441710 290.700012 1137.300049 273.100006
201319853 0.964256 1.528815 0.268120 12.800000 760.500000 20.299999
186553564 12.273009 14.946091 0.474560 263.899994 1213.099976 331.399994
196940869 12.436130 9.531114 0.348850 206.500000 936.400024 161.000000
185759390 15.740075 6.937032 0.484580 352.500000 1250.699951 158.100006
181433018 12.484730 2.981922 0.523420 302.470001 1366.069946 72.879997
186118336 3.437539 8.167999 0.481120 77.199997 1285.199951 184.800003
190893032 5.242362 9.515725 0.429050 105.800003 1153.099976 194.100006
192742664 9.561610 10.022932 0.406230 182.800003 1085.199951 194.500000
201320158 5.746429 1.306419 0.269020 76.410004 759.270020 17.400000
183761982 16.046682 5.203945 0.503040 372.450012 1294.910034 122.720001
203070508 18.034286 8.252473 0.216550 190.399994 584.799988 89.199997
201320051 3.627578 0.896795 0.267910 48.099998 758.700012 11.900000
181567013 13.499775 1.805837 0.523970 327.200012 1362.910034 44.189999
203345635 15.735481 18.655113 0.204950 151.500000 537.700012 188.600006
192032620 14.136475 16.872795 0.417090 267.500000 1062.099976 332.200012
190495855 4.138542 17.863295 0.435100 81.669998 1128.719971 364.720001
185630983 1.620395 7.007753 0.482510 36.599998 1293.800049 159.100006
193516282 16.899281 6.364326 0.400890 319.000000 1050.000000 122.400002
196989851 18.863913 4.649024 0.349770 314.100006 919.299988 79.000000
197926633 3.694159 1.722228 0.333070 60.000000 929.299988 28.000000
197663174 8.117349 19.299845 0.337260 125.599998 880.599976 311.500000
203922780 7.888349 12.862440 0.178240 69.000000 498.000000 114.800003
202682902 19.988543 19.975601 0.228610 210.229996 577.950012 223.539993
191759232 18.515135 3.964264 0.422350 366.709991 1095.020020 80.029999
201616087 18.286509 19.208771 0.259100 218.300003 660.599976 242.399994
200542658 12.308167 0.310181 0.284910 171.720001 787.030029 4.360000
183087466 5.142997 3.510753 0.506370 121.760002 1352.859985 83.330002
190603131 16.867313 19.873455 0.435210 324.519989 1070.319946 404.279999
190050083 0.159692 7.367859 0.437080 3.300000 1184.000000 153.100006
190476293 9.351470 0.857246 0.435400 193.300003 1173.800049 17.799999
199209156 18.263393 10.403496 0.313400 271.399994 822.400024 159.000000
196765652 19.161612 9.510497 0.355870 320.589996 922.599976 163.630005
186603064 8.574454 7.671366 0.473530 189.500000 1256.800049 171.199997
185641016 1.991130 7.803465 0.482640 44.900002 1291.500000 177.100006
193172917 17.146183 5.899864 0.403610 325.799988 1056.000000 114.199997
179266378 15.373768 16.371614 0.541650 367.200012 1335.500000 406.899994
195563328 8.738973 2.701315 0.371910 156.500000 1018.099976 48.599998
199010852 18.082933 11.943564 0.316690 270.000000 826.900024 184.000000
200707901 0.245099 4.911520 0.281960 3.400000 794.799988 68.300003
186125071 13.054424 9.770757 0.479550 288.700012 1245.099976 220.100006
198364362 4.923115 19.437996 0.326410 74.000000 859.099976 304.299988
189747812 15.729878 14.103574 0.441580 316.799988 1124.800049 293.600006
186607615 12.339365 11.443694 0.474680 269.200012 1230.599976 255.000000
186118113 2.745017 7.891140 0.478460 61.400002 1280.599976 177.699997
203248052 5.926638 15.209393 0.207330 59.400002 572.200012 156.399994
182678454 17.286629 1.958593 0.512430 408.399994 1312.300049 47.000000
179113825 2.907813 2.400878 0.541920 73.199997 1441.099976 60.500000
193185675 18.973450 15.992375 0.403470 347.130005 1009.659973 305.989990
189630629 9.767571 7.196980 0.441090 202.600006 1176.900024 150.800003
186591810 6.105660 4.048537 0.474440 136.300003 1274.199951 90.699997
180310465 8.415604 10.929568 0.534540 205.059998 1386.079956 270.570007
180872822 5.347859 4.445205 0.528990 131.399994 1403.699951 109.599998
180887113 3.183081 14.520680 0.528900 76.000000 1366.599976 354.500000
179724612 3.126353 19.551210 0.539210 73.900002 1353.000000 481.200012
202567962 19.268272 12.333752 0.231060 213.100006 609.599976 141.199997
200703489 18.739017 1.366148 0.280080 254.600006 750.500000 18.900000
193073877 10.883190 3.065056 0.404320 209.800003 1091.199951 59.500000
197665467 16.003269 11.455288 0.337870 255.089996 889.409973 187.500000
200358545 1.082109 0.670139 0.290680 15.500000 820.599976 9.600000
197194156 2.886670 9.112624 0.346900 48.099998 953.900024 153.199997
185174853 8.304771 16.657665 0.486960 181.919998 1246.319946 376.859985
187148406 18.319948 15.404091 0.472510 387.890015 1171.500000 340.010010
183240469 19.296515 12.261913 0.509710 442.000000 1262.400024 290.700012
203786632 4.983302 9.236225 0.186150 46.099998 528.700012 86.300003
203246373 5.146944 4.444480 0.209690 53.900002 598.400024 46.700001
197191505 3.475593 2.409221 0.346320 58.500000 963.200012 40.599998
187487313 11.722732 18.666492 0.467200 243.919998 1175.500000 405.579987
186237180 17.413668 3.530177 0.479830 387.600006 1235.800049 79.900002
187058595 5.281685 0.512533 0.471470 117.589996 1272.040039 11.430000
193084046 0.163596 11.460008 0.402330 3.100000 1085.699951 220.100006
189210658 5.244940 11.311894 0.445670 108.900002 1186.300049 238.300003
199802386 1.950005 8.648485 0.298430 28.299999 831.200012 126.500000
198367037 17.471201 16.663242 0.327220 263.600006 837.500000 262.799988
193750122 0.231949 18.659048 0.395830 4.190000 1034.160034 349.220001
202017655 5.649615 13.536579 0.249020 67.919998 686.559998 166.100006
183225219 13.157436 3.786472 0.506560 309.200012 1322.699951 89.900002
200548702 17.091122 15.795534 0.283830 227.000000 738.270020 218.500000
189210819 6.750211 10.647280 0.449070 141.300003 1193.800049 226.000000
193414243 8.782961 0.843053 0.399620 168.100006 1088.000000 16.200001
193409037 12.384000 7.114942 0.400350 234.699997 1068.900024 136.600006
194700808 16.536180 15.310793 0.383600 291.200012 980.799988 280.100006
183243563 18.086414 15.872824 0.506830 406.700012 1245.300049 372.500000
191669085 8.530514 12.080002 0.419550 166.899994 1112.699951 240.800003
187961394 4.106851 6.729047 0.459120 88.739998 1235.859985 146.190002
180426507 18.770342 3.537728 0.532090 456.480011 1343.180054 87.699997
178656097 19.972956 8.467894 0.549920 494.200012 1359.800049 215.399994
196669443 5.218349 3.323255 0.355600 89.860001 983.880005 57.369999
187520967 4.572235 9.248383 0.465950 99.470001 1243.780029 203.169998
187476420 11.772043 8.402545 0.463600 254.000000 1218.800049 183.899994
201320412 5.313664 3.687061 0.265620 69.699997 749.400024 48.500000
186201908 18.401630 13.570815 0.480370 398.589996 1198.089966 304.790009
197927704 5.355442 4.421932 0.333910 86.900002 927.000000 72.000000
199997102 8.441790 10.933886 0.296700 120.599998 812.599976 158.699997
200553083 0.167127 13.314155 0.286700 2.300000 788.500000 186.600006
196640380 15.876439 19.924568 0.353140 252.899994 889.200012 335.100006
192736946 11.825461 15.100275 0.408040 222.000000 1060.300049 292.299988
196127959 7.474973 1.776304 0.363480 131.300003 1000.700012 31.299999
192831482 19.199966 8.332090 0.409650 366.410004 1052.189941 163.179993
202265193 6.720502 6.494579 0.243560 80.800003 685.700012 78.599998
178660128 14.935367 14.937798 0.548050 363.179993 1361.550049 375.940002
182145730 17.104000 17.292341 0.517610 389.600006 1266.099976 412.399994
195577814 13.924224 12.599704 0.371290 241.800003 975.299988 224.600006
193845234 19.484402 3.930942 0.395220 362.720001 1025.170044 74.720001
200704520 14.769957 7.798666 0.283070 202.240005 767.059998 108.650002
188774660 6.011199 1.917107 0.452500 128.899994 1224.099976 41.200001
179117200 6.470144 1.373943 0.545000 163.500000 1441.699951 34.799999
184674142 7.894005 7.316022 0.492830 181.000000 1305.400024 169.199997
193082746 14.061804 14.271625 0.405750 262.859985 1049.459961 275.200012
197442856 3.232122 2.520253 0.342170 53.799999 952.700012 42.000000
190070776 5.670002 18.066023 0.438220 112.400002 1132.099976 371.100006
200541981 6.270523 11.948184 0.285690 86.300003 785.400024 167.199997
187477011 12.023159 11.441930 0.464320 257.299988 1208.099976 250.000000
195083699 18.522909 6.418249 0.378030 330.429993 986.250000 117.000000
182678340 16.302761 1.790647 0.514170 387.000000 1323.199951 43.099998
180895678 11.457218 18.911201 0.527790 265.200012 1308.500000 457.399994
179708392 6.288412 5.941815 0.539000 156.600006 1421.099976 148.800003
182677898 14.867813 2.405814 0.515160 354.200012 1334.199951 58.000000
180427579 13.751858 5.319949 0.530790 335.700012 1371.699951 131.500000
194697108 6.455086 17.631529 0.382290 113.300003 1001.400024 320.299988
195850316 13.491764 3.939382 0.364790 235.800003 982.799988 69.599998
198353907 7.135944 6.845611 0.327410 113.099998 903.400024 109.300003
191668001 10.033589 9.543823 0.419560 197.699997 1117.380005 190.779999
203489323 2.536128 4.310876 0.199060 25.299999 571.200012 43.099998
191666331 2.150469 13.591817 0.423380 42.310001 1126.829956 272.630005
201752414 7.983017 18.101824 0.256690 96.400002 687.400024 226.899994
200539089 9.457153 1.255621 0.285650 132.649994 796.330017 17.690001
197693765 8.485840 8.137635 0.338060 137.979996 924.809998 133.699997
180312218 1.973609 16.479246 0.532140 46.939999 1362.260010 403.220001
186201735 16.828407 14.258371 0.479830 364.100006 1203.800049 319.600006
179711832 10.942390 4.432144 0.539110 272.089996 1407.339966 111.099998
192410302 0.442409 18.458420 0.412540 8.300000 1074.900024 358.799988
185637197 12.730000 1.661938 0.485100 288.600006 1277.500000 38.000000
185157577 8.757671 5.419856 0.488320 199.770004 1296.770020 124.489998
178660985 17.772675 16.714802 0.547360 425.899994 1328.699951 419.000000
186202610 18.675291 15.018768 0.480340 401.690002 1188.430054 336.579987
187147145 15.423556 14.919324 0.469210 326.899994 1184.900024 327.500000
181568424 18.130428 1.376584 0.522390 435.100006 1328.800049 33.599998
184677030 7.710979 14.164054 0.495860 173.800003 1283.599976 326.899994
198129898 9.080902 12.460476 0.330300 142.479996 891.400024 199.470001
185631636 2.725688 1.423167 0.486080 62.400002 1310.699951 32.599998
194698203 16.866631 13.233563 0.382330 298.700012 985.200012 242.100006
193516497 17.435249 8.930234 0.398810 325.299988 1035.800049 170.600006
193416001 3.862164 11.480060 0.399150 72.599998 1075.400024 218.899994
185645999 9.063017 8.173033 0.484310 204.000000 1278.900024 186.000000
194983276 5.309696 6.720641 0.378050 96.199997 1035.099976 122.500000
201892359 8.954099 16.874155 0.253770 107.599998 682.900024 209.699997
188788198 9.550136 10.831003 0.453540 201.100006 1195.300049 231.899994
178513783 6.213384 6.306968 0.547860 156.850006 1440.660034 160.169998
198790452 18.037531 3.288146 0.320730 278.100006 854.000000 51.599998
200003824 18.506641 14.144188 0.295680 256.700012 766.900024 203.800003
184282715 15.669283 0.369372 0.499370 363.059998 1294.300049 8.670000
184147214 2.621445 2.192900 0.499530 61.459999 1342.260010 51.450001
183643697 2.363051 16.086979 0.504090 53.700001 1301.300049 375.600006
194992499 6.313044 16.864155 0.378230 110.199997 996.099976 303.799988
183639508 2.148861 17.875095 0.504430 48.400002 1289.900024 416.299988
198997097 5.896570 7.255402 0.317030 90.699997 878.200012 112.400002
179714737 4.761955 9.865162 0.536550 117.099998 1405.699951 245.300003
184793436 18.804209 1.613738 0.495540 430.200012 1263.400024 37.599998
198579243 12.013968 9.822820 0.324750 186.660004 877.109985 155.259995
192026594 6.903864 7.893757 0.418780 136.770004 1129.599976 157.759995
180450740 13.259461 18.296103 0.534540 310.760010 1318.790039 447.989990
187960396 7.598108 1.564607 0.459920 165.160004 1238.160034 34.119999
191284018 5.501447 11.457831 0.425510 109.500000 1136.900024 231.500000
197246379 19.058720 1.535109 0.348150 316.799988 917.000000 26.000000
185758768 15.583280 4.325524 0.484970 350.899994 1258.199951 98.800003
197195329 8.141907 6.388701 0.346770 136.100006 951.299988 107.599998
201325612 18.712431 6.290890 0.268550 243.000000 717.400024 83.500000
179854351 19.819355 10.519267 0.537990 478.399994 1327.400024 262.000000
181459618 10.686822 14.549938 0.522080 250.910004 1329.599976 351.179993
187924064 8.757270 12.702810 0.460160 185.679993 1205.339966 274.899994
182138925 17.348024 13.502267 0.520320 404.100006 1293.589966 325.420013
192743051 11.086819 9.706051 0.408760 213.020004 1087.089966 189.470001
192036060 0.436729 16.421736 0.418850 8.400000 1102.000000 324.799988
184796363 18.671682 6.639529 0.492260 422.100006 1249.069946 153.470001
202029696 17.523876 16.152889 0.248460 204.800003 648.599976 197.000000
183244450 16.704346 14.874725 0.509910 380.380005 1267.530029 351.500000
190891552 1.428526 11.461514 0.429200 28.700001 1150.699951 233.380005
187964375 0.223556 11.043594 0.461500 4.800000 1230.199951 240.100006
185636369 12.171206 0.183890 0.484420 275.899994 1279.199951 4.200000
184675036 7.520328 9.106025 0.496050 172.699997 1308.199951 211.500000
185757010 16.903637 2.391057 0.484470 380.200012 1251.099976 54.599998
200194849 7.290516 14.046454 0.293300 101.900002 796.500000 200.899994
195573333 0.104805 17.124743 0.370370 1.800000 981.729980 302.480011
187588984 18.326494 2.483318 0.467400 398.230011 1202.270020 54.930000
183624788 10.082259 0.577841 0.505340 237.800003 1337.400024 13.700000
185640631 8.431490 0.746462 0.486500 192.589996 1299.290039 17.110001
190893632 4.962214 10.721437 0.431600 100.320000 1155.439941 219.589996
193410288 1.022845 2.635589 0.401110 19.700001 1103.400024 50.799999
198584034 0.167101 18.739126 0.322870 2.500000 857.200012 290.799988
192396891 2.569984 16.857485 0.413190 48.700001 1085.000000 329.100006
191002691 18.406183 16.232601 0.431800 358.000000 1075.800049 330.100006
181994851 8.850759 6.755822 0.517930 212.100006 1362.099976 163.300003
202268679 16.545198 7.465585 0.243020 195.800003 659.099976 90.099998
203786864 7.658819 8.791448 0.184020 70.040001 520.840027 81.279999
194989776 15.700894 5.894179 0.380000 283.100006 1007.099976 108.000000
183189917 18.761051 19.034243 0.509590 416.070007 1224.930054 446.309998
183769377 16.101807 13.904125 0.502340 363.799988 1260.260010 324.720001
185153164 11.019413 3.276259 0.489630 252.100006 1294.599976 75.500000
193741702 12.273594 8.027971 0.394010 228.800003 1051.699951 151.800003
180439121 16.250673 11.871895 0.533750 390.299988 1339.000000 293.200012
197410692 9.446092 13.544619 0.342170 152.399994 916.000000 223.699997
202268165 19.074944 2.928867 0.243220 226.500000 655.030029 35.459999
203858738 12.923827 18.612804 0.183590 112.459999 490.079987 169.339996
202374676 8.623218 1.347313 0.238230 102.000000 672.599976 16.000000
184753679 17.711576 14.127246 0.492180 391.549988 1226.020020 323.929993
201477382 19.755152 16.159229 0.261990 241.699997 673.000000 207.199997
179138461 12.739157 15.909626 0.541780 306.200012 1354.400024 395.799988
193749441 5.704914 12.605386 0.397160 106.209999 1063.170044 238.929993
179841019 18.794264 1.590338 0.539110 463.000000 1360.500000 39.900002
192739067 2.240770 9.992423 0.409170 43.310001 1106.939941 195.179993
202018505 1.369554 9.862356 0.250430 16.799999 702.700012 122.199997
196678468 2.766052 14.070032 0.352890 46.000000 952.099976 238.899994
196939582 15.524423 0.105075 0.352430 262.700012 945.700012 1.800000
184155439 12.350365 4.872160 0.497030 285.299988 1303.000000 113.699997
199808005 14.434189 10.951714 0.298540 205.949997 800.130005 159.880005
200871425 4.541793 2.792602 0.279130 62.500000 786.799988 38.500000
192127504 19.183313 1.427574 0.418480 377.100006 1083.900024 28.600000
178663633 18.095909 19.241661 0.546440 426.600006 1305.500000 479.399994
198366165 18.978205 12.719338 0.325840 289.600006 842.099976 201.000000
199200573 5.334548 0.497876 0.312810 81.709999 875.119995 7.640000
197893178 18.429132 7.360898 0.336360 294.769989 884.599976 120.449997
192745485 8.258240 18.602358 0.410270 153.500000 1057.599976 359.700012
196373034 16.002645 18.473763 0.359690 261.500000 911.799988 316.899994
188037396 15.344986 9.977302 0.461150 326.459991 1189.650024 217.020004
191656704 4.707438 7.390181 0.422240 94.190002 1143.810059 148.860001
186558837 9.022737 16.468552 0.476360 193.899994 1221.099976 365.500000
179860018 14.167175 19.343328 0.540010 332.500000 1317.199951 476.899994
188786983 6.968736 14.976562 0.451290 144.000000 1178.099976 317.500000
196407624 11.499617 7.343447 0.357110 196.440002 965.559998 126.980003
199803516 5.446843 8.486764 0.299320 79.199997 830.599976 124.500000
198999537 18.391781 4.908743 0.314990 278.100006 836.400024 75.699997
202971868 3.246413 12.540117 0.218180 34.599998 610.000000 135.899994
194383975 8.061217 5.294632 0.388560 149.860001 1058.130005 99.040001
183228244 14.065995 6.590712 0.507490 329.200012 1313.900024 156.500000
194080111 3.188873 19.087112 0.390670 56.700001 1017.700012 352.700012
189214441 9.099135 10.257302 0.447890 189.899994 1185.699951 217.300003
188466313 17.868128 12.202944 0.456400 372.179993 1154.489990 262.320007
187056733 0.403674 2.868151 0.472100 9.000000 1277.400024 64.000000
190885599 5.386362 6.600446 0.429550 109.599998 1162.400024 135.100006
193743943 1.817012 3.314190 0.394030 34.410000 1084.650024 62.840000
194684334 1.625863 5.813800 0.383010 29.900000 1053.400024 107.300003
198351038 0.447372 3.239253 0.327530 7.150000 915.809998 51.830002
192492947 19.736343 12.534567 0.412820 373.799988 1041.900024 246.100006
185278038 15.874648 0.030297 0.490760 362.100006 1273.300049 0.700000
193412873 5.506604 5.682863 0.400730 105.400002 1093.300049 109.300003
184795327 15.235765 6.722922 0.494800 348.000000 1277.699951 156.100006
202482448 2.640431 1.850054 0.235560 31.000000 672.190002 21.740000
189312121 15.900439 3.565869 0.447150 333.190002 1169.630005 75.790001
195562821 7.256826 2.057367 0.369500 129.399994 1016.200012 36.799999
198134307 8.181972 18.834753 0.330230 124.500000 865.900024 298.399994
192388807 7.563035 5.675348 0.411860 148.199997 1116.199951 111.900002
203411737 0.978296 5.433891 0.200210 9.800000 573.900024 54.599998
188787738 8.492011 10.202566 0.453090 179.199997 1200.199951 218.399994
185760655 18.990040 7.328609 0.486290 423.799988 1231.500000 167.500000
179728670 7.258864 17.685957 0.536390 172.309998 1352.770020 434.839996
190490351 10.903422 13.162557 0.436440 219.600006 1140.000000 271.500000
196137791 4.423527 14.095757 0.361200 75.099998 970.799988 244.500000
203491944 8.319850 16.137264 0.197800 79.220001 541.690002 158.399994
192502229 18.954994 18.757198 0.414040 349.700012 1018.200012 365.600006
203170061 7.601216 19.862043 0.213280 76.199997 571.000000 208.100006
199608911 16.134655 7.412058 0.305440 236.899994 818.900024 110.900002
199993451 0.711163 5.756352 0.298370 10.390000 836.789978 84.360001
179704795 3.388007 3.056094 0.539530 84.900002 1434.099976 76.699997
186130053 4.929180 17.200129 0.478250 106.199997 1231.400024 382.600006
187023564 8.940029 14.455277 0.469980 191.699997 1218.599976 318.000000
190077061 12.036692 19.484579 0.439140 235.699997 1105.400024 399.899994
180321007 12.390385 18.974710 0.533350 289.000000 1315.500000 463.100006
179249264 15.949939 3.100677 0.545110 398.320007 1393.699951 78.519997
198575019 1.498046 8.353892 0.324160 23.500000 898.599976 132.000000
195569273 16.322855 5.445947 0.372460 288.899994 986.500000 98.000000
191660168 12.156808 0.774229 0.421110 243.100006 1128.500000 15.600000
187517483 11.217956 3.674004 0.464610 244.800003 1234.300049 80.800003
180292659 3.413938 3.198379 0.531320 84.400002 1414.800049 79.199997
192383214 2.900181 2.587488 0.411110 57.099998 1127.099976 51.000000
182553978 7.386429 8.160122 0.512740 175.100006 1350.699951 195.300003
183098803 7.178127 11.033094 0.507390 167.199997 1327.599976 260.899994
202380616 15.296898 10.735223 0.240110 177.699997 649.700012 127.699997
201608174 15.705270 9.831259 0.259730 196.949997 700.419983 126.080002
202890551 18.674557 19.696571 0.220430 190.539993 563.750000 213.029999
193071991 5.279013 8.371663 0.402590 100.900002 1091.989990 161.380005
185643454 2.999066 13.805735 0.485330 66.599998 1271.199951 312.799988
197894707 2.194976 16.277647 0.333570 34.299999 894.900024 261.500000
187153521 18.433456 18.443075 0.472710 384.100006 1152.400024 405.100006
184149158 5.900148 1.538119 0.499630 138.199997 1337.300049 36.099998
198575816 4.539505 10.558696 0.322720 70.400002 886.700012 165.800003
201021535 2.158669 12.226045 0.275150 28.700001 761.400024 165.100006
185647181 10.746466 10.877167 0.483220 239.100006 1259.800049 246.399994
201324128 8.383329 11.478803 0.268080 108.699997 737.599976 151.399994
203065521 1.692978 9.046025 0.214900 18.000000 609.000000 97.000000
202484865 2.019235 8.529343 0.234930 23.400000 663.700012 99.599998
182680133 15.610219 6.634527 0.514690 369.000000 1320.699951 159.500000
188793839 6.076049 16.562040 0.452700 125.000000 1174.300049 351.200012
183108270 4.132509 16.526260 0.508720 94.400002 1306.579956 388.690002
203160370 7.700123 6.114454 0.211090 80.800003 597.599976 64.599998
185116558 12.446007 19.969687 0.488180 266.899994 1209.300049 450.000000
180298440 7.970691 4.991230 0.532630 196.520004 1403.520020 123.769997
180875020 11.232865 2.376688 0.529600 275.500000 1387.199951 58.700001
202264306 2.318266 4.277158 0.241440 27.799999 686.700012 51.400002
200186514 15.079937 10.596177 0.292080 210.850006 782.530029 151.610001
201612088 8.955281 18.793488 0.261710 109.599998 695.500000 239.600006
203922872 8.944666 16.253384 0.178260 76.980003 489.100006 144.350006
188900100 18.715569 15.492532 0.453020 381.200012 1125.199951 329.299988
195570244 11.629919 7.067877 0.371320 206.000000 1000.900024 126.699997
191656793 4.939986 8.436878 0.419280 97.949997 1133.290039 168.720001
202156756 16.038359 17.160818 0.247650 186.350006 648.250000 208.289993
191287141 10.333839 9.957021 0.425970 206.100006 1130.300049 201.699997
183630955 2.198937 12.520070 0.504050 50.770000 1322.189941 293.820007
190471911 4.819895 0.440286 0.433160 99.500000 1180.000000 9.100000
196416555 17.870455 11.843279 0.359870 300.489990 931.989990 205.339996
203429382 9.274692 18.381420 0.202150 89.000000 545.000000 183.500000
191657214 6.424059 7.999158 0.420590 127.769997 1134.819946 160.479996
204221115 17.994261 17.674232 0.163760 139.880005 430.649994 144.279999
191287504 11.873928 9.760933 0.424410 235.759995 1121.310059 197.110001
181001918 17.929289 2.737242 0.528040 434.140015 1341.780029 67.430000
184294322 18.973951 13.297589 0.500500 426.209991 1239.619995 309.809998
203987869 19.986988 8.291004 0.176090 172.399994 474.000000 73.500000
185162868 4.521982 9.996097 0.488150 102.300003 1293.500000 228.699997
193745333 3.167009 5.835586 0.396650 60.099998 1086.250000 111.190002
199203423 3.698031 10.475362 0.311320 55.500000 858.700012 159.100006
200000979 19.842237 6.886243 0.296640 281.899994 781.200012 100.300003
197417614 12.553424 18.165943 0.340930 196.600006 882.890015 296.790009
197417427 10.903785 18.268023 0.341830 171.419998 889.830017 299.130005
179132272 8.526183 10.764012 0.543240 210.800003 1406.099976 270.299988
183099854 9.369196 8.847617 0.506610 219.000000 1327.300049 209.399994
187926838 1.515357 16.694168 0.460700 31.700001 1198.300049 359.500000
197688869 2.044404 0.846949 0.336690 33.570000 940.299988 13.910000
203492656 0.040802 11.021284 0.198650 0.400000 561.700012 109.400002
194793454 19.207296 18.020252 0.382640 331.100006 950.400024 327.399994
183759968 14.197310 7.161539 0.505370 330.589996 1306.729980 169.360001
182127600 18.216452 2.428844 0.517890 433.529999 1317.300049 58.820000
187143700 14.543938 9.865925 0.470520 315.500000 1216.099976 218.500000
178640192 14.636969 2.648454 0.546270 367.100006 1405.599976 67.199997
188885389 14.807812 0.332999 0.452650 314.850006 1190.989990 7.160000
179713948 5.382559 8.272709 0.535680 132.720001 1408.599976 205.710007
196473747 19.794807 16.615328 0.357950 323.100006 897.700012 284.700012
193753299 11.030147 12.290232 0.394250 203.309998 1043.010010 231.500000
182008638 0.008621 16.847033 0.518210 0.200000 1329.199951 402.500000
198587585 12.553747 13.459015 0.324050 191.990005 862.200012 211.399994
190602937 17.070751 19.376329 0.434270 328.700012 1070.400024 393.799988
194683605 8.233503 2.895078 0.383000 151.500000 1047.000000 53.500000
188361859 1.147000 18.088022 0.457650 23.670000 1182.349976 386.260010
197408329 14.274790 8.659798 0.344480 234.279999 920.809998 144.710007
184292746 15.013707 14.053256 0.499850 338.100006 1260.599976 326.700012
186114832 7.994604 5.070626 0.480740 180.070007 1282.140015 114.879997
187925005 9.824371 15.907294 0.463500 206.470001 1192.339966 344.869995
180296385 7.926220 0.640265 0.532750 196.199997 1409.199951 15.900000
190988913 18.361008 0.988786 0.429960 370.500000 1116.300049 20.299999
184162282 10.225021 8.284534 0.498800 235.899994 1307.800049 193.500000
198996160 1.421679 11.685346 0.315910 21.549999 868.400024 179.660004
196942786 0.844233 15.735890 0.349140 13.800000 936.500000 263.899994
191652620 0.756665 3.257019 0.420450 15.200000 1150.900024 65.500000
199204726 13.261593 0.381156 0.310100 200.000000 848.599976 5.800000
184293157 16.186886 14.165256 0.498040 362.500000 1248.800049 328.200012
193413614 4.483356 8.744812 0.397770 84.709999 1080.319946 166.690002
196403884 4.653752 5.278021 0.359700 80.800003 992.599976 92.000000
180427162 15.106610 3.982228 0.532040 369.500000 1368.800049 98.699997
184673637 12.108458 10.200537 0.495660 275.700012 1285.099976 236.500000
178522429 6.888311 8.052191 0.548080 173.199997 1433.699951 204.300003
202374745 7.002723 3.480009 0.240630 83.599998 680.599976 41.700001
201466075 15.469494 1.164853 0.265030 200.699997 725.200012 15.300000
179122972 10.370202 5.821505 0.541130 258.299988 1411.500000 146.300003
199000399 11.775876 5.121182 0.314410 179.520004 861.119995 78.830002
187154911 14.921041 18.083487 0.469280 311.399994 1168.599976 394.899994
191285010 1.111168 14.111279 0.425140 21.900000 1129.099976 283.899994
186552517 9.655224 15.555685 0.473490 207.199997 1217.900024 343.899994
198356150 17.094883 1.851201 0.325950 268.299988 872.400024 29.500000
180317969 12.235032 14.780560 0.532410 291.399994 1343.800049 362.799988
198996635 5.878685 7.507506 0.315570 89.989998 873.950012 115.779999
192406294 13.622759 19.056709 0.414380 253.300003 1045.199951 371.500000
179131659 9.901192 7.084221 0.542100 246.509995 1412.250000 178.160004
192386666 6.682314 7.555053 0.410710 130.199997 1111.300049 148.399994
196408981 17.903593 8.678582 0.357090 301.899994 934.500000 149.899994
193072746 7.768647 2.950024 0.404570 150.300003 1101.699951 57.299999
198585836 13.619138 15.418698 0.321900 204.899994 845.710022 239.990005
200541023 4.499414 10.856257 0.286070 62.299999 791.700012 152.300003
196939408 10.622910 4.406906 0.350300 179.399994 956.500000 75.000000
184159157 4.819262 8.834863 0.498370 111.400002 1321.300049 206.100006
197158294 5.069826 19.276396 0.344620 80.199997 904.000000 317.399994
181446217 11.472141 11.457647 0.522760 272.799988 1344.199951 278.000000
191276506 2.463683 5.796412 0.426890 49.980000 1161.719971 118.040001
188348743 7.040039 4.002275 0.456280 151.699997 1228.400024 86.599998
178659063 13.525666 14.281952 0.545270 329.100006 1368.099976 358.200012
196903169 18.490702 14.964270 0.350100 298.899994 893.799988 251.899994
188900052 18.171322 15.846731 0.454310 370.799988 1129.699951 337.500000
200361883 3.184909 7.762432 0.290780 45.200001 812.299988 110.900002
194988677 11.121922 8.994147 0.380470 200.600006 1020.400024 164.600006
198998817 19.343702 1.151090 0.313590 291.760010 831.119995 17.700001
200192584 15.922115 19.830793 0.292850 213.300003 747.700012 280.399994
195664176 17.964388 13.990060 0.371230 308.100006 950.229980 248.880005
196408371 15.858734 7.271178 0.358830 270.500000 952.200012 126.300003
203070306 16.956734 6.980946 0.214650 178.399994 585.099976 74.900002
186671397 19.717224 3.720345 0.477270 434.799988 1213.199951 83.800003
202599048 15.393405 8.064192 0.233610 175.550003 637.630005 93.699997
193074085 9.232768 6.430191 0.403530 177.100006 1089.500000 124.400002
179742982 0.865542 15.998897 0.539800 20.900000 1383.400024 396.700012
200542594 11.052197 11.602990 0.287120 152.369995 780.080017 163.199997
185163460 4.774335 12.594354 0.490100 107.400002 1285.900024 288.299988
179858664 19.189646 19.628115 0.536880 443.500000 1274.300049 481.200012
188784807 2.217287 12.919250 0.452050 46.400002 1198.400024 275.100006
186117167 12.576820 4.836724 0.482000 282.679993 1267.050049 109.849998
200359976 7.313079 0.617690 0.288970 103.900002 809.599976 8.800000
181437930 3.901515 0.515964 0.522630 95.199997 1395.900024 12.600000
179848468 16.001341 11.722040 0.538710 387.799988 1352.300049 291.899994
187069755 10.571554 7.723949 0.468390 230.899994 1237.199951 170.699997
190896548 7.113677 17.065481 0.431460 139.699997 1119.400024 346.299988
188362475 2.704143 19.640451 0.455990 55.099998 1166.599976 416.799988
201035436 17.171312 18.813000 0.274780 217.600006 704.200012 251.100006
187960466 6.917300 0.289048 0.459600 150.399994 1239.699951 6.300000
183768520 14.503433 12.225131 0.501050 330.000000 1275.699951 285.500000
181020899 16.490566 15.772724 0.527290 385.200012 1301.199951 383.299988
203159628 4.109372 9.050201 0.212020 43.099998 599.900024 95.800003
194980596 3.779125 3.225671 0.378760 69.000000 1044.599976 59.000000
190060126 1.514858 15.292751 0.439580 30.600000 1157.099976 316.500000
197450024 13.158837 6.098325 0.343010 216.699997 926.900024 101.699997
202019715 15.928687 0.097314 0.247870 193.899994 679.400024 1.200000
197407558 17.325251 5.487751 0.341990 283.000000 907.200012 91.300003
182567468 7.884718 14.927929 0.511850 182.100006 1314.900024 353.899994
180429610 13.888001 0.924789 0.533680 342.000000 1383.199951 23.000000
179847245 14.346595 10.423998 0.539530 350.600006 1370.800049 260.299988
200869216 16.307192 7.012811 0.279510 220.500000 753.700012 96.599998
187026181 2.080230 19.625879 0.471730 43.700001 1203.099976 429.299988
182546134 12.274445 2.879666 0.513370 292.459991 1344.219971 69.199997
195290961 13.554382 14.985849 0.373920 234.619995 973.169983 267.970001
190064975 10.215021 13.340929 0.438000 206.399994 1145.400024 276.000000
192382475 2.754775 0.086212 0.411160 54.299999 1128.500000 1.700000
189212203 2.833294 15.586206 0.449590 58.299999 1178.000000 329.000000
184673770 12.290227 9.122829 0.492120 278.899994 1280.199951 210.399994
187479914 13.954619 14.297961 0.466270 295.600006 1189.599976 312.399994
178545798 9.544275 14.896739 0.548350 233.809998 1390.579956 375.109985
196412666 8.345991 13.205430 0.359070 141.100006 961.799988 228.100006
186669940 18.101250 1.917556 0.475880 400.000000 1223.699951 43.099998
200544591 14.808057 10.325986 0.286190 203.399994 769.400024 145.000000
179705348 0.096338 5.060109 0.536510 2.400000 1426.069946 126.269997
197451310 1.849604 15.298296 0.344210 29.900000 925.900024 253.399994
194397282 11.705626 9.712754 0.389100 214.899994 1037.199951 181.300003
187934738 12.224729 18.889360 0.461270 251.000000 1158.500000 405.600006
202382396 5.786360 15.917983 0.238330 66.000000 651.299988 186.699997
186558932 9.672056 16.732576 0.476520 207.500000 1217.500000 371.299988
181451352 2.965509 16.652966 0.521330 69.199997 1335.800049 400.100006
197195627 8.280465 8.118948 0.345460 137.389999 944.020020 136.089996
180292290 0.879921 3.138733 0.535040 21.900000 1425.900024 78.199997
193408636 12.807736 5.265280 0.398950 242.669998 1067.469971 100.879997
187923455 8.648517 13.195604 0.460110 183.009995 1203.209961 285.359985
186131391 7.373236 16.830276 0.481340 159.839996 1235.219971 376.760010
186198667 17.423773 11.617831 0.477800 379.160004 1208.150024 260.339996
187023674 8.738019 14.815067 0.469430 186.899994 1216.000000 325.399994
201746955 14.445593 4.712647 0.257000 181.759995 705.590027 60.070000
192019895 0.812194 0.722535 0.417900 16.250000 1146.349976 14.460000
196372048 13.398420 18.880878 0.357600 218.100006 915.599976 321.899994
202780014 16.623222 10.043659 0.224620 181.270004 607.150024 112.220001
183629847 0.499635 10.980305 0.503910 11.600000 1330.199951 258.100006
195279456 9.007308 3.375784 0.375790 162.699997 1026.400024 61.299999
188477253 17.527000 19.973452 0.457850 352.260010 1115.410034 425.130005
191286092 4.437358 17.125643 0.425690 86.199997 1110.800049 343.299988
202269961 16.070757 8.889740 0.241450 188.490005 654.309998 106.500000
192730320 9.446419 1.318421 0.409490 184.699997 1110.099976 25.900000
201747344 17.805023 5.371906 0.258010 223.399994 695.599976 68.699997
202907020 7.811574 8.980624 0.221920 85.400002 622.500000 99.300003
199993719 5.117928 6.036718 0.297450 74.400002 830.700012 88.199997
184803129 16.735310 15.240601 0.493740 369.750000 1229.689941 349.850006
181020431 13.509671 15.534702 0.527510 317.500000 1321.500000 377.799988
202486951 13.446610 11.403377 0.234950 153.089996 640.280029 132.779999
185156721 9.993351 1.024523 0.489030 228.970001 1299.420044 23.600000
187486819 11.913532 16.232471 0.464350 249.800003 1184.000000 352.299988
181441756 2.499637 13.696159 0.521750 59.200001 1356.099976 330.799988
180314203 2.790965 16.967670 0.534890 66.500000 1364.099976 416.700012
178650477 16.959217 13.317762 0.548700 414.399994 1358.900024 336.299988
187031545 10.528240 18.933207 0.471710 220.899994 1188.599976 414.700012
193420035 9.430193 9.177476 0.397830 177.369995 1067.880005 174.889999
203420244 19.080748 16.807404 0.201570 181.600006 525.000000 167.800003
183086973 6.609331 0.448808 0.507990 157.070007 1355.589966 10.690000
178510101 2.352595 3.916409 0.546710 59.599998 1450.699951 99.400002
183111092 12.666771 14.710850 0.509900 290.399994 1292.099976 347.700012
189734940 15.584341 0.511257 0.443720 325.100006 1165.599976 10.800000
186603273 9.059482 8.493100 0.473140 199.580002 1251.660034 189.270004
179115795 1.925852 6.390342 0.544070 48.400002 1439.400024 161.300003
200714636 6.472950 16.082359 0.283410 86.830002 765.299988 222.050003
194988532 10.914015 8.836277 0.377550 195.600006 1014.400024 160.600006
197664560 12.563504 11.305177 0.340110 202.600006 909.099976 186.199997
189211798 2.678495 13.882675 0.448240 55.400002 1184.199951 293.000000
202153503 12.830107 16.810434 0.244750 148.399994 651.599976 201.899994
189207696 13.519115 4.480565 0.449300 285.200012 1186.199951 95.599998
183635838 10.996193 7.451742 0.502160 255.500000 1314.900024 175.199997
201329416 0.310565 17.350611 0.265470 3.900000 719.500000 224.800003
183092609 11.486191 4.333538 0.506760 270.399994 1330.699951 102.900002
203084308 18.889120 17.916843 0.216270 191.199997 558.789978 190.949997
193752325 7.993129 17.043917 0.397280 145.600006 1036.900024 321.000000
179121014 10.171416 3.099270 0.544440 255.699997 1425.199951 78.400002
189645133 4.617970 19.567423 0.441530 91.400002 1131.500000 403.489990
194793152 18.503946 19.112871 0.381940 316.839996 946.719971 345.959991
190595674 16.304352 13.330072 0.435390 325.000000 1111.099976 274.299988
181579928 19.291824 11.397508 0.521120 452.000000 1291.300049 275.799988
202595042 6.291791 15.155357 0.232020 70.199997 636.700012 173.500000
178547231 11.638225 14.186039 0.548380 285.390015 1385.609985 357.609985
200357107 19.296040 1.812312 0.287590 268.399994 766.599976 25.700001
188787109 7.017463 15.930550 0.451860 144.500000 1173.900024 337.600006
204107155 7.071722 10.952537 0.168660 59.099998 476.399994 92.900002
199212371 11.040301 12.778182 0.313320 164.399994 842.599976 194.699997
179270053 14.020935 19.877048 0.543520 329.899994 1321.099976 492.299988
183238833 15.351439 13.862146 0.510350 352.200012 1282.900024 328.299988
187925919 14.003476 11.874571 0.462870 297.600006 1193.300049 258.600006
182003237 8.592446 8.926860 0.516820 204.500000 1353.400024 215.000000
188039128 16.596405 14.859387 0.461440 346.000000 1160.900024 321.399994
200371627 19.248657 13.952800 0.288300 260.600006 746.299988 196.399994
198125107 15.475439 3.572418 0.331330 246.899994 891.789978 57.770000
182145546 16.974936 16.623592 0.518630 388.799988 1273.699951 397.600006
197500729 19.657469 7.430459 0.343900 320.100006 896.099976 124.099998
192737900 12.840518 14.507784 0.406460 240.559998 1055.390015 280.100006
193743303 1.784517 1.109118 0.397310 34.099998 1094.500000 21.200001
182548221 11.502246 4.099033 0.513020 273.799988 1345.500000 98.400002
185249403 15.291411 17.210884 0.488790 332.299988 1215.400024 390.299988
191667278 6.834912 17.101017 0.419610 130.899994 1092.099976 338.399994
187025725 2.706623 17.471394 0.471270 57.520000 1216.760010 383.399994
201748458 19.613001 12.730433 0.256320 238.770004 670.070007 160.710007
194993715 3.155109 14.602415 0.379150 55.900002 1014.099976 264.600006
183640332 0.665058 18.595661 0.503630 14.900000 1283.599976 431.899994
196737011 19.654699 12.530399 0.355850 325.149994 910.369995 214.850006
199205608 14.872712 5.263137 0.312280 224.300003 844.599976 80.500000
191278535 10.635986 4.392703 0.426260 214.800003 1143.800049 89.400002
184248828 18.262934 19.181391 0.496840 396.100006 1200.300049 439.700012
203258182 10.775358 18.689720 0.209220 106.500000 559.599976 192.699997
178640520 17.357033 0.759967 0.548060 435.059998 1391.930054 19.340000
188780502 13.926789 2.422516 0.452930 296.399994 1195.300049 52.099998
184760477 17.051426 16.638824 0.496260 375.600006 1224.599976 382.799988
196933555 2.616977 1.222605 0.349830 44.500000 973.599976 20.799999
196669604 5.300927 3.570867 0.354110 90.900002 979.700012 61.400002
183091124 9.271411 3.921055 0.506000 218.600006 1339.099976 93.000000
196673770 12.458709 1.298153 0.353530 212.300003 960.900024 22.299999
191759533 19.192686 4.094232 0.421520 378.899994 1088.500000 82.500000
193754227 14.318340 13.587404 0.395170 261.989990 1026.449951 256.040009
187515224 5.692512 4.289538 0.466190 125.099998 1255.000000 94.599998
187473511 12.927381 6.838506 0.467240 281.500000 1226.400024 150.899994
201460573 1.640094 1.358556 0.263820 21.440001 748.869995 17.770000
201190518 16.951618 14.849283 0.270460 216.199997 709.299988 196.600006
196228256 18.051443 7.813889 0.362090 308.899994 947.799988 136.800003
203567927 4.948288 13.256929 0.193710 46.900002 541.700012 128.100006
200178657 6.144688 0.908240 0.292180 88.269997 819.940002 13.070000
196134168 11.844441 8.414885 0.361690 204.100006 973.200012 147.100006
188457471 15.716729 3.949371 0.454840 334.350006 1188.160034 85.209999
194981232 8.073474 3.921267 0.378150 146.699997 1034.199951 71.599998
179719082 9.467622 8.613684 0.539330 233.899994 1402.599976 215.399994
196133600 9.404172 6.126598 0.363600 164.100006 990.799988 107.800003
185278667 15.828872 3.599215 0.489500 359.549988 1268.180054 82.910004
186237749 14.819567 4.282966 0.480320 331.269989 1252.089966 97.000000
178521687 5.751431 11.495765 0.545760 142.699997 1416.800049 289.600006
193742584 14.941995 4.882532 0.393470 278.899994 1045.099976 92.400002
197896784 9.395103 16.255766 0.334040 146.399994 884.799988 261.500000
190077415 14.724211 17.207617 0.439170 291.100006 1107.699951 354.700012
182541648 4.595661 3.215064 0.511680 109.870003 1366.859985 77.029999
179251208 15.878619 6.310170 0.542960 393.399994 1383.000000 159.000000
194064283 12.619864 1.710366 0.390770 235.600006 1052.300049 32.200001
196403380 5.904778 2.626583 0.360350 102.949997 995.419983 45.910000
197661200 7.105342 17.388790 0.338730 111.699997 896.099976 282.799988
181452349 1.865713 16.051306 0.524670 43.930000 1348.530029 388.200012
198120504 8.383768 5.270710 0.332290 134.970001 915.809998 85.400002
185152691 6.091379 4.415477 0.489390 139.710007 1309.150024 101.660004
193411215 7.547939 0.235571 0.401060 145.100006 1095.040039 4.540000
179140787 12.390272 18.234066 0.544400 295.500000 1345.099976 453.700012
189633644 5.219270 8.906609 0.443670 108.739998 1190.459961 187.339996
179156155 8.850565 15.046691 0.544340 215.419998 1383.459961 376.390015
185165440 12.168107 8.081891 0.489040 275.399994 1277.209961 185.529999
187519208 0.035810 8.737254 0.463810 0.780000 1244.390015 191.250000
187026390 4.350261 17.921494 0.471460 92.199997 1212.000000 393.100006
180880003 1.759817 7.308530 0.529360 43.099998 1402.800049 180.000000
192026339 6.895076 7.593442 0.415740 135.800003 1123.000000 150.800003
193847342 19.346607 7.465412 0.397000 359.500000 1023.900024 142.199997
184660736 6.299159 6.372406 0.495200 145.500000 1318.099976 148.100006
185172844 0.097470 18.707579 0.489180 2.130000 1250.280029 423.380005
202683130 18.142370 19.549597 0.227220 190.899994 582.599976 217.699997
186109149 1.630743 1.533325 0.481380 37.020000 1300.349976 34.820000
189738263 19.207445 4.873765 0.444620 397.399994 1140.699951 103.000000
198792664 17.268431 11.423038 0.317880 259.600006 835.099976 176.699997
189214118 9.327864 8.863449 0.447550 195.300003 1189.000000 187.899994
184294721 13.784592 15.292043 0.500070 309.350006 1260.900024 354.980011
188773511 2.042746 0.410321 0.451370 43.799999 1228.000000 8.800000
200360069 6.551745 1.401278 0.288590 93.000000 809.729980 19.940001
193515907 19.802229 6.563530 0.399440 370.399994 1028.699951 125.800003
179847538 12.820294 12.909716 0.536030 309.399994 1359.599976 319.600006
193424619 16.207748 17.470627 0.400760 293.899994 1011.099976 331.399994
179116707 4.537207 2.249202 0.542140 114.199997 1439.099976 56.700001
198130791 8.540632 15.232711 0.329570 132.199997 880.299988 242.399994
187918800 2.172845 12.681944 0.460800 46.299999 1220.300049 274.799988
193082297 9.851041 17.475012 0.405320 182.000000 1048.099976 334.899994
186594262 13.038510 3.855639 0.475170 289.570007 1250.430054 86.500000
191771508 18.305206 10.621551 0.421140 356.420013 1077.380005 212.809998
184660624 6.442289 4.287827 0.495950 149.500000 1324.000000 99.900002
191287217 10.654291 10.044729 0.425830 212.300003 1128.500000 203.399994
186598147 2.399459 7.650964 0.473390 53.200001 1269.599976 170.699997
184285290 14.436222 4.947968 0.497200 332.600006 1292.000000 115.500000
187070317 9.048639 10.744218 0.469340 196.600006 1234.500000 237.199997
184670584 7.054449 8.915503 0.492780 161.199997 1302.599976 205.899994
192387151 6.149644 4.836013 0.413790 121.300003 1125.800049 95.800003
184666866 0.794149 10.377755 0.495640 18.209999 1313.430054 240.559998
179726515 8.812585 14.075830 0.537380 213.050003 1374.199951 348.670013
194686669 9.169900 1.056337 0.384550 169.399994 1049.400024 19.600000
203786858 7.551975 8.802078 0.184580 69.260002 522.450012 81.610001
186075165 5.133756 19.231092 0.478680 109.400002 1217.699951 426.500000
191289503 12.575316 10.842546 0.427410 250.199997 1121.599976 220.100006
184285036 13.830036 4.472551 0.500760 321.149994 1304.530029 105.089996
182543147 6.256298 5.942648 0.511670 148.860001 1357.890015 142.190002
189200922 4.144011 2.386767 0.446710 87.900002 1213.199951 50.700001
184167175 0.088989 15.784229 0.496800 2.000000 1287.699951 364.000000
187136443 15.370998 7.712441 0.469790 334.500000 1216.800049 170.899994
187056784 2.585185 1.012907 0.469510 57.400002 1271.300049 22.500000
180307994 9.007868 7.131469 0.532600 221.000000 1394.099976 176.600006
190173577 16.806286 13.061380 0.437430 336.500000 1114.099976 270.000000
194682341 6.051594 0.678901 0.384640 112.099998 1057.400024 12.600000
196414933 13.660900 14.599402 0.356800 226.880005 933.469971 250.220001
183633758 4.063650 13.661496 0.505080 93.500000 1316.099976 320.700012
185152143 4.432871 4.437028 0.487450 101.400002 1308.000000 101.800003
203790483 10.234041 17.274136 0.186320 91.300003 505.700012 159.800003
195278202 16.484507 3.863510 0.374360 293.700012 992.500000 69.900002
202483046 3.916277 1.909220 0.236340 46.099998 673.400024 22.500000
192839879 19.726742 12.522044 0.407530 369.299988 1029.900024 243.000000
194693586 4.920375 10.259670 0.383680 89.550003 1040.170044 188.970001
195276625 6.410404 6.645931 0.373120 114.699997 1020.900024 119.699997
196412713 8.046459 14.242891 0.359440 135.600006 959.200012 245.899994
180296089 6.038145 4.733327 0.533720 149.399994 1412.400024 117.599998
192731231 8.166934 4.075767 0.410230 159.759995 1113.239990 80.139999
190480748 12.034175 6.980204 0.432400 244.690002 1147.810059 143.690002
182563614 6.711877 17.815983 0.513880 153.399994 1303.500000 421.799988
188784802 2.361670 13.037701 0.452080 49.400002 1197.800049 277.600006
203986837 10.332826 12.772215 0.175150 88.699997 486.500000 112.099998
183098384 4.148170 13.808297 0.510610 96.300003 1327.800049 327.200012
193748865 6.720169 10.503329 0.394130 125.099998 1061.699951 198.199997
198801082 17.336123 16.476383 0.319300 256.000000 820.099976 254.100006
201888389 16.277782 13.842579 0.254470 197.130005 675.090027 173.300003
197693519 8.070218 8.880361 0.340250 131.800003 929.520020 146.690002
189748484 16.059265 16.463375 0.441050 319.299988 1109.199951 341.100006
180318046 12.218246 15.575951 0.532810 290.100006 1339.699951 382.100006
186717542 16.179373 1.305246 0.473290 357.100006 1230.800049 29.200001
181443948 10.248118 9.677635 0.523870 245.899994 1360.099976 235.699997
200550339 18.257854 17.368259 0.284320 240.399994 728.700012 240.000000
192382848 0.680911 2.696182 0.410760 13.400000 1127.500000 53.099998
180319738 9.257555 19.887438 0.532210 215.059998 1319.420044 483.589996
190887759 9.225164 5.541952 0.428680 187.199997 1152.599976 113.300003
193083062 15.029262 18.115889 0.402130 272.899994 1016.400024 344.299988
191382151 16.231956 0.733604 0.423610 324.420013 1114.329956 14.860000
193754763 8.470840 15.637441 0.397280 155.350006 1043.119995 295.200012
183092652 11.645347 4.581511 0.509030 275.079987 1334.739990 109.209999
183192320 18.928005 19.383144 0.509110 418.399994 1220.099976 453.799988
181013552 17.342476 13.440488 0.529620 410.399994 1314.209961 329.029999
203984658 17.362255 9.702604 0.174600 148.699997 475.600006 85.199997
183760477 15.630426 6.934452 0.503560 362.200012 1294.599976 163.500000
202905543 13.303344 3.852297 0.222800 146.600006 620.000000 42.900002
201034132 14.313852 16.094341 0.273890 184.399994 722.700012 215.199997
191291721 12.998038 13.143278 0.423390 254.100006 1100.800049 263.799988
197409404 16.456421 9.722443 0.340790 265.700012 899.500000 160.699997
180881254 2.395864 9.876077 0.529630 58.299999 1393.400024 242.800003
181576300 13.227267 7.048305 0.521620 317.200012 1349.500000 171.399994
198124491 17.365299 1.476074 0.329340 275.089996 879.679993 23.750000
198585895 14.556913 15.098399 0.324520 220.699997 849.900024 236.899994
195850175 12.106227 3.365458 0.364970 212.199997 989.299988 59.500000
184657188 1.363412 3.613314 0.491910 31.500000 1323.500000 83.599998
191665307 4.764061 10.688289 0.421500 94.300003 1131.500000 214.300003
186237331 18.550625 2.259726 0.481260 413.600006 1232.500000 51.299999
197903938 15.743171 19.658754 0.335570 239.699997 850.299988 315.600006
187959400 1.670258 6.805152 0.463100 36.389999 1247.890015 148.979996
190163841 19.549500 7.145759 0.440660 399.299988 1124.500000 149.600006
185171057 2.299904 17.735914 0.490580 50.580002 1259.420044 403.130005
197656248 18.000694 4.475109 0.338560 291.399994 896.799988 73.800003
198124220 15.254108 5.854662 0.329230 241.240005 884.599976 94.019997
184686406 9.496609 18.449654 0.494290 208.500000 1246.400024 421.600006
202376563 6.038753 11.278594 0.237500 70.000000 661.700012 132.699997
197929477 5.790568 7.511780 0.334270 93.500000 922.000000 122.199997
197410806 6.504947 14.359821 0.341500 104.639999 917.690002 236.460007
203855056 7.504732 8.152024 0.182490 68.199997 517.700012 74.800003
196404062 0.893090 8.184328 0.358950 15.400000 987.900024 142.100006
189223993 9.132534 18.368601 0.447300 183.600006 1142.099976 384.100006
195563582 1.487940 5.300687 0.372490 26.700001 1027.900024 95.400002
189622883 1.076719 1.536356 0.443030 22.700001 1207.800049 32.400002
186683131 19.037439 13.116354 0.474630 408.260010 1183.150024 291.630005
187923438 8.637334 13.211669 0.460020 182.729996 1202.959961 285.649994
196678567 3.945597 13.473047 0.354300 66.000000 956.900024 229.800003
179719467 11.191872 7.462374 0.540040 277.100006 1400.500000 187.000000
203329920 0.776372 11.307007 0.204010 7.800000 575.599976 115.099998
197658509 17.103653 6.618779 0.337460 275.489990 895.299988 108.690002
185165504 10.499632 9.064931 0.489790 237.800003 1283.099976 208.199997
197414259 11.127003 13.763602 0.342090 179.000000 910.099976 227.199997
197197339 9.648463 2.960341 0.347450 162.149994 953.760010 50.029999
190058544 6.339471 9.940646 0.438470 130.220001 1172.079956 206.679993
194687954 12.584984 3.658227 0.384950 231.399994 1036.500000 67.900002
194692585 2.030025 9.280332 0.384910 37.200001 1049.500000 171.600006
184792479 16.020620 3.510010 0.493870 366.700012 1277.099976 81.500000
199800365 1.166176 4.824307 0.299120 17.100000 839.909973 70.900002
180872961 6.299669 3.128149 0.526120 154.199997 1396.800049 76.800003
199997163 8.201727 12.145701 0.295370 116.199997 806.200012 175.300003
180892607 7.766676 14.846713 0.528930 184.699997 1354.199951 362.299988
189213007 7.531930 13.082945 0.448190 155.899994 1179.099976 276.399994
200707769 4.580596 2.632701 0.283240 63.910000 797.719971 36.799999
180881055 1.326552 9.811936 0.526030 32.099998 1386.199951 239.800003
193423013 12.884603 17.883652 0.399030 233.339996 1020.059998 337.649994
179723005 5.600876 15.822149 0.538650 134.899994 1375.599976 391.700012
195861518 11.336699 17.971949 0.365570 189.800003 946.700012 313.200012
179724009 0.072289 19.498499 0.535540 1.700000 1347.400024 477.100006
182546545 8.803481 4.290265 0.510840 209.309998 1351.489990 102.599998
194484155 19.592625 4.033941 0.388550 359.000000 1008.599976 75.500000
191657482 7.340548 6.594056 0.422770 147.050003 1141.510010 133.050003
186130218 7.108007 14.972002 0.479770 155.100006 1243.800049 335.200012
198357373 12.957851 6.244918 0.327240 204.300003 887.900024 99.699997
185639062 9.478389 5.220570 0.484560 214.660004 1285.739990 119.099998
184678837 0.740139 15.178107 0.491580 16.530001 1279.380005 347.100006
180312404 2.316554 16.092772 0.533200 55.299999 1367.000000 394.700012
182681164 15.874251 4.368963 0.512650 375.200012 1319.400024 104.800003
183098454 4.914390 14.213106 0.507690 113.269997 1317.400024 334.899994
195576692 9.757500 11.507707 0.371080 170.899994 993.799988 205.300003
189207032 11.538187 3.183282 0.448890 244.199997 1196.199951 67.900002
182136162 15.862702 9.062628 0.517790 374.600006 1318.300049 218.600006
202143302 6.053575 3.067350 0.245750 73.800003 695.900024 37.500000
180444568 19.261551 7.669787 0.534350 466.399994 1334.699951 190.399994
189746173 18.152781 11.963029 0.445430 370.100006 1128.800049 251.699997
182009762 4.049438 16.395185 0.518180 94.080002 1328.939941 391.989990
192397536 5.291235 15.250959 0.414690 101.300003 1093.800049 299.500000
186589043 1.010103 4.513524 0.474990 22.600000 1281.800049 101.199997
184284779 16.042192 5.608736 0.497760 368.660004 1282.099976 131.009995
191395902 16.524796 10.923602 0.425860 325.700012 1097.800049 221.000000
195568054 13.800824 5.253710 0.369660 243.600006 991.700012 93.900002
189623410 0.913685 3.128031 0.441970 19.200001 1203.900024 65.800003
191654654 1.153779 4.813585 0.422380 23.230000 1153.319946 97.139999
184753312 19.851299 11.383320 0.491660 441.399994 1222.599976 261.700012
198799526 17.032885 14.165087 0.319230 254.399994 830.400024 219.199997
182548225 11.524516 4.206213 0.512630 274.100006 1344.300049 100.900002
187597800 17.172312 9.267805 0.465700 368.200012 1191.500000 203.500000
192744173 2.400637 19.356331 0.406600 44.200001 1054.300049 370.700012
183638531 12.177152 10.893339 0.503960 280.700012 1300.800049 256.100006
179137697 10.304114 14.667131 0.542630 250.199997 1376.199951 366.100006
180883343 1.951511 13.541231 0.529370 46.849998 1374.849976 331.309998
181001827 17.680508 3.356507 0.526120 426.700012 1338.599976 82.400002
179837992 12.597336 2.641169 0.536100 311.700012 1394.750000 65.930000
194689260 16.012939 2.818362 0.383940 292.500000 1019.200012 52.200001
187927642 0.019452 19.796637 0.461000 0.400000 1178.199951 424.100006
191771523 19.303530 9.021509 0.422320 377.899994 1078.900024 181.500000
200715449 10.452131 15.108251 0.281490 139.500000 756.200012 207.600006
201601497 7.490569 2.073020 0.258580 95.800003 728.599976 26.600000
185728689 14.956642 19.751249 0.483270 317.200012 1187.400024 441.299988
189640933 10.616268 15.388058 0.444540 215.309998 1148.680054 321.649994
195849623 8.262425 7.682749 0.367320 145.199997 999.900024 136.300003
200709455 6.817361 1.897340 0.281830 94.599998 791.299988 26.400000
190471338 2.015400 3.595186 0.434720 41.700001 1185.000000 74.500000
197895137 3.236155 15.755144 0.336360 51.080002 903.409973 255.279999
203719471 3.166057 14.759233 0.188880 29.120001 526.460022 138.910004
187601914 16.129419 14.958853 0.466720 339.799988 1175.000000 326.799988
183226494 15.864435 1.985508 0.509710 373.950012 1315.849976 47.419998
188367235 11.915103 19.038061 0.455740 241.899994 1146.400024 404.299988
197156705 18.269930 3.830974 0.347310 302.899994 917.500000 64.699997
190491708 15.346932 14.726312 0.434870 304.200012 1108.400024 302.100006
197444666 5.491222 4.154554 0.340710 90.800003 944.530029 68.930000
183638740 12.850537 10.730879 0.501650 294.940002 1292.880005 251.309998
196904390 15.829607 19.370150 0.348980 250.300003 882.799988 322.600006
198368050 14.030443 13.716903 0.325990 215.110001 860.799988 216.570007
201024882 17.629396 5.686901 0.276080 235.699997 741.700012 77.500000
190891236 15.093906 5.976509 0.430810 305.200012 1131.599976 122.699997
200185257 18.597908 6.387081 0.293360 262.399994 779.799988 92.099998
187518434 8.883339 6.589507 0.465330 193.699997 1239.300049 144.899994
184667943 2.739294 11.161810 0.491930 62.200001 1300.000000 256.799988
185648358 9.732841 11.430411 0.482860 216.220001 1260.589966 258.600006
200366247 17.761539 0.498969 0.288590 248.699997 776.400024 7.100000
180315813 6.695275 14.274441 0.532870 160.800003 1369.800049 350.899994
187515801 7.132370 6.592214 0.466200 156.000000 1246.699951 145.199997
181437144 0.114986 4.972921 0.523180 2.800000 1395.199951 121.400002
200867391 16.979605 3.461625 0.278420 229.800003 752.599976 47.599998
197194579 7.856576 6.561488 0.346440 131.199997 950.799988 110.400002
200703606 19.171358 1.719114 0.282820 262.600006 755.299988 24.000000
181570178 16.189335 6.843173 0.520430 385.899994 1329.199951 166.100006
199801398 6.925383 4.742591 0.299100 101.300003 834.000000 69.699997
199410063 17.221897 7.706440 0.308040 254.220001 820.150024 116.190002
180302252 1.742947 7.247917 0.533720 43.000000 1413.099976 179.800003
179841098 18.845530 2.503825 0.538030 463.140015 1356.939941 62.700001
178642078 13.719834 6.342246 0.546060 342.700012 1403.699951 160.600006
200871522 5.914361 3.546496 0.279240 81.300003 784.799988 48.900002
203413819 1.542719 11.557527 0.202410 15.370000 570.619995 116.730003
194397269 11.762764 9.807478 0.388090 215.360001 1034.239990 182.619995
182540437 3.161909 4.858526 0.512050 75.529999 1367.270020 116.400002
182012747 4.094868 18.974310 0.519570 94.000000 1313.000000 452.600006
199202746 3.122852 8.090353 0.310630 47.099998 863.299988 122.900002
200542588 10.699899 11.547013 0.286710 147.399994 780.099976 162.199997
180439048 16.026779 11.998178 0.531510 383.480011 1334.979980 295.190002
203067150 2.408527 11.757042 0.214170 25.299999 601.500000 125.300003
196130032 1.337619 7.347069 0.362580 23.320000 998.900024 128.830002
179705831 1.509292 3.365384 0.537190 37.680000 1430.260010 84.139999
187143787 14.725342 9.103145 0.472730 321.399994 1222.900024 202.600006
201880926 5.520379 2.427898 0.252860 69.199997 716.000000 30.500000
196681225 4.337095 18.026934 0.355780 71.199997 938.799988 306.399994
180304133 0.853750 11.133147 0.530680 20.730000 1391.189941 273.809998
179730259 9.104870 19.614008 0.536800 213.500000 1332.199951 480.799988
187928507 6.892632 17.682173 0.462170 143.500000 1187.099976 381.200012
189209980 4.252442 8.893005 0.447090 89.260002 1200.410034 188.350006
197661967 1.044773 18.873203 0.338130 16.299999 893.799988 305.600006
198995783 4.387183 7.950145 0.315380 67.099998 874.599976 122.500000
197668519 13.160711 19.546558 0.338840 203.100006 868.599976 316.700012
179838177 13.281848 2.538467 0.539350 330.100006 1398.400024 63.700001
185641201 3.008604 8.161145 0.484510 68.000000 1293.800049 185.800003
184675994 12.039413 8.145834 0.496180 276.000000 1294.099976 189.399994
199410522 18.284578 9.450441 0.308340 268.399994 812.299988 142.399994
186596820 11.338760 4.237195 0.476590 252.899994 1261.199951 95.300003
189213330 5.119462 14.562027 0.449780 105.790001 1180.849976 307.980011
202489715 1.318157 19.448027 0.235500 14.600000 634.500000 224.100006
181452942 4.818027 15.127500 0.525010 113.900002 1351.300049 366.600006
203328197 1.679232 3.101150 0.204290 17.200001 586.700012 31.799999
188360347 9.613440 15.224561 0.458750 200.899994 1186.099976 327.399994
186130212 5.939351 16.464012 0.481650 129.199997 1241.900024 369.000000
196141564 13.657856 14.323736 0.361400 229.800003 945.700012 248.500000
198998660 16.619652 1.700098 0.316980 254.399994 852.299988 26.400000
196413390 4.193741 18.108978 0.358490 69.300003 945.099976 309.899994
200364615 13.954838 2.404025 0.290410 197.600006 795.200012 34.400002
198136144 13.633090 17.575842 0.332130 208.800003 860.900024 280.600006
194990047 0.678994 9.530359 0.376840 12.200000 1029.199951 172.800003
178526099 12.312785 12.129881 0.549780 304.899994 1396.900024 307.299988
199002369 17.541327 9.437595 0.316250 264.000000 835.200012 145.600006
183111979 9.671307 19.286282 0.506390 215.800003 1266.300049 449.500000
193513820 16.909683 2.529931 0.400510 320.579987 1054.530029 48.700001
186118210 3.434520 8.050775 0.480030 77.000000 1283.000000 181.800003
187479266 13.416517 13.125131 0.464000 284.600006 1193.099976 286.000000
185721359 16.630785 14.153452 0.483420 362.500000 1213.599976 319.399994
183643811 4.471127 15.259539 0.502730 101.699997 1300.599976 355.899994
182550125 1.204970 13.828995 0.514900 28.200001 1340.699951 330.100006
187514359 4.484809 3.714910 0.467430 98.919998 1261.229980 82.139999
184291580 13.734193 11.463715 0.496680 311.299988 1273.699951 265.899994
180430533 14.605894 4.321607 0.534750 358.959991 1377.469971 107.570000
191396750 16.593142 15.471747 0.427360 322.000000 1080.599976 312.100006
202700749 2.913659 5.196451 0.229150 33.200001 652.299988 59.400002
190060737 5.425448 15.568180 0.436910 108.699997 1144.500000 320.299988
202879034 17.446461 5.224507 0.220980 189.160004 601.890015 57.689999
186679233 14.703583 11.332408 0.475420 320.299988 1220.599976 252.899994
181021276 13.921031 19.080538 0.530090 322.100006 1299.500000 463.100006
183236223 17.419653 10.219418 0.506030 400.700012 1277.099976 241.300003
196681140 1.733829 19.746653 0.353100 28.000000 925.000000 332.200012
179838039 12.498439 2.530262 0.537460 310.000000 1398.500000 63.299999
183765057 14.503166 8.564584 0.503630 335.399994 1296.599976 201.699997
191652755 1.149059 4.074502 0.419230 23.000000 1146.699951 81.699997
194392103 5.175006 12.883201 0.385360 93.660004 1034.160034 237.500000
178649560 17.769560 8.631732 0.548640 440.470001 1374.420044 219.089996
199206423 16.580765 4.550073 0.310740 248.500000 834.599976 69.300003
187921000 7.576398 15.960492 0.462350 159.149994 1196.550049 345.230011
182565566 7.937968 19.916553 0.513220 178.800003 1282.300049 469.100006
203068403 11.698702 13.470032 0.215360 121.900002 588.700012 144.000000
180873903 6.023038 5.904354 0.528690 147.520004 1398.119995 145.389999
189210722 5.988948 10.805837 0.446830 124.800003 1189.599976 228.300003
183091130 9.942244 3.707114 0.506440 234.500000 1337.800049 88.000000
178651892 15.579009 7.047928 0.545410 387.100006 1388.400024 178.199997
193425912 4.893509 9.882677 0.398060 92.199997 1076.900024 188.300003
178652142 16.814053 8.462705 0.546270 416.109985 1376.989990 214.029999
190887151 8.482325 3.072494 0.430330 173.399994 1162.699951 63.099998
182548124 10.503007 4.583221 0.513100 250.169998 1349.380005 110.010002
195566358 14.242211 4.510540 0.370930 252.300003 994.000000 80.900002
194388838 12.940059 8.423532 0.385790 236.199997 1028.000000 156.199997
183629430 3.283957 8.731486 0.505690 76.959999 1341.310059 206.339996
187915196 12.754239 0.734043 0.459640 275.700012 1218.000000 16.000000
182545802 11.651474 2.774285 0.514520 278.399994 1350.099976 66.800003
201185023 0.811367 19.445648 0.272050 10.300000 727.299988 256.799988
202376003 0.616787 9.197151 0.240630 7.300000 678.099976 109.800003
187071793 10.023917 12.262732 0.471980 217.500000 1230.500000 271.600006
185757043 17.228018 2.536943 0.484160 387.019989 1248.079956 57.900002
191671933 14.720434 12.998070 0.419910 285.109985 1085.189941 259.000000
194682355 6.145554 0.732995 0.384520 113.800003 1056.900024 13.600000
204380196 4.658281 4.673976 0.152540 35.919998 440.779999 36.160000
179116987 4.577931 2.221622 0.543660 115.510002 1442.560059 56.139999
179258008 18.839787 11.428545 0.541340 456.700012 1338.500000 285.899994
197191871 2.030998 3.256094 0.346610 34.200001 964.400024 54.900002
188353684 7.696178 10.953618 0.456800 163.300003 1208.400024 236.000000
190582590 16.060549 2.729710 0.435740 329.000000 1142.800049 56.700001
192394881 4.241126 10.685265 0.414450 82.699997 1115.199951 211.000000
195858249 7.783012 17.689726 0.366290 131.199997 959.900024 309.000000
179723669 1.960547 18.187487 0.537670 46.619999 1361.890015 447.700012
200361660 5.168646 9.127511 0.288520 72.500000 801.500000 129.300003
196728404 19.579416 8.709883 0.353000 325.609985 915.450012 148.850006
199615782 9.694502 16.541912 0.303620 138.000000 807.799988 243.399994
183644769 8.464174 14.757735 0.505770 193.500000 1300.300049 346.299988
199604412 0.295317 12.223384 0.302910 4.300000 833.690002 180.610001
187147896 19.875711 12.313013 0.471800 424.600006 1174.500000 272.600006
191671870 14.157551 14.357019 0.420420 273.149994 1082.859985 285.850006
178660907 18.194965 14.497926 0.548310 441.079987 1341.949951 365.260010
180887374 2.866601 15.305165 0.528890 68.199997 1362.000000 373.200012
194707200 9.830089 19.376341 0.381770 170.100006 981.700012 350.399994
179724000 0.118484 19.014353 0.536730 2.800000 1354.000000 466.600006
186113319 11.593716 0.405653 0.480210 260.959991 1272.000000 9.190000
196131203 12.897563 0.410698 0.361410 224.199997 979.099976 7.200000
193408091 12.258761 5.528253 0.398510 232.100006 1068.199951 105.800003
192735032 12.619549 10.978420 0.408500 240.899994 1076.000000 213.899994
178524987 8.811329 12.206257 0.547320 218.100006 1407.000000 308.000000
185158083 3.440327 9.103087 0.486960 77.900002 1295.800049 208.000000
201465825 16.485796 3.116522 0.264890 213.149994 720.250000 40.900002
197661487 9.580661 17.361183 0.337220 149.699997 886.900024 281.200012
182555807 12.846340 8.698216 0.514480 303.299988 1330.000000 208.699997
200194819 4.124247 17.533478 0.294600 57.000000 790.500000 250.399994
185650561 11.888644 14.773465 0.482900 259.950012 1234.780029 332.769989
184676668 9.770708 11.800279 0.491760 220.300003 1279.300049 271.200012
189214579 8.750161 11.016808 0.448110 182.300003 1184.400024 233.300003
198128599 4.052452 14.166002 0.331170 63.500000 896.299988 226.800003
191671426 11.576715 16.317900 0.421000 222.300003 1085.199951 324.299988
183085371 2.972855 3.318143 0.505880 70.400002 1355.599976 78.699997
187024953 12.965823 15.420841 0.470470 275.799988 1197.859985 339.059998
188908738 19.320196 17.374250 0.452290 388.700012 1108.699951 367.600006
204044142 4.077410 3.634837 0.173820 35.720001 501.089996 31.910000
203347808 18.086443 19.628813 0.205310 172.699997 528.799988 198.399994
187918670 1.233597 13.701411 0.461180 26.200001 1216.699951 296.700012
195852984 14.922830 6.020156 0.367190 261.019989 979.400024 106.889999
185647687 13.377590 8.343138 0.486490 300.700012 1264.400024 190.600006
204219995 6.706128 19.046432 0.164540 52.700001 448.200012 155.800003
179728300 12.474533 16.537996 0.537240 296.799988 1341.599976 408.000000
202017504 9.994909 5.822350 0.250890 123.400002 700.200012 72.500000
194793322 19.252268 18.906433 0.382970 330.399994 946.000000 343.200012
203492623 14.251802 16.431292 0.198300 134.899994 531.099976 161.600006
198998766 17.060114 1.500243 0.317020 261.000000 850.500000 23.299999
188794006 5.706700 17.459684 0.451120 116.500000 1165.800049 368.500000
204275924 12.369900 12.403393 0.160780 97.680000 445.410004 100.279999
183237150 19.370396 10.567947 0.508050 445.010010 1265.750000 250.320007
196671548 1.919235 8.278405 0.356440 32.869999 980.900024 142.800003
192134261 19.510761 11.448086 0.417760 375.200012 1058.900024 227.500000
200007917 2.666506 17.549702 0.296580 37.099998 796.599976 252.199997
180867629 9.001635 6.677701 0.525550 218.500000 1379.300049 163.500000
179848927 16.405891 13.619692 0.537920 393.880005 1337.790039 337.890015
182697154 16.790903 16.348482 0.513040 381.600006 1264.660034 387.500000
189216253 8.739257 14.929698 0.446940 178.809998 1163.219971 313.799988
186237104 16.712736 2.305411 0.481920 374.299988 1246.599976 52.400002
192745280 8.392371 19.478844 0.406490 153.860001 1042.890015 372.869995
198131941 4.208138 18.194075 0.329490 64.300003 873.900024 288.000000
187025201 0.370565 16.155149 0.469170 7.900000 1221.709961 353.910004
198361590 7.123423 11.890806 0.325270 110.599998 885.000000 187.800003
185159066 3.724732 7.605526 0.487900 84.800003 1302.599976 174.300003
197408867 18.067230 6.476779 0.340990 293.399994 899.400024 107.400002
190482027 1.497297 11.953676 0.433600 30.299999 1159.199951 245.500000
203565961 2.750219 4.137057 0.194210 26.799999 557.900024 40.400002
187069067 6.425093 12.688502 0.468990 138.809998 1232.689941 279.290009
189213524 5.625216 16.256428 0.449480 115.199997 1169.599976 342.700012
182564864 12.718659 14.947833 0.514010 293.320007 1299.569946 355.679993
201750495 18.960125 9.473758 0.258270 235.399994 685.200012 120.900002
192024736 2.149164 7.062179 0.416050 42.500000 1132.500000 140.399994
187478645 10.326268 15.082584 0.465700 218.699997 1200.300049 328.799988
192390045 11.995351 3.162436 0.412410 235.100006 1106.500000 62.500000
196934285 2.066119 2.730731 0.351600 35.270000 977.630005 46.660000
188395178 3.962912 5.645085 0.456080 85.300003 1231.300049 122.000000
183190675 19.155922 19.021723 0.509810 424.700012 1222.599976 446.200012
190486997 11.500787 8.480848 0.433300 233.600006 1148.099976 174.699997
202144747 11.909657 3.193268 0.246820 145.000000 687.500000 39.200001
197692214 0.159975 8.333258 0.336740 2.600000 931.200012 136.399994
187060518 8.898514 1.479044 0.471880 197.699997 1262.699951 33.000000
184295558 16.260561 17.273270 0.500430 360.100006 1234.599976 399.899994
197161290 14.182459 15.145413 0.345960 228.199997 903.000000 252.100006
201181250 17.201777 6.830584 0.271920 226.399994 731.299988 91.699997
178663515 18.467588 18.260555 0.549310 439.600006 1316.300049 457.899994
197408023 12.570953 7.819423 0.341170 205.399994 921.099976 129.600006
185599187 2.054908 19.937143 0.483040 44.000000 1226.300049 445.100006
193076758 3.174506 15.704254 0.405660 59.500000 1072.800049 302.100006
188038191 17.651218 11.782957 0.460410 371.269989 1166.760010 255.410004
179727358 10.888018 14.332336 0.537900 262.600006 1365.199951 355.200012
197161802 15.614172 13.731261 0.348360 253.899994 908.500000 230.500000
197200844 8.619061 11.947667 0.345870 141.440002 933.130005 199.710007
184282908 14.437125 3.007499 0.497530 333.600006 1295.800049 70.300003
201478700 15.446417 16.114058 0.264770 192.399994 696.299988 208.699997
191681173 8.250891 17.796553 0.419060 157.059998 1083.089966 351.309998
184666159 2.402274 7.561493 0.491730 55.099998 1313.400024 174.500000
203169737 1.581201 17.808670 0.210630 15.900000 576.000000 185.100006
189759805 18.587814 19.238480 0.441690 362.700012 1078.500000 397.100006
187960530 7.078064 0.679523 0.462720 154.800003 1246.699951 14.900000
200011193 12.792028 18.939751 0.295570 174.600006 769.000000 270.600006
183087162 4.332758 3.234642 0.509460 103.199997 1362.099976 77.199997
201471746 3.234774 16.363110 0.265380 40.799999 721.900024 212.300003
203858359 15.919679 11.103222 0.183450 142.699997 500.299988 102.099998
194984638 8.743679 0.849141 0.380380 160.000000 1040.300049 15.600000
194068834 1.349637 2.272788 0.390940 25.400000 1078.099976 42.799999
186238476 14.524263 6.724918 0.480350 323.500000 1248.699951 152.100006
184148369 0.457604 4.366515 0.499100 10.700000 1339.699951 102.300003
186127256 13.531206 11.893827 0.477800 295.980011 1229.880005 266.429993
201184072 1.635806 0.029658 0.271420 21.969999 769.369995 0.400000
190496785 0.824748 19.632471 0.434510 16.100000 1118.400024 399.000000
185631440 1.683911 3.376576 0.484590 38.400002 1306.199951 77.099998
188353258 4.921481 10.249121 0.457520 105.000000 1219.400024 221.300003
187138028 18.121469 7.333369 0.470940 393.700012 1203.000000 162.899994
189626657 2.135560 4.967746 0.442350 44.799999 1201.400024 104.500000
201888681 19.173960 11.255725 0.254560 233.389999 671.200012 141.419998
198355791 13.696236 5.533669 0.326910 215.800003 885.500000 88.300003
187599397 19.619522 12.110373 0.465910 415.000000 1164.199951 265.200012
187023100 10.514790 13.735249 0.468980 225.399994 1214.400024 301.899994
193418242 2.227289 17.161701 0.399790 40.900002 1051.599976 325.000000
201882855 11.760188 3.886623 0.253950 147.000000 706.099976 49.000000
196137321 4.777657 12.274428 0.362620 82.000000 981.099976 214.199997
191666551 5.118489 15.177191 0.419950 99.160004 1107.020020 301.500000
183109120 6.252963 16.592155 0.510210 143.000000 1305.099976 391.200012
184799743 17.216131 8.007291 0.494070 390.299988 1259.599976 185.500000
182546714 10.345004 4.108623 0.512690 246.419998 1349.959961 98.570000
196942516 1.491275 10.052968 0.350120 25.000000 960.299988 170.300003
200869786 16.694954 13.395961 0.278680 220.500000 735.200012 182.800003
179136822 8.833387 16.094984 0.542260 213.199997 1371.900024 400.600006
197890732 17.136410 1.819710 0.335640 276.329987 896.200012 29.799999
195850084 10.396668 4.922328 0.365120 182.300003 993.599976 87.000000
187588468 18.908339 1.328891 0.465620 409.299988 1194.900024 29.299999
193081692 12.271875 13.994959 0.401890 228.250000 1049.310059 267.640015
195849230 6.638206 9.106999 0.364660 115.599998 993.299988 160.300003
198124565 17.198874 1.994344 0.331280 273.940002 885.030029 32.259998
182679589 18.279791 3.753532 0.514850 432.200012 1308.400024 90.400002
194078791 14.432135 14.970632 0.391530 260.209991 1011.109985 279.179993
180445574 19.619455 12.908859 0.534340 466.899994 1309.800049 318.700012
192736639 10.467266 14.777512 0.408130 197.139999 1067.089966 286.250000
198124504 17.325850 1.750025 0.330690 275.489990 883.090027 28.260000
202376273 4.646094 10.683433 0.237930 54.099998 665.700012 126.000000
186602408 5.747072 13.648667 0.475250 125.199997 1244.000000 303.600006
202155907 15.871259 17.720224 0.246230 182.899994 643.299988 213.699997
197665318 14.126233 15.410135 0.338660 222.600006 884.500000 251.399994
181995330 10.440579 4.497848 0.518680 251.100006 1362.699951 109.000000
184289533 13.474659 7.902092 0.498460 309.760010 1292.770020 184.509995
188775518 3.416379 5.661199 0.452970 73.099998 1224.500000 121.599998
197419357 16.762749 18.128094 0.343350 262.640015 871.940002 298.140015
198793614 15.453275 6.600163 0.318380 236.500000 855.500000 102.699997
