187512050 0.643288 0.684013 0.466230 14.200000 1264.699951 15.100000
189622815 0.860744 1.777602 0.444540 18.200001 1211.400024 37.599998
187057001 2.316992 2.749878 0.470770 51.520000 1273.310059 61.209999
203328429 2.246211 4.613232 0.205330 23.080000 588.299988 47.509998
194980058 2.985213 0.278710 0.378720 54.599998 1047.000000 5.100000
178512329 4.881615 2.194422 0.548930 124.190002 1454.109985 55.919998
188392122 1.151103 1.776613 0.458050 25.000000 1244.199951 38.599998
192020274 2.532537 0.321484 0.415510 50.400002 1139.500000 6.400000
192020370 3.492687 0.592615 0.415610 69.500000 1138.699951 11.800000
182539762 2.802756 1.714625 0.512210 67.190002 1372.420044 41.130001
203411186 0.683475 3.719125 0.201330 6.900000 578.400024 37.599998
199200717 0.717394 3.287100 0.310150 10.900000 870.500000 50.000000
188821126 2.198378 0.192518 0.452930 47.279999 1231.680054 4.140000
197191716 1.136539 3.723713 0.347450 19.170000 966.500000 62.910000
189200174 1.822497 3.465481 0.446100 38.599998 1213.099976 73.500000
179114272 0.904973 4.513072 0.542920 22.780001 1441.869995 113.820000
181437510 1.730215 4.693297 0.521150 42.000000 1390.400024 114.199997
197442192 1.037796 1.347109 0.340920 17.240000 951.520020 22.379999
192726508 2.818971 2.759748 0.410340 55.400002 1125.099976 54.299999
187959979 3.818040 1.114159 0.459970 83.199997 1246.699951 24.299999
187512014 0.486106 0.781135 0.465630 10.720000 1263.239990 17.219999
193068014 1.600595 0.155568 0.402270 30.940001 1107.209961 3.010000
184656508 2.836079 0.913361 0.495430 66.040001 1333.109985 21.280001
190049664 1.272054 4.940257 0.438340 26.469999 1192.199951 103.080002
192382648 3.639044 1.312228 0.413550 72.070000 1133.160034 26.010000
190881361 3.505122 0.292722 0.429170 71.800003 1172.199951 6.000000
196127384 3.096357 3.544611 0.363930 54.500000 1007.500000 62.500000
197191853 2.023049 3.194705 0.344750 33.900002 959.700012 53.599998
190471557 4.025414 0.004828 0.434140 83.300003 1183.699951 0.100000
199993194 0.336747 4.177842 0.296410 4.900000 833.700012 60.900002
180295583 4.860661 3.356666 0.534640 120.730003 1419.709961 83.570000
190882370 4.805152 2.158520 0.432050 98.900002 1176.500000 44.500000
193743040 0.214786 1.707302 0.396890 4.100000 1093.699951 32.599998
184659134 4.270746 2.769058 0.492840 98.839996 1323.510010 64.190002
182540294 1.989219 4.117083 0.511060 47.500000 1367.599976 98.500000
195273249 1.328103 2.946631 0.374140 24.000000 1035.199951 53.299999
194379680 1.928368 3.408701 0.389130 36.099998 1072.199951 63.900002
187056833 2.405099 2.020116 0.468730 53.299999 1269.000000 44.799999
190046528 2.520077 0.162533 0.439000 52.700001 1197.400024 3.400000
203982676 4.733323 3.419132 0.175750 41.910000 506.119995 30.340000
192385180 0.157559 4.741330 0.411710 3.100000 1127.300049 93.500000
178509251 3.143978 3.163343 0.547560 79.800003 1452.880005 80.419998
180295499 3.622553 3.916045 0.534160 89.900002 1420.000000 97.400002
201600657 4.409450 0.583694 0.258900 56.599998 734.000000 7.500000
189623620 2.430193 2.579561 0.443140 51.200001 1206.400024 54.400002
197926416 1.144539 0.838397 0.334860 18.700001 936.000000 13.700000
185149487 0.266248 3.729043 0.490830 6.140000 1321.119995 86.110001
194060151 4.274551 3.886545 0.390630 80.199997 1073.000000 73.099998
196126940 1.670062 2.885917 0.361050 29.209999 1001.849976 50.529999
204379992 4.751891 2.724899 0.153330 36.900002 443.899994 21.200001
200359669 4.836745 4.364792 0.288840 68.599998 810.700012 62.099998
190471259 2.044011 2.303618 0.434930 42.360001 1186.859985 47.770000
187056170 0.504592 1.232048 0.470660 11.230000 1275.209961 27.430000
183085304 3.204107 1.161303 0.506760 76.099998 1359.400024 27.600000
193068221 3.201335 0.232608 0.402590 61.900002 1106.699951 4.500000
191273712 3.432340 2.235292 0.425950 69.779999 1163.479980 45.500000
189622789 0.528971 1.723334 0.445180 11.200000 1213.099976 36.500000
203095510 0.920298 2.665893 0.214940 9.900000 616.299988 28.700001
178510792 2.979016 0.238996 0.549760 76.000000 1460.400024 6.100000
197442966 2.938299 2.958502 0.340680 48.700001 948.799988 49.099998
184659277 4.565478 3.250508 0.493850 105.790001 1324.790039 75.480003
190046252 0.825102 1.879725 0.437570 17.200001 1194.300049 39.200001
189622968 1.799498 0.793298 0.445060 38.099998 1212.699951 16.799999
196934741 4.004879 2.553914 0.348620 67.800003 968.400024 43.299999
185148507 2.306160 0.940113 0.487990 52.990002 1315.920044 21.610001
200707460 3.998274 1.031097 0.280800 55.400002 792.599976 14.300000
189623896 0.785602 2.865441 0.444580 16.600000 1210.599976 60.599998
188392099 0.999809 2.146623 0.455460 21.600000 1237.699951 46.400002
188821001 1.590294 2.644647 0.452850 34.169998 1230.609985 56.860001
192726359 0.907600 3.945218 0.409790 17.799999 1123.599976 77.500000
201319783 0.307159 0.129126 0.267120 4.060000 758.200012 1.710000
189623882 0.866534 2.419708 0.445210 18.340000 1212.560059 51.240002
185148859 3.359898 0.485006 0.490180 77.500000 1320.079956 11.190000
194380125 3.445028 3.482691 0.387340 64.190002 1066.290039 65.010002
191272246 4.858857 3.588129 0.424000 98.199997 1155.199951 72.699997
200871528 0.436870 4.059860 0.276870 5.960000 782.219971 55.520000
187512297 1.099358 1.465401 0.467090 24.299999 1266.300049 32.400002
194379800 4.944630 0.842704 0.386260 92.000000 1063.400024 15.700000
186590369 4.468306 2.567733 0.475800 100.239998 1282.739990 57.700001
200177195 1.636051 2.005988 0.291990 23.520000 823.440002 28.850000
197192146 3.803803 3.150471 0.346460 64.000000 962.599976 53.099998
193743333 2.358372 0.825243 0.396450 44.980000 1092.040039 15.740000
179703861 1.004361 2.746670 0.535690 25.030001 1427.859985 68.510002
202592592 3.659361 3.221741 0.232280 42.330002 661.940002 37.340000
190472955 0.328090 4.933222 0.436300 6.800000 1187.500000 102.500000
201176135 4.496480 4.221746 0.270080 59.900002 761.700012 56.400002
197689245 2.392008 1.729232 0.338020 39.400002 943.200012 28.500000
181997333 3.317981 0.055209 0.518680 80.440002 1387.579956 1.340000
189202073 2.427170 4.528980 0.449650 51.700001 1219.699951 96.699997
186588426 2.587752 2.758984 0.474120 57.900002 1281.099976 61.799999
180869091 0.513868 1.246018 0.529970 12.700000 1416.000000 30.799999
178510007 1.410766 4.070904 0.546010 35.700001 1449.599976 103.199997
195846115 4.693578 3.336941 0.364990 82.800003 1008.500000 59.000000
183621949 3.526632 0.556468 0.505640 83.599998 1356.500000 13.200000
179707330 4.032082 2.576186 0.537950 100.800003 1430.000000 64.500000
183084956 0.583303 2.336073 0.508750 13.900000 1365.300049 55.700001
189623611 2.191863 2.267398 0.442760 46.160000 1205.939941 47.779999
204226616 4.928575 2.009602 0.162080 40.400002 468.500000 16.500000
181435912 1.910658 0.221841 0.520710 46.500000 1393.900024 5.400000
197443009 2.705443 4.557857 0.342650 45.000000 952.299988 76.000000
188392180 0.187420 3.723030 0.455710 4.050000 1236.739990 80.480003
199992662 0.066331 0.311786 0.298090 0.970000 840.340027 4.570000
201460848 4.250464 0.011086 0.264620 55.700001 749.469971 0.150000
191273394 3.161622 2.482367 0.427620 64.500000 1167.699951 50.700001
203328229 2.526970 3.113486 0.206120 26.100000 591.400024 32.200001
183087092 4.369119 2.472319 0.509270 104.099998 1362.500000 59.000000
198158890 3.635547 1.994147 0.331860 58.840000 926.099976 32.310001
181998111 2.079186 4.680137 0.519160 50.299999 1385.500000 113.500000
202700090 0.208600 0.165141 0.230390 2.400000 659.200012 1.900000
193068310 3.538624 0.176821 0.403280 68.519997 1108.050049 3.430000
189199530 1.394091 2.659273 0.448610 29.700001 1220.400024 56.700001
185149116 3.214023 1.540682 0.489330 74.000000 1317.800049 35.500000
198573028 0.488557 3.333607 0.322630 7.700000 903.000000 52.599998
180869174 1.691587 0.767761 0.529170 41.750000 1413.780029 18.950001
194380006 2.952651 3.385822 0.388650 55.200001 1070.199951 63.400002
190881344 2.109216 3.896011 0.428840 43.090000 1170.099976 79.739998
181997191 2.774941 1.208771 0.518060 67.199997 1386.520020 29.290001
181437050 0.072717 4.827815 0.524660 1.780000 1398.969971 118.160004
181436891 3.243469 2.440033 0.524950 79.400002 1401.099976 59.799999
202804007 3.093105 2.921239 0.226820 35.000000 647.700012 33.099998
179113868 3.059722 2.116906 0.544870 77.400002 1448.000000 53.599998
194979700 0.659671 0.714713 0.377320 12.030000 1044.760010 13.030000
196402598 0.769102 4.484763 0.360190 13.400000 998.200012 78.300003
189623215 2.653226 1.148694 0.444540 56.099998 1210.599976 24.299999
202375589 2.339009 1.436120 0.240370 28.000000 685.500000 17.200001
203245821 3.267764 2.938724 0.209000 34.200001 599.000000 30.799999
194980245 4.872801 0.847428 0.379220 89.160004 1045.810059 15.530000
188392164 0.091022 3.436527 0.455720 1.970000 1237.150024 74.290001
181436859 2.863636 2.827292 0.521630 69.699997 1393.400024 68.900002
196933589 3.633144 0.564763 0.352010 62.130001 978.419983 9.660000
186108120 3.126142 2.808555 0.479980 70.699997 1294.500000 63.599998
187512145 0.968710 0.445667 0.464190 21.299999 1259.699951 9.800000
193743140 1.703190 1.002116 0.395980 32.450001 1091.260010 19.100000
178511642 3.874611 1.940970 0.549370 98.699997 1457.300049 49.500000
199993529 4.600177 4.978698 0.295960 66.699997 828.919983 72.440002
188393352 3.021191 3.751829 0.455100 65.099998 1233.520020 81.000000
182541227 4.872832 2.011073 0.511710 116.599998 1367.699951 48.200001
187057744 3.499503 4.307335 0.471750 77.800003 1272.199951 96.000000
181435829 1.575278 2.119970 0.525240 38.610001 1403.810059 51.980000
184657480 1.546524 4.341283 0.493490 35.799999 1326.000000 100.699997
189199744 1.317669 3.979189 0.447990 28.000000 1217.300049 84.699997
192020568 0.656417 2.070718 0.416310 13.080000 1141.790039 41.290001
179114973 1.353536 3.429036 0.542770 34.099998 1443.199951 86.500000
178510669 0.066760 1.727381 0.548580 1.700000 1459.000000 44.000000
195273489 2.607316 3.878891 0.376240 47.299999 1038.699951 70.500000
186588592 3.466196 3.549163 0.472920 77.300003 1276.199951 79.300003
191652014 1.110939 0.863621 0.420720 22.360001 1153.170044 17.389999
178509358 0.936858 4.265095 0.545930 23.700001 1449.300049 108.099998
186107985 3.481082 1.159489 0.478640 78.599998 1292.099976 26.200001
180869317 0.156029 3.138983 0.526220 3.830000 1405.500000 77.080002
191272772 1.439501 0.312043 0.425730 29.290001 1165.520020 6.350000
190471260 2.084669 2.261543 0.434900 43.200001 1186.800049 46.900002
183087276 4.705734 3.339871 0.508670 111.900002 1359.400024 79.599998
189624351 3.589689 1.446048 0.441480 75.400002 1201.900024 30.400000
178509249 3.145792 3.181354 0.547270 79.809998 1452.189941 80.839996
189198745 2.276114 0.644586 0.449380 48.610001 1222.900024 13.770000
187059137 4.770252 3.206775 0.472280 106.230003 1273.040039 71.570000
199802000 1.700153 0.053965 0.301520 25.200001 849.000000 0.800000
184656734 2.546141 1.577517 0.494680 59.200001 1331.300049 36.700001
180292366 2.434757 0.012130 0.530270 60.200001 1415.800049 0.300000
187958962 2.807984 3.995462 0.461890 61.299999 1249.800049 87.400002
203786344 4.150072 1.270650 0.184150 38.500000 530.599976 11.800000
194068671 3.163725 0.844578 0.393420 59.900002 1083.699951 16.000000
191271754 3.372635 2.186268 0.423660 68.239998 1157.939941 44.279999
204272030 3.310957 0.976286 0.160800 26.959999 466.070007 7.960000
178511202 2.296268 4.106956 0.549030 58.380001 1455.790039 104.610001
202263884 4.700616 2.317219 0.240850 56.299999 684.700012 27.799999
181436531 2.239224 1.765718 0.521070 54.500000 1393.800049 43.000000
203718989 2.155163 1.359479 0.189850 20.600000 547.400024 13.000000
189200028 2.281194 3.120942 0.446850 48.400002 1215.000000 66.300003
197689164 1.263315 1.202305 0.337700 20.799999 943.200012 19.799999
185632160 1.237706 4.833240 0.483130 28.100000 1300.599976 110.000000
182541007 4.641675 0.347697 0.514180 111.620003 1374.760010 8.370000
196934025 0.879341 3.625253 0.348870 14.890000 970.309998 61.480000
179117619 4.777867 3.469437 0.540510 119.800003 1433.300049 87.199997
202015079 0.769514 0.072899 0.248180 9.500000 707.299988 0.900000
197192219 3.844136 4.184622 0.346440 64.599998 961.400024 70.500000
186588296 2.296918 2.368955 0.473800 51.380001 1280.989990 53.040001
183620647 1.178077 4.274506 0.502220 27.700001 1347.000000 100.699997
186591509 4.787372 4.690927 0.475660 107.099998 1278.800049 105.300003
185148374 2.053811 0.605962 0.486800 47.099998 1313.400024 13.900000
184147036 3.371231 0.397638 0.497590 78.800003 1337.699951 9.300000
192383133 3.174226 1.797891 0.413130 62.799999 1132.400024 35.599998
180293291 0.592319 3.705816 0.533640 14.700000 1421.900024 92.099998
200177029 0.327282 0.682381 0.291460 4.700000 822.799988 9.800000
179707887 4.014105 4.993818 0.536900 99.900002 1423.599976 124.699997
194068711 3.912023 0.349580 0.391930 73.800003 1079.199951 6.600000
185631044 0.685197 1.558842 0.482900 15.600000 1304.400024 35.500000
197926950 0.710267 2.441533 0.334990 11.600000 935.700012 39.900002
181436115 1.980739 0.957215 0.520730 48.200001 1393.699951 23.299999
191273072 2.216794 2.146287 0.425030 45.000000 1162.500000 43.599998
203786021 2.085690 1.171435 0.184520 19.400000 532.700012 10.900000
179116278 3.843777 1.568369 0.544630 97.199997 1446.699951 39.700001
199992977 1.957850 3.390284 0.294930 28.379999 830.099976 49.200001
203245461 2.026397 1.692576 0.209690 21.299999 602.000000 17.799999
194681846 4.914635 1.734633 0.382130 90.519997 1052.699951 32.000000
181989977 4.505833 1.268084 0.515620 108.599998 1378.099976 30.600000
178511022 0.385374 3.056473 0.548340 9.800000 1457.000000 77.800003
202375877 1.934537 4.595286 0.240450 23.100000 683.900024 55.000000
180869058 0.281124 1.483600 0.527920 6.920000 1411.099976 36.549999
201028056 4.990118 0.492488 0.275090 67.800003 776.500000 6.700000
187957354 0.347271 1.324867 0.461850 7.600000 1253.900024 29.000000
180293717 1.367949 3.295221 0.534330 34.000000 1423.800049 82.000000
185631000 0.070108 0.035054 0.483990 1.600000 1307.599976 0.800000
194979988 2.130011 3.510133 0.378780 38.900002 1045.900024 64.199997
192021115 3.080525 2.906045 0.416880 61.400002 1140.900024 58.000000
187058886 4.551977 3.622093 0.469450 100.800003 1266.099976 80.400002
189623161 1.824000 1.554009 0.444960 38.599998 1212.099976 32.900002
192021009 2.078390 2.849813 0.418680 41.599998 1146.300049 57.099998
184657282 1.326278 4.053318 0.493170 30.700001 1325.839966 93.980003
188773971 3.209051 3.807802 0.452580 68.800003 1227.099976 81.800003
186591472 4.849655 4.282290 0.475400 108.500000 1278.800049 96.099998
183087122 4.471544 3.161739 0.509690 106.550003 1362.489990 75.489998
198992700 0.883603 2.006697 0.314140 13.600000 881.799988 30.900000
180870583 0.745011 4.675296 0.528150 18.299999 1407.300049 115.099998
189624028 1.646847 3.270757 0.444840 34.799999 1210.400024 69.199997
190049528 1.169067 4.940745 0.438060 24.320000 1191.579956 103.029999
191272251 4.697938 3.816724 0.423850 94.900002 1154.800049 77.300003
185151223 4.724495 1.795141 0.491450 109.110001 1320.280029 41.520000
181435123 0.580874 1.668490 0.523510 14.200000 1400.599976 40.799999
186588771 1.032597 3.765967 0.476190 23.180000 1285.890015 84.660004
202375449 1.170721 0.490500 0.240070 14.000000 685.299988 5.870000
187960939 4.385363 3.889834 0.461930 95.699997 1247.900024 85.099998
184658713 4.331140 1.989972 0.492360 100.199997 1323.000000 46.099998
201027857 2.410491 3.051801 0.273260 32.529999 772.830017 41.240002
195845849 3.730604 2.295990 0.364790 65.860001 1010.130005 40.590000
179707294 3.831414 2.729968 0.539060 95.949997 1432.739990 68.470001
183619927 1.425963 1.975051 0.503900 33.700001 1353.800049 46.700001
186591426 4.732016 4.707060 0.473830 105.500000 1274.500000 105.300003
200358600 1.042008 0.999891 0.290170 14.900000 819.200012 14.300000
187514104 3.955332 2.385363 0.465790 87.099998 1259.699951 52.599998
191273277 0.182172 4.094344 0.426040 3.700000 1163.699951 83.300003
179704906 1.206260 3.565814 0.536920 30.100000 1429.500000 89.099998
183622013 4.686108 0.708674 0.501870 110.300003 1345.599976 16.700001
197444114 3.379119 2.847880 0.343290 56.400002 955.200012 47.599998
187058995 4.925935 2.902308 0.472200 109.709999 1272.910034 64.769997
196934777 4.248956 3.092839 0.351300 72.400002 974.500000 52.799999
191271474 0.227011 3.499491 0.424620 4.600000 1161.000000 71.000000
187957326 0.326338 1.196632 0.462690 7.150000 1256.010010 26.240000
192020163 1.135461 1.391788 0.417850 22.709999 1145.869995 27.850000
194681918 4.877438 2.135371 0.384400 90.300003 1058.199951 39.599998
198158853 2.645204 2.198355 0.331680 42.799999 926.400024 35.599998
191276234 1.385680 4.471810 0.427260 28.200001 1165.800049 91.199997
183620371 3.348009 2.389295 0.501980 78.800003 1347.000000 56.299999
180294656 3.730265 1.680763 0.535180 92.900002 1424.900024 41.900002
182541529 4.575578 2.263404 0.514460 110.000000 1374.500000 54.500000
180869910 2.805258 2.202455 0.528500 69.099998 1410.199951 54.299999
179115221 1.579024 4.867536 0.544230 39.799999 1443.800049 123.000000
180870503 0.314136 4.596067 0.526790 7.700000 1404.400024 112.900002
184146503 0.608506 0.184417 0.497710 14.230000 1340.260010 4.310000
179703702 0.869665 2.115885 0.538070 21.770000 1434.130005 52.990002
186588439 2.537295 2.728525 0.475940 56.970001 1285.560059 61.330002
196934177 0.692611 3.862100 0.351210 11.800000 976.099976 65.900002
197443004 2.854306 4.232928 0.342690 47.500000 952.700012 70.599998
192023562 3.960736 4.944710 0.417310 78.800003 1138.099976 98.699997
201027979 4.734843 0.184456 0.273990 64.099998 773.900024 2.500000
181437984 3.645421 0.186814 0.523720 89.120003 1398.900024 4.570000
186588452 2.276712 2.789751 0.476160 51.139999 1286.260010 62.730000
183084776 0.370269 1.829674 0.507020 8.800000 1361.699951 43.500000
197690365 2.608043 2.611368 0.340310 43.200001 948.400024 43.299999
183622757 4.969835 3.563039 0.503350 117.050003 1346.030029 84.129997
202700284 1.798088 2.111015 0.229570 20.600000 656.200012 24.200001
196670569 0.092909 4.946681 0.355900 1.600000 986.700012 85.400002
202263608 0.746645 1.128085 0.242040 9.000000 690.599976 13.600000
200358790 1.703173 3.035565 0.287350 24.100000 810.500000 43.000000
201028247 0.816459 3.980125 0.275610 11.100000 778.900024 54.200001
203565907 3.091662 4.305606 0.194380 30.139999 558.080017 42.080002
181436327 2.956444 0.111062 0.524180 72.349998 1400.959961 2.720000
198993360 0.350032 4.050990 0.315550 5.400000 883.900024 62.599998
202483316 0.377110 3.987455 0.234420 4.400000 668.500000 46.599998
193743186 1.867379 0.978514 0.396980 35.660000 1093.680054 18.690001
180291735 0.314322 1.599393 0.532540 7.800000 1421.800049 39.700001
187516100 4.787333 4.131586 0.467780 105.599998 1260.900024 91.400002
202999120 4.414948 3.246906 0.217210 47.900002 620.400024 35.299999
189625311 3.864822 2.576017 0.443820 81.500000 1206.400024 54.400002
186107819 1.384094 2.371780 0.477820 31.200001 1291.300049 53.500000
181997441 3.012353 0.975988 0.516810 72.800003 1383.400024 23.600000
184147823 2.486306 4.658898 0.499480 58.130001 1338.829956 109.209999
181436034 2.178359 0.845753 0.523890 53.290001 1400.969971 20.700001
180871712 4.304583 0.937956 0.529380 106.190002 1410.819946 23.160000
181988991 0.625955 1.591391 0.515620 15.100000 1382.099976 38.400002
179113565 2.561119 0.960010 0.544560 64.800003 1448.699951 24.299999
186588759 0.968989 3.725840 0.476260 21.750000 1286.130005 83.760002
192726373 2.035169 1.970995 0.406710 39.709999 1117.349976 38.480000
190049058 3.620196 3.704405 0.439530 75.599998 1194.969971 77.519997
185149302 0.733737 4.371961 0.487390 16.799999 1311.800049 100.300003
195845548 1.385052 2.987580 0.365530 24.500000 1013.299988 52.900002
183085339 3.126776 1.291820 0.508610 74.500000 1363.800049 30.799999
181990028 4.418714 2.110968 0.516400 106.599998 1379.500000 51.000000
186109268 1.855567 1.969042 0.481220 42.099998 1299.500000 44.700001
194682061 3.059357 4.174254 0.384620 56.599998 1059.000000 77.400002
197442620 0.114255 3.770960 0.342060 1.900000 952.799988 62.799999
183620509 2.996137 2.882515 0.505230 70.900002 1354.599976 68.300003
186588344 2.536115 2.089573 0.476250 57.000000 1286.900024 47.000000
190046480 1.424714 1.919350 0.440910 29.900000 1202.199951 40.299999
190047761 3.486229 1.799036 0.437340 72.599998 1191.699951 37.500000
202483386 1.850072 4.251697 0.236990 21.799999 674.900024 50.200001
179116223 3.456363 1.203697 0.545170 87.500000 1448.790039 30.500000
191273642 4.692462 0.386922 0.427320 95.699997 1165.900024 7.900000
193410947 4.968395 0.647437 0.401700 95.800003 1102.000000 12.500000
194379685 2.426548 3.628879 0.386760 45.160000 1065.640015 67.639999
184656948 3.226642 2.263597 0.494100 74.900002 1328.599976 52.599998
203411082 1.566888 0.163827 0.200790 15.810000 577.960022 1.650000
185631881 2.749949 2.260812 0.483240 62.599998 1303.280029 51.509998
180294509 4.205179 0.901671 0.530270 103.900002 1413.099976 22.299999
202263887 4.709707 2.288537 0.241260 56.500000 685.799988 27.500000
201027769 2.257777 0.858409 0.273140 30.500000 773.599976 11.600000
189201324 4.965266 3.035516 0.448500 105.599998 1215.500000 64.699997
183085333 3.297819 0.798269 0.509900 78.760002 1366.819946 19.080000
186109143 1.638090 1.456549 0.480090 37.099998 1297.300049 33.000000
202482393 0.246963 0.800446 0.235420 2.900000 672.799988 9.400000
203786133 2.731509 2.609509 0.187100 25.719999 539.130005 24.600000
179703620 0.173040 2.868232 0.538190 4.330000 1433.739990 71.830002
189623359 0.830315 2.356684 0.443120 17.500000 1207.500000 49.700001
180294708 4.192362 2.193926 0.533080 104.000000 1418.800049 54.500000
190471370 2.554974 2.998910 0.434750 52.889999 1185.329956 62.160000
203065104 2.984769 2.626187 0.213560 31.900000 611.799988 28.100000
197444036 2.640526 3.144046 0.344390 44.200001 958.400024 52.700001
187057072 2.155734 3.099710 0.469380 47.799999 1269.719971 68.809998
181436380 3.423950 0.366988 0.523200 83.639999 1398.000000 8.970000
184657613 3.296004 3.710440 0.495510 76.599998 1330.099976 86.400002
200707800 4.553325 3.532469 0.282870 63.400002 796.099976 49.299999
196129604 2.839260 4.891809 0.361610 49.599998 1000.099976 85.699997
189623918 0.987760 2.441807 0.445090 20.900000 1212.199951 51.700001
195561825 2.575044 3.038348 0.372220 46.299999 1029.500000 54.700001
197926748 3.343631 0.908897 0.336220 54.810001 938.070007 14.910000
190049108 4.905227 4.097250 0.439360 102.300003 1192.000000 85.699997
179704076 3.266508 0.223229 0.538960 81.900002 1435.000000 5.600000
199200487 3.799705 0.268401 0.311380 58.000000 873.299988 4.100000
178509146 2.992668 1.566297 0.545460 75.800003 1449.900024 39.700001
191276681 4.127288 4.893280 0.427380 83.900002 1162.699951 99.800003
195273594 3.776841 1.678748 0.373130 68.099998 1031.599976 30.299999
201600423 3.002545 1.161333 0.258510 38.500000 734.000000 14.900000
196934626 3.507704 3.909096 0.352350 59.900002 977.200012 66.900002
187512490 1.533736 3.406890 0.467860 33.900002 1266.099976 75.400002
202374023 4.633790 2.342341 0.239490 55.200001 681.099976 27.950001
184147577 1.356673 4.220822 0.496860 31.600000 1334.300049 98.500000
198572532 1.982524 0.377543 0.324930 31.500000 910.000000 6.000000
188392980 3.153249 3.561754 0.458400 68.400002 1241.599976 77.400002
190046947 3.051228 1.911382 0.439280 63.799999 1196.900024 40.000000
200359617 3.625291 4.482633 0.290430 51.700001 816.000000 64.099998
194681733 3.813353 2.278607 0.381860 70.199997 1053.199951 42.000000
196934586 3.951762 3.168730 0.350270 67.160004 972.159973 53.950001
199993307 1.931573 3.930521 0.297950 28.250000 837.539978 57.580002
203716105 1.885513 0.031773 0.187350 17.799999 540.700012 0.300000
200707178 0.521185 3.477484 0.280180 7.200000 791.500000 48.099998
198350563 0.144148 2.517830 0.326680 2.300000 914.200012 40.200001
179115358 3.125081 3.329863 0.543500 78.800003 1443.300049 84.099998
187512371 1.164887 2.423368 0.466410 25.700001 1263.900024 53.500000
201600513 3.260986 1.301495 0.259790 42.000000 737.219971 16.780001
197443264 0.557799 1.968921 0.342150 9.290000 954.479980 32.810001
197442204 1.034303 1.148341 0.341350 17.200001 952.700012 19.100000
187512522 1.925450 1.467275 0.466420 42.500000 1264.199951 32.400002
195562179 3.830852 3.933898 0.369350 68.300003 1020.000000 70.300003
201881368 4.878076 4.927705 0.254060 61.270000 717.919983 62.119999
185632107 0.538281 4.698236 0.486530 12.300000 1309.199951 107.599998
180869243 0.236035 2.176166 0.526780 5.800000 1407.900024 53.500000
191652367 3.418144 0.313265 0.420210 68.699997 1150.199951 6.300000
203786057 2.648002 1.731898 0.184360 24.600000 531.900024 16.100000
182539536 2.666368 0.883626 0.510700 63.779999 1369.469971 21.139999
181996417 1.238545 1.279518 0.517980 30.000000 1387.599976 31.000000
202592458 1.269277 2.845580 0.230800 14.610000 659.340027 32.779999
198350793 4.959421 1.034423 0.326250 79.000000 910.400024 16.500000
184148873 4.183881 1.642669 0.500320 98.199997 1342.400024 38.599998
180869011 0.194717 0.332638 0.528280 4.800000 1412.400024 8.200000
203566073 4.771236 0.264196 0.195610 46.900002 561.900024 2.600000
194980535 3.396612 2.755814 0.378740 62.049999 1045.449951 50.410000
191272896 1.902095 1.699248 0.424730 38.599998 1162.300049 34.500000
181990313 4.359963 2.722368 0.516750 105.199997 1379.800049 65.800003
187055978 0.013116 0.382035 0.469680 0.290000 1273.160034 8.490000
178509065 3.051082 1.049933 0.546590 77.430000 1452.739990 26.660000
191652256 1.699349 1.706201 0.423080 34.369999 1158.359985 34.520000
201460981 0.584552 3.295945 0.262620 7.600000 744.900024 42.900002
193068152 1.792323 1.348923 0.404390 34.799999 1112.099976 26.200001
184147413 1.949833 3.180128 0.497290 45.500000 1336.500000 74.300003
193410358 1.167340 2.385018 0.401370 22.500000 1104.199951 46.000000
184657598 3.577139 3.591613 0.495260 83.099998 1329.300049 83.599998
186588387 2.084021 2.922463 0.476090 46.799999 1286.099976 65.699997
198119083 3.644569 2.825626 0.329720 58.599998 920.000000 45.500000
180292854 3.386999 2.972295 0.534570 84.199997 1422.699951 74.000000
203719006 2.719820 1.752501 0.189180 25.900000 545.200012 16.700001
202482997 3.244859 1.881875 0.234340 37.900002 668.500000 22.000000
193068858 1.139987 3.985828 0.404620 22.100000 1110.599976 77.400002
197442982 2.331426 3.964402 0.342530 38.799999 953.000000 66.099998
198993432 2.214755 3.950889 0.316910 34.299999 886.900024 61.299999
186588364 1.663707 3.069801 0.475240 37.299999 1284.199951 68.900002
187513140 0.072913 4.243945 0.464530 1.600000 1257.300049 93.300003
194979729 0.010984 2.310787 0.377020 0.200000 1043.300049 42.099998
186590324 4.427144 2.910249 0.474240 99.000000 1278.699951 65.199997
201461252 4.365085 2.986395 0.263370 56.869999 745.000000 38.980000
200537584 0.773645 2.021931 0.285750 10.900000 807.200012 28.500000
180869758 1.908073 0.785721 0.529260 47.099998 1413.800049 19.400000
200538136 0.466749 4.283381 0.286520 6.580000 807.530029 60.490002
186587800 0.971626 2.992238 0.475550 21.799999 1285.400024 67.199997
193410428 0.999302 3.484705 0.400980 19.230000 1102.219971 67.129997
181989332 2.086257 4.786579 0.517250 50.299999 1380.800049 115.699997
187056953 1.925637 2.836112 0.470550 42.799999 1273.000000 63.099998
202015844 3.877433 3.675699 0.249630 48.000000 708.200012 45.599998
187056540 0.963242 2.226832 0.469990 21.400000 1272.800049 49.500000
200177047 1.239819 1.602428 0.293930 17.940001 828.869995 23.190001
202264300 2.324229 3.576511 0.241490 27.900000 687.400024 43.000000
199992812 0.409883 2.955340 0.297890 6.000000 838.700012 43.299999
196668273 1.635576 2.434044 0.352570 28.000000 980.599976 41.700001
179116625 4.481678 2.071089 0.541560 112.709999 1438.040039 52.160000
182541109 3.494639 1.521363 0.513850 84.000000 1375.500000 36.599998
184148515 0.661211 4.969523 0.499810 15.470000 1340.180054 116.540001
203095774 4.526421 2.920734 0.216060 48.869999 617.380005 31.600000
202998924 4.703325 1.461501 0.217260 51.099998 621.099976 15.900000
178509405 1.129340 4.519518 0.546830 28.600000 1450.800049 114.699997
198572745 4.557695 0.228915 0.321280 71.599998 898.200012 3.600000
194060172 4.058749 4.128850 0.390480 76.110001 1072.609985 77.620003
185148641 2.491792 0.304308 0.488000 57.270000 1315.920044 7.000000
190046116 1.149210 0.909653 0.438280 24.000000 1196.400024 19.000000
189624465 3.475099 1.050290 0.444130 73.400002 1208.699951 22.200001
203565879 3.055484 4.280011 0.193760 29.700001 556.400024 41.700001
183088045 3.944030 4.991207 0.509770 93.800003 1360.500000 119.099998
189623133 1.938072 1.481575 0.442710 40.830002 1206.560059 31.219999
179705164 1.032960 4.685446 0.535280 25.670000 1423.770020 116.709999
197191308 3.195854 0.356828 0.346540 53.880001 964.890015 6.020000
184150032 3.872536 3.842486 0.500090 90.699997 1339.900024 90.199997
181435142 0.912708 1.611136 0.520520 22.200001 1393.500000 39.200001
179116444 4.248916 2.402388 0.542650 107.029999 1440.660034 60.610001
181438122 3.760013 1.225025 0.524360 92.000000 1399.900024 30.000000
187056785 2.793252 0.884034 0.468510 61.900002 1268.699951 19.600000
189198819 2.922488 0.037264 0.448900 62.340000 1221.199951 0.800000
200708562 4.202172 4.082901 0.280380 58.000000 789.400024 56.500000
191273740 3.819965 2.669078 0.425780 77.599998 1162.199951 54.299999
202143858 4.098532 4.751515 0.244620 49.700001 693.599976 57.799999
197442396 3.305450 0.464541 0.343040 55.200001 955.760010 7.760000
187957722 0.036546 2.989528 0.462530 0.800000 1254.199951 65.500000
179114012 0.740970 3.665918 0.544400 18.709999 1446.900024 92.709999
186110118 4.164203 2.927034 0.480960 94.300003 1295.199951 66.400002
187512799 3.762127 2.527344 0.465520 82.800003 1259.199951 55.700001
204166792 1.912337 4.115619 0.165710 16.000000 479.200012 34.500000
202803830 0.580620 2.535165 0.224090 6.500000 641.400024 28.400000
194379903 4.746593 1.844249 0.386700 88.379997 1064.369995 34.389999
181989152 2.922957 2.324488 0.516860 70.599998 1382.699951 56.200001
179707218 3.585315 2.996847 0.540090 89.919998 1435.180054 75.279999
189199925 1.915087 3.374129 0.446450 40.590000 1214.010010 71.620003
192726405 2.762351 2.028160 0.410200 54.299999 1125.400024 39.900002
192382461 2.378169 1.635024 0.413460 47.099998 1134.099976 32.400002
190470732 3.222754 0.831806 0.433390 66.599998 1182.800049 17.200001
184656671 2.382716 1.653608 0.493660 55.299999 1329.000000 38.400002
184657514 2.041079 4.969969 0.492290 47.099998 1321.599976 115.000000
185148417 2.063734 0.683229 0.487770 47.410000 1315.680054 15.700000
190881462 3.590933 0.614326 0.429480 73.599998 1172.800049 12.600000
181437123 1.096201 4.270272 0.525000 26.799999 1400.599976 104.599998
194980701 3.653738 3.979778 0.377770 66.500000 1041.400024 72.599998
184659631 3.853814 4.259937 0.496230 89.599998 1330.099976 99.300003
201461079 1.998147 4.635945 0.264430 26.100000 748.099976 60.700001
181996478 1.493938 1.443809 0.516640 36.099998 1384.199951 34.900002
198158577 3.420718 0.652910 0.332510 55.500000 928.500000 10.600000
203489141 2.031902 0.009958 0.199770 20.400000 575.000000 0.100000
198992969 3.788919 0.742254 0.313880 58.259998 879.760010 11.420000
183620719 0.208985 4.482595 0.504650 4.930000 1352.640015 106.040001
184658736 4.752589 1.765817 0.491830 109.839996 1321.130005 40.869999
198785263 1.619215 1.337191 0.319180 25.299999 895.000000 20.900000
196126723 1.757857 2.040200 0.364050 31.000000 1010.099976 36.000000
204226562 3.583905 4.212683 0.163840 29.639999 473.230011 34.930000
184148470 0.221976 4.642764 0.500360 5.200000 1342.199951 109.000000
194060053 4.826941 1.800991 0.390620 90.699997 1074.099976 33.889999
189199262 1.019743 2.556966 0.445670 21.600000 1213.500000 54.200001
203328270 4.769407 1.673029 0.206070 49.259998 590.409973 17.299999
186108082 2.191202 3.430156 0.479560 49.500000 1293.699951 77.599998
199602999 1.829250 0.281373 0.303750 27.299999 854.799988 4.200000
202999345 4.713437 1.730670 0.218140 51.400002 623.400024 18.900000
201740798 4.378081 3.002767 0.254880 55.299999 722.299988 38.000000
178510852 3.185517 0.597896 0.547650 80.989998 1455.180054 15.210000
191276464 2.915163 4.794510 0.427430 59.299999 1164.500000 97.800003
196669004 3.159865 2.921926 0.353530 54.189999 981.549988 50.180000
202592738 0.429947 3.786572 0.233550 5.000000 666.299988 44.099998
180292489 2.780302 0.248137 0.532270 68.959999 1420.060059 6.160000
187960254 4.322992 3.177636 0.462400 94.500000 1250.099976 69.599998
195846170 4.492100 3.693117 0.366890 79.599998 1013.200012 65.599998
182541622 4.488429 3.165422 0.515340 107.989998 1375.699951 76.320000
194980107 2.991866 1.193989 0.379690 54.840000 1049.239990 21.900000
187513109 1.336765 3.804289 0.465470 29.400000 1259.900024 83.800003
192021134 3.405790 2.831681 0.418380 68.099998 1144.300049 56.700001
197689414 3.005164 0.423061 0.339410 49.700001 946.700012 7.000000
182541629 4.476622 3.156982 0.515380 107.720001 1375.829956 76.120003
190046063 1.071139 0.105667 0.436690 22.299999 1192.699951 2.200000
180291882 1.842682 0.876865 0.533450 45.799999 1423.599976 21.799999
193410889 4.569563 0.546501 0.399550 87.699997 1097.300049 10.500000
184656375 2.700273 1.084335 0.491560 62.439999 1323.989990 25.090000
190047601 3.689844 0.699115 0.438190 77.000000 1194.000000 14.600000
190471960 4.870456 0.815880 0.434000 100.709999 1181.900024 16.889999
187056967 1.673343 2.425226 0.471880 37.299999 1276.800049 54.099998
198350963 3.788808 1.743036 0.328780 60.799999 918.099976 28.000000
180292525 2.710227 0.845311 0.533000 67.300003 1421.699951 21.000000
179117014 4.764433 2.249591 0.544840 120.430000 1444.869995 56.959999
184147827 2.456841 4.951162 0.499270 57.400002 1337.800049 116.000000
201880641 0.374737 0.637820 0.252370 4.700000 718.599976 8.000000
192725776 0.523908 0.350958 0.409820 10.300000 1126.400024 6.900000
203982549 4.286611 3.112592 0.174930 37.799999 504.299988 27.500000
200538511 4.384549 4.879589 0.286590 61.700001 804.700012 68.900002
181998577 4.686237 2.826933 0.519110 113.500000 1384.599976 68.599998
198785397 0.413953 2.917818 0.320450 6.490000 897.710022 45.759998
197191929 2.003083 3.736552 0.344560 33.529999 958.679993 62.650002
192382341 1.564348 0.385954 0.410530 30.799999 1127.800049 7.600000
196668720 0.715487 4.055296 0.354150 12.280000 983.380005 69.720001
186110055 4.584743 2.379434 0.481580 103.970001 1296.540039 54.049999
178512936 4.752509 4.250348 0.547520 120.400002 1448.199951 108.000000
189626658 2.260314 4.978854 0.442190 47.400002 1200.900024 104.699997
192726402 2.233563 1.952461 0.410250 43.919998 1126.030029 38.419998
194980115 4.291335 0.967837 0.378500 78.400002 1044.800049 17.700001
195845747 3.631618 0.067311 0.368080 64.699997 1019.400024 1.200000
201028190 0.407608 3.877426 0.273370 5.500000 773.099976 52.400002
185151677 4.988811 2.983320 0.487570 114.300003 1309.400024 68.500000
204106072 2.575991 4.276304 0.170390 22.129999 491.910004 36.820000
183620780 0.391702 4.660276 0.501860 9.200000 1345.699951 109.699997
198993025 4.249342 0.746481 0.314240 65.400002 880.200012 11.500000
203489241 1.975971 3.035737 0.198610 19.700001 571.000000 30.299999
196668376 2.966131 0.087029 0.354780 51.099998 986.200012 1.500000
199201088 2.779930 3.906593 0.311780 42.400002 873.200012 59.700001
194681360 0.277717 3.306280 0.383550 5.130000 1058.880005 61.169998
179113460 2.456285 0.363193 0.545000 62.200001 1450.000000 9.200000
191652620 0.756665 3.257019 0.420450 15.200000 1150.900024 65.500000
179707389 4.497464 2.911662 0.539710 112.699997 1432.800049 73.099998
179707479 4.431925 3.352891 0.536290 110.400002 1424.400024 83.699997
196670547 3.122130 0.554753 0.356340 54.000000 990.000000 9.600000
198785122 4.912927 2.399433 0.318600 76.500000 890.010010 37.430000
179704761 3.339293 2.939084 0.535260 83.110001 1424.430054 73.260002
179115669 1.686555 4.947175 0.542690 42.400002 1440.000000 124.699997
199993510 4.413500 3.694413 0.295450 64.000000 829.200012 53.700001
195562334 4.310961 4.017680 0.370500 77.050003 1022.179993 72.000000
185631963 1.328946 4.172693 0.483160 30.200001 1301.800049 95.000000
190474322 4.737058 4.301266 0.433000 97.489998 1176.459961 88.790001
191273768 4.390197 4.115367 0.427330 89.320000 1163.430054 83.959999
199993293 1.901122 3.439293 0.295470 27.600000 831.500000 50.000000
194982432 2.019365 4.767507 0.378530 36.799999 1043.699951 87.099998
183085773 1.415304 3.874228 0.509190 33.700001 1364.000000 92.400002
203489077 0.601508 1.262940 0.198440 6.000000 571.500000 12.600000
188392526 2.714696 0.589709 0.457480 58.900002 1242.199951 12.800000
178512336 4.975531 2.243677 0.548080 126.400002 1451.900024 57.099998
190047204 0.654644 4.140359 0.440490 13.700000 1199.000000 86.800003
183085676 0.314947 4.175073 0.509400 7.500000 1364.400024 99.599998
185148704 2.707683 1.440065 0.487960 62.200001 1315.199951 33.099998
186109827 4.448739 1.798867 0.480480 100.720001 1294.619995 40.779999
198573451 2.356260 3.135538 0.321380 37.000000 899.200012 49.299999
191654015 4.962398 3.157994 0.419640 99.400002 1144.800049 63.400002
198351412 2.452936 3.033507 0.325740 39.009998 910.549988 48.299999
202592945 4.271888 4.165350 0.232000 49.299999 660.000000 48.200001
185148904 3.122014 0.553648 0.491450 72.180000 1323.400024 12.810000
199403267 4.559466 1.686910 0.309240 69.099998 866.500000 25.600000
189199602 0.009433 3.903908 0.446790 0.200000 1214.800049 82.900002
193409661 1.416810 1.635779 0.397810 27.100000 1095.699951 31.299999
197689749 2.951153 1.480639 0.339460 48.799999 946.599976 24.500000
184656404 2.669018 1.087813 0.492270 61.799999 1325.699951 25.200001
184147239 2.662902 2.348713 0.498440 62.299999 1339.500000 55.000000
197689392 3.071641 0.813009 0.338430 50.660000 944.049988 13.420000
198350613 2.841023 2.686764 0.325070 45.099998 908.799988 42.700001
184656669 2.412842 1.554580 0.493650 56.000000 1329.000000 36.099998
192383282 4.727836 0.634033 0.411080 93.099998 1125.699951 12.500000
182542069 3.661200 4.382720 0.511380 87.400002 1365.900024 104.900002
202373589 2.854839 0.387216 0.238300 33.900002 679.799988 4.600000
202264589 4.241286 3.933280 0.243200 51.200001 690.400024 47.599998
203489207 2.998657 1.572932 0.199860 30.100000 574.599976 15.800000
190046098 1.043192 0.511984 0.438540 21.799999 1197.199951 10.700000
188820928 0.698569 1.899558 0.452540 15.010000 1230.890015 40.830002
179116308 4.127714 1.641278 0.542450 104.000000 1441.099976 41.400002
179117458 3.744139 3.176420 0.541120 94.040001 1437.069946 79.919998
180869928 1.938238 2.324167 0.525350 47.500000 1403.599976 57.000000
196933695 2.890426 2.668113 0.349400 49.049999 971.460022 45.330002
195847809 2.163529 4.912596 0.366820 38.299999 1013.799988 87.199997
188773616 2.680212 0.899217 0.451780 57.500000 1228.300049 19.299999
183621097 2.743448 4.487995 0.504270 64.699997 1350.199951 106.099998
193068759 1.170507 3.260262 0.404430 22.700001 1111.000000 63.299999
181996594 1.173086 1.756898 0.519880 28.500000 1391.800049 42.700001
203786273 1.815406 4.757706 0.185300 16.900000 533.200012 44.400002
188773745 0.752864 3.684308 0.450980 16.100000 1225.199951 78.900002
187057546 1.786380 4.022256 0.468460 39.500000 1266.500000 89.099998
185148848 3.018263 0.490500 0.489170 69.500000 1318.099976 11.300000
192382149 0.508499 0.845748 0.414520 10.100000 1138.000000 16.799999
203982195 3.529639 1.938766 0.174570 31.100000 504.200012 17.100000
189625449 4.846086 3.117708 0.442850 101.900002 1201.900024 65.699997
183621999 4.442638 1.217560 0.502060 104.599998 1346.300049 28.700001
184655659 0.425839 1.337482 0.494380 9.900000 1332.000000 31.100000
197191416 2.796577 2.192745 0.345260 46.959999 961.260010 36.849998
201601003 0.483826 4.563213 0.259030 6.200000 734.200012 58.599998
192726015 2.337428 0.351935 0.408390 45.799999 1121.949951 6.900000
192019805 0.769599 1.015934 0.414970 15.300000 1139.000000 20.200001
192022948 0.818625 4.560047 0.416200 16.270000 1138.609985 90.820000
190049485 0.992578 4.385521 0.436600 20.600000 1189.000000 91.199997
185149675 1.493634 3.855655 0.489710 34.360001 1317.819946 88.849998
185149074 2.441902 1.876812 0.490060 56.299999 1320.199951 43.299999
201027997 3.375564 0.708644 0.273860 45.700001 774.799988 9.600000
179115098 1.477021 3.511548 0.544330 37.299999 1446.599976 88.800003
191652261 2.372772 1.551359 0.420470 47.709999 1151.500000 31.209999
200707145 1.581404 0.185570 0.282420 22.049999 798.630005 2.590000
194379798 4.676447 1.467482 0.387230 87.199997 1066.000000 27.400000
193410115 3.126929 0.606394 0.401410 60.299999 1103.800049 11.700000
189199250 1.019827 2.505344 0.445610 21.600000 1213.400024 53.099998
180292258 1.765614 2.328314 0.532700 43.799999 1420.900024 57.799999
185150888 4.115494 0.458950 0.488440 94.599998 1314.800049 10.560000
204166725 1.641402 3.948908 0.167730 13.900000 485.000000 33.490002
181435426 1.391114 1.199084 0.525070 34.099998 1404.199951 29.400000
178508812 0.007887 0.421923 0.545720 0.200000 1453.000000 10.700000
196403003 3.206463 3.731708 0.356740 55.400002 988.900024 64.599998
200177621 3.136925 1.180772 0.294090 45.400002 828.400024 17.100000
198785581 0.463767 3.756233 0.317590 7.200000 889.500000 58.400002
190046981 0.659532 2.254576 0.439510 13.800000 1198.800049 47.200001
194068805 0.798830 2.352486 0.389970 15.000000 1075.800049 44.200001
203565801 0.205030 3.879365 0.194280 2.000000 558.900024 37.900002
190472918 1.185528 4.730991 0.434780 24.500000 1183.900024 98.000000
190880565 2.845415 0.182297 0.428400 58.209999 1171.069946 3.730000
187514384 4.622351 2.432307 0.464480 101.500000 1255.400024 53.500000
201460521 0.030759 0.799674 0.262250 0.400000 745.099976 10.400000
194380008 3.190587 2.836482 0.385260 59.200001 1062.000000 52.700001
190471442 2.677570 2.957039 0.436270 55.599998 1188.979980 61.490002
193743269 1.656637 1.100641 0.396520 31.600000 1092.599976 21.000000
200177134 2.586380 0.339349 0.292360 37.240002 824.409973 4.890000
193068583 0.918853 2.140604 0.405990 17.900000 1116.020020 41.720001
183086568 3.768655 0.276474 0.509290 89.900002 1364.800049 6.600000
190049028 3.587082 4.185106 0.439730 74.900002 1194.800049 87.599998
189199195 0.824480 3.145010 0.447960 17.540001 1218.530029 66.959999
184658317 4.144624 0.608188 0.492680 96.000000 1324.800049 14.100000
179115079 1.455384 3.686504 0.543530 36.700001 1444.500000 93.099998
179115438 2.572330 4.142991 0.540500 64.500000 1435.699951 104.099998
179113361 1.003480 3.166332 0.540590 25.200001 1438.699951 79.599998
195845847 3.736996 2.291539 0.364790 65.980003 1010.119995 40.509998
192726192 0.717496 1.968470 0.409890 14.100000 1125.900024 38.700001
184657160 0.739870 4.237786 0.495750 17.200001 1331.900024 98.699997
185633433 4.841701 2.655449 0.483260 110.099998 1299.800049 60.500000
191652683 0.512890 4.001932 0.420690 10.300000 1150.599976 80.500000
202373552 0.397979 2.458033 0.238220 4.720000 679.820007 29.180000
200708019 2.090581 4.273543 0.280720 28.900000 791.700012 59.200001
204379916 1.593658 3.545112 0.152330 12.300000 442.100006 27.400000
188773527 1.831153 0.756779 0.450520 39.200001 1225.989990 16.200001
198572723 2.974353 1.085048 0.321730 46.810001 900.849976 17.090000
179116200 3.838114 1.313726 0.540420 96.410004 1437.130005 33.029999
189198928 1.797868 1.679141 0.445680 38.099998 1213.800049 35.599998
183623181 4.994280 4.226332 0.501260 117.099998 1340.000000 99.400002
202142957 0.213269 2.082551 0.245060 2.600000 698.500000 25.400000
201175712 0.994982 1.054658 0.270050 13.300000 765.799988 14.100000
192023015 1.056256 4.771993 0.416530 21.000000 1139.000000 95.099998
182539963 0.342559 4.024679 0.512310 8.200000 1371.500000 96.500000
183620725 0.343710 4.448341 0.504710 8.120000 1352.839966 105.250000
185632466 3.036834 4.984817 0.483900 69.000000 1300.599976 113.599998
193410051 4.010427 0.919424 0.397940 76.699997 1094.000000 17.600000
179705913 1.423055 4.236870 0.535530 35.400002 1425.000000 105.599998
201740331 0.643409 0.939687 0.255050 8.150000 725.739990 11.900000
192025243 4.445889 4.586656 0.418980 88.800003 1142.099976 91.900002
193070388 1.072875 4.725213 0.403730 20.740000 1107.319946 91.540001
179705076 0.653886 4.264342 0.536780 16.299999 1428.199951 106.500000
199200274 2.691662 0.643109 0.310570 41.000000 872.099976 9.800000
193069855 4.255788 3.880456 0.405470 82.599998 1110.000000 75.500000
183621151 2.968706 4.702309 0.501930 69.699997 1344.000000 110.699997
193068112 1.447359 0.892884 0.405850 28.200001 1116.099976 17.400000
181996476 1.428382 1.630059 0.518120 34.599998 1387.599976 39.500000
200538379 4.862846 4.596761 0.284160 67.900002 798.099976 64.400002
181438129 3.663290 1.419367 0.523480 89.500000 1397.880005 34.709999
190046137 1.087040 1.225043 0.440440 22.799999 1201.599976 25.700001
181989253 0.815129 4.754902 0.515530 19.600000 1377.599976 114.599998
182540194 1.018295 4.341175 0.513050 24.400000 1372.500000 104.209999
190471617 4.175754 0.458723 0.434120 86.400002 1183.400024 9.500000
182541738 4.802626 3.431302 0.514520 115.339996 1372.810059 82.599998
182540066 1.201542 3.806616 0.515000 28.900000 1377.900024 91.699997
193068856 1.079949 3.977292 0.403840 20.900000 1108.699951 77.099998
192020385 3.443877 1.121965 0.414810 68.400002 1136.599976 22.299999
186109208 0.008811 3.414492 0.482040 0.200000 1300.599976 77.599998
204326679 3.700117 0.393203 0.157520 29.540001 456.760010 3.140000
189199662 0.727720 3.521386 0.448870 15.500000 1220.300049 75.099998
197442836 3.626360 2.374400 0.340570 60.099998 948.299988 39.400002
202998856 1.576968 3.077660 0.219510 17.299999 628.400024 33.799999
194068749 4.023884 1.183287 0.393110 76.099998 1081.800049 22.400000
202482888 4.154521 0.890014 0.234200 48.500000 667.700012 10.400000
197926970 0.641002 2.050289 0.335970 10.500000 938.500000 33.599998
201740892 2.601495 3.130137 0.257540 33.200001 730.700012 40.000000
200177387 3.605404 1.759226 0.291930 51.799999 822.099976 25.299999
179704885 0.826497 3.326087 0.539020 20.700001 1434.900024 83.400002
187514332 4.389414 3.691104 0.467460 96.830002 1261.500000 81.620003
189624459 3.373134 0.766994 0.443750 71.199997 1208.000000 16.200001
200537606 1.393195 3.471284 0.285690 19.600000 805.900024 48.900002
198785311 1.884890 0.479112 0.319690 29.500000 896.400024 7.500000
197690025 0.845465 2.748857 0.339080 13.960000 945.989990 45.430000
181997910 0.751804 4.834363 0.518170 18.160000 1383.660034 117.040001
183621036 3.528815 3.912707 0.502000 82.930000 1344.829956 92.160004
187512379 1.419179 2.374276 0.466230 31.299999 1263.400024 52.400002
183085588 1.333692 3.998430 0.506410 31.600000 1357.300049 94.900002
194980623 4.041891 3.387980 0.378320 73.699997 1043.000000 61.900002
183620180 3.031419 0.932551 0.505100 71.800003 1355.800049 22.100000
200538116 0.462627 3.943837 0.285430 6.500000 805.000000 55.500000
197443166 0.836375 0.782532 0.343740 14.000000 959.000000 13.100000
184147875 3.024942 4.623743 0.498510 70.599998 1336.000000 108.199997
203489154 2.975939 0.450688 0.198590 29.700001 571.299988 4.500000
196933634 2.771735 1.514664 0.348830 47.000000 970.799988 25.700001
181437986 3.674687 0.142965 0.524120 89.900002 1399.800049 3.500000
196402778 3.092818 1.539541 0.358680 53.799999 995.700012 26.799999
186588018 2.455876 0.485666 0.474960 55.099998 1284.699951 10.900000
182541689 4.623326 3.242285 0.512590 110.699997 1368.900024 77.800003
199800201 4.386803 0.599142 0.298630 64.379997 839.260010 8.800000
203489152 2.943591 0.428869 0.199450 29.500000 573.700012 4.300000
181438378 3.650829 2.243680 0.521780 88.900002 1393.300049 54.700001
179703310 0.774544 0.343340 0.538020 19.400000 1435.000000 8.600000
195561691 1.914157 3.882843 0.372320 34.400002 1029.300049 69.900002
191653533 4.201409 1.405580 0.419150 84.199997 1146.199951 28.200001
197689012 1.105306 1.322426 0.339760 18.299999 948.500000 21.900000
199993327 1.878102 4.070767 0.297260 27.400000 835.599976 59.500000
190471953 4.796934 0.680994 0.434020 99.199997 1182.099976 14.100000
195561514 2.264691 1.631948 0.369600 40.500000 1024.099976 29.200001
185632210 1.515385 3.590627 0.485380 34.599998 1307.900024 82.099998
187058729 4.055629 2.336021 0.472780 90.500000 1276.400024 52.200001
189623650 2.627190 2.325255 0.441730 55.200001 1203.000000 48.900002
184658723 4.199390 2.012396 0.495930 97.779999 1331.680054 46.919998
181998128 2.614561 3.747902 0.518980 63.299999 1386.199951 90.900002
202592403 0.278278 3.493690 0.233260 3.230000 665.760010 40.650002
192725876 0.337421 1.042817 0.407580 6.600000 1120.699951 20.400000
180293526 0.087290 4.862758 0.531350 2.150000 1414.500000 120.339996
202592321 1.248545 2.194470 0.232870 14.500000 665.299988 25.500000
184656696 2.009645 1.622412 0.495410 46.790001 1333.500000 37.790001
187059943 4.791980 4.364847 0.472410 106.599998 1271.599976 97.400002
184656148 1.468109 2.866255 0.492960 34.009998 1326.930054 66.459999
190471723 4.263360 1.508098 0.433670 88.099998 1181.800049 31.200001
193070743 3.547004 4.776933 0.403070 68.410004 1103.680054 92.410004
198786165 0.153831 4.362907 0.319530 2.400000 893.900024 68.199997
196670568 0.017440 4.842533 0.355400 0.300000 985.599976 83.500000
180869300 0.671989 2.500098 0.530130 16.600000 1415.300049 61.799999
187958496 0.100978 4.164866 0.460750 2.200000 1248.300049 90.900002
186587569 0.874404 1.819506 0.474580 19.600000 1284.199951 40.799999
189626735 3.152373 4.630397 0.442750 66.199997 1202.000000 97.500000
199800374 1.621788 3.891229 0.299050 23.799999 840.599976 57.200001
186109566 2.652503 3.470827 0.482080 60.189999 1299.239990 78.889999
203920368 2.997215 1.130155 0.180590 27.299999 521.400024 10.300000
200178177 3.988161 3.853500 0.291450 57.099998 819.000000 55.299999
202375670 4.698338 1.639201 0.239970 56.099998 682.599976 19.600000
200871274 4.782995 0.152936 0.277820 65.599998 784.000000 2.100000
179114043 0.729057 3.977407 0.540830 18.299999 1438.099976 100.000000
198785202 0.216835 1.166919 0.320330 3.400000 898.400024 18.299999
179117764 3.725185 4.132973 0.542000 93.599998 1437.599976 104.099998
189622699 0.368365 1.053021 0.445070 7.800000 1213.199951 22.299999
202904287 4.643227 0.873525 0.221970 51.500000 634.099976 9.700000
191653534 4.197167 1.540372 0.419090 84.099998 1146.000000 30.900000
197926654 2.788235 0.128355 0.335290 45.599998 936.299988 2.100000
198993404 2.365317 3.591863 0.316580 36.610001 886.309998 55.680000
192382226 0.112453 1.053789 0.414540 2.230000 1138.030029 20.930000
204105881 1.625116 3.964320 0.168020 13.780000 485.799988 33.680000
188820787 0.214293 0.395970 0.451840 4.600000 1229.900024 8.500000
189200638 3.685035 1.859383 0.447950 78.400002 1217.300049 39.599998
197690460 3.783445 2.488604 0.338830 62.400002 943.599976 41.099998
201880860 4.046567 1.778756 0.253480 50.900002 719.500000 22.400000
197443700 3.158625 1.592129 0.343210 52.759998 956.020020 26.610001
189199404 1.331781 3.005283 0.445710 28.200001 1213.000000 63.700001
198992918 2.520118 2.461708 0.316930 39.090000 888.039978 38.220001
191653120 3.362095 2.229073 0.422110 67.800003 1154.099976 45.000000
178511834 4.784202 2.387939 0.548400 121.599998 1452.900024 60.799999
180869964 1.887205 3.201081 0.527740 46.400002 1408.199951 78.800003
191273066 2.486784 1.892009 0.427030 50.700001 1167.400024 38.599998
179116977 4.739563 2.193237 0.544850 119.809998 1445.000000 55.529999
187514151 3.871636 2.915552 0.466660 85.370003 1261.390015 64.389999
190050532 4.328989 4.678044 0.440250 90.400002 1194.199951 98.000000
198350565 0.131211 2.578748 0.327770 2.100000 917.000000 41.299999
178508961 2.340766 0.793142 0.545290 59.299999 1450.699951 20.100000
194379228 1.932265 0.320201 0.388700 36.200001 1073.000000 6.000000
200358637 1.910650 0.632319 0.290300 27.330000 819.309998 9.050000
194068727 3.982821 0.443932 0.392890 75.300003 1081.500000 8.400000
198785551 4.996761 1.737206 0.321080 78.400002 896.700012 27.299999
189623588 2.121960 2.643660 0.443370 44.730000 1207.160034 55.779999
181435237 0.762248 1.790693 0.523790 18.639999 1401.099976 43.810001
192022111 4.059250 2.299250 0.417920 81.099998 1142.800049 46.000000
181996245 1.045231 1.412557 0.517590 25.299999 1386.699951 34.200001
178512760 4.139086 3.235429 0.545660 104.699997 1446.800049 82.000000
196130643 4.595013 4.868418 0.363960 80.699997 1004.099976 85.800003
203786107 2.687769 2.173971 0.186190 25.200001 536.799988 20.400000
201880873 4.650867 1.587888 0.253520 58.500000 719.099976 20.000000
180870105 2.995823 2.551834 0.528090 73.720001 1408.660034 62.869999
196668723 0.631302 4.070307 0.352890 10.800000 980.150024 69.750000
194379689 2.170036 3.794538 0.387250 40.430000 1066.849976 70.809998
195275358 0.859234 4.871815 0.374340 15.500000 1033.500000 88.099998
199403161 2.306250 2.534286 0.306780 34.700001 861.650024 38.169998
197443377 1.062023 1.643490 0.342250 17.700001 954.799988 27.400000
203565976 2.604881 4.423070 0.195210 25.500000 560.500000 43.400002
202263525 0.555922 0.989183 0.242950 6.730000 693.119995 11.970000
185148799 2.457129 1.358130 0.489420 56.599998 1319.000000 31.299999
185631005 0.043821 0.341799 0.483960 1.000000 1307.500000 7.800000
184656732 2.358184 1.651526 0.494370 54.799999 1330.699951 38.400002
202483102 4.234520 2.663399 0.237270 50.000000 675.299988 31.500000
178512264 4.950087 2.535413 0.545940 125.300003 1446.699951 64.300003
200707431 4.157859 1.090127 0.280230 57.490002 790.900024 15.090000
191273102 3.113398 1.354440 0.426430 63.400002 1165.599976 27.600000
198350580 0.099775 1.614677 0.328250 1.600000 918.799988 25.900000
191653265 3.666194 2.734476 0.419600 73.500000 1147.099976 54.900002
201880727 1.441650 1.321802 0.252730 18.100000 719.200012 16.600000
179703752 1.617494 2.427481 0.538920 40.529999 1435.390015 60.869999
193742964 1.120524 0.772161 0.393940 21.250000 1086.479980 14.650000
181996618 0.081484 1.879921 0.517550 1.970000 1386.520020 45.509998
188392834 2.941246 2.905053 0.455610 63.500000 1235.900024 62.799999
197191029 0.539392 2.570720 0.347010 9.100000 966.599976 43.400002
185631704 2.322709 1.697410 0.486360 53.200001 1311.599976 38.900002
196129585 1.738802 4.908128 0.364430 30.600000 1008.000000 86.599998
193068220 3.182986 0.227608 0.402260 61.500000 1105.900024 4.400000
191273148 2.945870 1.941003 0.425850 59.900002 1164.000000 39.500000
194379751 4.483660 0.655972 0.385530 83.300003 1062.300049 12.200000
202483004 3.482455 1.760979 0.234500 40.700001 668.799988 20.600000
201460481 2.139601 1.454189 0.262590 27.850000 745.320007 18.930000
180292092 0.325609 2.530855 0.534400 8.100000 1425.300049 63.000000
202700169 0.182775 2.053159 0.230210 2.100000 658.299988 23.600000
189199580 0.696056 3.250960 0.447860 14.800000 1218.199951 69.199997
186108147 0.214989 3.964611 0.477790 4.840000 1289.609985 89.379997
202143051 3.367893 0.162606 0.247200 41.400002 703.500000 2.000000
188821451 0.931481 3.938433 0.453170 20.000000 1230.099976 84.699997
190881527 4.504877 0.410884 0.427930 92.000000 1167.699951 8.400000
180870393 0.974100 3.398208 0.527840 23.950001 1408.719971 83.660004
198158466 2.698419 0.320971 0.331750 43.700001 927.200012 5.200000
184658634 3.748247 2.218584 0.494550 87.059998 1328.979980 51.599998
196402575 0.928323 4.247309 0.358270 16.100000 993.599976 73.800003
203328371 0.519787 4.842977 0.203750 5.300000 584.200012 49.500000
202700747 2.451159 4.732504 0.229560 28.000000 654.099976 54.200001
188392590 2.884289 1.111573 0.456920 62.500000 1240.500000 24.100000
197691261 4.752965 4.567201 0.337520 77.900002 936.940002 75.099998
180871972 3.559887 2.938422 0.529070 87.699997 1409.699951 72.500000
203065039 4.620950 0.073862 0.213720 49.439999 611.710022 0.790000
197927384 4.295548 0.709721 0.332960 69.760002 928.700012 11.540000
193743905 2.439447 3.209626 0.395020 46.299999 1086.800049 61.000000
202143440 1.328027 4.613094 0.245910 16.200001 698.799988 56.400002
179707879 3.871196 4.975254 0.537210 96.400002 1424.599976 124.300003
188774085 4.906407 0.523194 0.450440 104.900002 1222.000000 11.200000
197926926 3.661740 1.749264 0.333840 59.599998 931.299988 28.500000
180293201 1.139381 4.354893 0.532500 28.200001 1417.900024 108.000000
183087785 4.459456 4.075077 0.510480 106.300003 1363.000000 97.400002
190880885 3.054831 1.999008 0.429570 62.599998 1173.000000 41.000000
180294874 4.799559 2.464170 0.531000 118.599998 1412.500000 61.000000
202375860 0.361191 4.693330 0.239680 4.300000 682.099976 56.000000
189624551 3.653731 1.368369 0.443750 77.099998 1207.400024 28.900000
187059009 4.894109 2.883776 0.471700 108.900002 1271.800049 64.300003
179113599 3.163545 0.376888 0.541920 79.699997 1442.000000 9.500000
194068866 1.217405 3.016573 0.390970 22.900000 1077.599976 56.799999
180870459 0.822176 4.172539 0.527880 20.200001 1407.599976 102.699997
179705149 0.908206 4.673119 0.535330 22.570000 1423.959961 116.410004
178508813 0.003895 0.409244 0.545760 0.100000 1453.079956 10.380000
200177946 0.180713 4.851635 0.294230 2.610000 827.200012 70.209999
179116883 4.032653 2.544826 0.544590 101.900002 1445.400024 64.400002
198785212 1.542452 1.273280 0.319160 24.100000 895.000000 19.900000
181438284 4.026940 2.064185 0.522660 98.199997 1394.900024 50.400002
199200353 1.889834 2.363780 0.313250 29.000000 878.900024 36.299999
200537728 3.256471 1.999379 0.283810 45.570000 800.849976 28.000000
197442888 3.317909 2.733260 0.342530 55.270000 953.380005 45.590000
202482582 1.689983 2.332380 0.234790 19.780001 670.299988 27.309999
194059961 4.261161 0.537460 0.389930 80.000000 1073.699951 10.100000
198158755 0.589825 3.676277 0.330760 9.510000 923.719971 59.349998
180870148 3.272809 2.837452 0.527250 80.400002 1406.000000 69.800003
179704216 3.085574 0.023877 0.540010 77.500000 1437.699951 0.600000
201319817 0.633687 0.188818 0.268430 8.420000 761.659973 2.510000
191652122 1.721747 0.976203 0.419550 34.570000 1149.959961 19.600000
179705911 1.415561 4.118852 0.536940 35.299999 1428.500000 102.900002
197442307 1.204022 1.384253 0.340980 20.000000 951.599976 23.000000
196668808 0.309979 4.307846 0.355540 5.340000 986.659973 74.320000
181989376 2.357833 4.781911 0.517820 56.900002 1381.900024 115.699997
202904263 4.668982 0.851425 0.222270 51.849998 634.890015 9.470000
184146486 0.271261 0.121160 0.498060 6.350000 1341.150024 2.840000
197692027 2.801601 4.973551 0.338110 46.000000 940.000000 81.900002
197191489 3.083140 2.283259 0.345550 51.799999 961.700012 38.400002
184147153 2.924760 1.065289 0.499540 68.599998 1342.699951 25.000000
190049944 2.608679 4.666335 0.437460 54.200001 1189.599976 97.199997
178509234 3.141699 3.157694 0.547560 79.750000 1452.890015 80.269997
180870022 3.190563 2.602147 0.525720 78.199997 1402.819946 63.849998
179704471 2.818637 1.780375 0.536800 70.400002 1429.900024 44.500000
204106190 3.354158 4.657247 0.170420 28.799999 491.399994 40.099998
179114510 1.111665 4.805611 0.541460 27.900000 1437.800049 120.900002
180870420 1.162654 3.340706 0.529770 28.680000 1413.229980 82.510002
200537841 4.804440 3.548286 0.285180 67.400002 801.900024 49.900002
187513317 3.318439 3.702144 0.465770 73.000000 1259.000000 81.599998
189623349 0.694115 3.072948 0.442410 14.600000 1205.099976 64.699997
190047657 3.512237 1.574559 0.437010 73.099998 1191.000000 32.799999
180294838 3.899673 2.218661 0.534030 96.900002 1421.500000 55.200001
181437492 1.844293 4.600026 0.521490 44.799999 1391.300049 112.000000
190046312 1.013172 2.207602 0.437210 21.100000 1193.099976 46.000000
179706564 4.027196 2.342624 0.537370 100.599998 1428.900024 58.599998
192019925 0.396695 0.923861 0.415730 7.900000 1141.000000 18.400000
202015483 4.614296 2.210399 0.248350 56.900002 705.000000 27.299999
199403365 1.112785 3.380581 0.308070 16.799999 864.900024 51.099998
194979929 1.377644 2.829553 0.377470 25.100000 1043.699951 51.599998
203565760 0.122144 2.461719 0.195450 1.200000 562.900024 24.200001
199200188 1.241934 2.880379 0.311750 18.969999 874.890015 44.029999
185151139 4.350186 1.983725 0.490480 100.300003 1318.500000 45.799999
186109126 1.668594 1.332681 0.480200 37.799999 1297.599976 30.200001
183623415 3.564388 4.319926 0.501840 83.699997 1343.699951 101.699997
202375687 4.813263 1.572574 0.239800 57.430000 682.059998 18.790001
178511738 4.737769 2.199472 0.546110 120.000000 1447.900024 55.799999
183085329 3.284480 1.110858 0.508920 78.300003 1364.400024 26.500000
188773900 2.168696 3.553577 0.451440 46.419998 1225.729980 76.169998
186109534 2.827125 2.303696 0.480250 64.000000 1296.000000 52.200001
182540451 2.604264 4.311352 0.514220 62.500000 1374.099976 103.699997
189199775 0.901187 3.571802 0.449040 19.200001 1220.599976 76.199997
204226454 1.615236 4.905359 0.164440 13.400000 475.200012 40.799999
189198333 1.595202 0.650761 0.446950 33.900002 1217.459961 13.830000
184656744 2.454093 1.761040 0.495110 57.099998 1332.300049 41.000000
203411234 1.231337 3.866575 0.200860 12.400000 576.900024 39.000000
203411390 3.143454 0.411080 0.203410 32.099998 584.500000 4.200000
195561762 0.774288 1.702467 0.372120 13.940000 1031.160034 30.650000
178511560 4.432668 1.637614 0.549880 113.000000 1457.699951 41.799999
200358729 2.359218 1.360447 0.290870 33.799999 820.400024 19.500000
180869123 0.817011 1.205075 0.530220 20.200001 1416.500000 29.799999
189623925 1.224911 2.490627 0.444780 25.900000 1211.300049 52.700001
180292407 2.424796 1.062430 0.530840 60.000000 1416.900024 26.299999
190046487 2.074366 0.350448 0.436940 43.200001 1192.699951 7.300000
179704670 2.762128 2.754949 0.539990 69.300003 1436.400024 69.199997
201600457 3.261253 1.278666 0.259430 41.950001 736.239990 16.459999
180292032 0.257292 2.283645 0.533160 6.390000 1422.680054 56.730000
198992996 3.702631 0.827926 0.315440 57.200001 883.900024 12.800000
190881435 3.848282 0.942233 0.429430 78.849998 1172.239990 19.320000
198992934 2.576765 2.638589 0.316440 39.900002 886.599976 40.900002
188392849 3.448168 2.998093 0.454750 74.300003 1233.099976 64.699997
190470687 2.936074 0.025261 0.435290 60.930000 1187.910034 0.520000
203854277 3.568851 1.254089 0.181750 32.700001 524.299988 11.500000
179704097 3.465620 0.451327 0.539090 86.900002 1434.959961 11.320000
197443657 2.919627 2.046162 0.344310 48.900002 958.799988 34.299999
203982589 4.598796 3.974956 0.174890 40.500000 503.500000 35.099998
192726426 2.299820 2.890750 0.407350 44.900002 1118.000000 56.500000
185148130 1.233658 2.760349 0.489440 28.400000 1318.800049 63.599998
201740348 0.223663 1.070396 0.257980 2.860000 733.590027 13.710000
181997775 3.169092 3.110869 0.520030 76.900002 1388.900024 75.599998
203411399 3.973496 0.786337 0.203040 40.490002 582.890015 8.020000
188392944 2.922128 2.229768 0.458680 63.500000 1244.000000 48.500000
186587651 1.396810 2.224259 0.476050 31.389999 1287.189941 50.009998
197689560 3.193813 1.093580 0.338190 52.630001 943.250000 18.030001
189624044 2.032254 2.945914 0.445370 43.000000 1211.800049 62.400002
197192073 3.169571 2.962467 0.344700 53.099998 958.900024 49.700001
188392622 2.814494 1.890338 0.454680 60.700001 1234.699951 40.799999
195273726 3.831002 3.976647 0.374680 69.199997 1033.400024 72.000000
202998831 1.208087 3.573245 0.216950 13.100000 621.200012 38.799999
178511456 3.524784 1.645371 0.545320 89.239998 1448.760010 41.689999
189624147 3.750874 1.439118 0.442220 78.900002 1203.500000 30.299999
188775095 1.193782 4.680085 0.451070 25.500000 1223.699951 100.199997
196402788 3.471536 1.541589 0.358160 60.299999 994.000000 26.799999
187057498 0.446416 4.195073 0.470040 9.900000 1270.599976 93.199997
185150939 4.160585 1.303146 0.490660 96.000000 1319.699951 30.100000
193409924 1.412679 1.868970 0.399650 27.129999 1100.180054 35.910000
197443155 0.769186 1.165602 0.341600 12.800000 953.400024 19.400000
184148842 4.044830 1.725434 0.498310 94.599998 1337.800049 40.400002
184655478 0.404293 0.078085 0.492050 9.360000 1326.819946 1.810000
189623046 3.199745 0.434591 0.444860 67.699997 1211.000000 9.200000
181988914 0.469677 1.476030 0.515870 11.340000 1382.790039 35.630001
183622552 3.534218 2.787091 0.505740 83.699997 1355.199951 66.099998
202701005 4.907122 4.127070 0.227620 55.599998 647.599976 46.900002
192725800 0.647181 0.407657 0.408990 12.700000 1124.300049 8.000000
194980130 4.222888 1.151492 0.379320 77.300003 1046.900024 21.100000
199200637 4.393212 1.321647 0.313250 67.400002 877.299988 20.299999
195273807 3.700052 1.307352 0.376630 67.300003 1040.699951 23.799999
193410667 4.117272 0.177721 0.397670 78.699997 1093.300049 3.400000
184659097 3.635607 2.616640 0.495040 84.500000 1329.900024 60.900002
192020732 0.401189 3.910495 0.417350 8.000000 1142.500000 78.099998
192726890 4.889775 0.424452 0.407380 95.500000 1116.300049 8.300000
197690592 4.149153 0.729043 0.340550 68.800003 948.400024 12.100000
202904270 4.444106 0.708514 0.222920 49.500000 636.900024 7.900000
187958043 3.609372 1.506368 0.462290 79.000000 1252.400024 33.000000
196934118 0.409876 3.403787 0.351940 7.000000 978.500000 58.200001
190471700 4.346471 1.410119 0.434110 89.900002 1182.800049 29.200001
179705116 0.733545 4.551881 0.537500 18.299999 1429.300049 113.800003
185147748 0.112941 1.068469 0.488860 2.600000 1319.000000 24.600000
186108127 2.630958 3.265153 0.478310 59.299999 1290.500000 73.699997
181435819 1.143314 2.407547 0.524900 28.000000 1403.000000 59.000000
179113088 1.444993 0.631099 0.541630 36.400002 1443.000000 15.900000
204166786 1.208378 4.737296 0.166530 10.150000 481.230011 39.889999
199200437 4.403379 1.344386 0.310530 67.010002 870.200012 20.480000
197443960 1.520505 4.343148 0.344050 25.400000 956.900024 72.699997
196129773 4.510617 4.893211 0.363880 79.199997 1003.969971 86.220001
185150874 3.928753 0.599252 0.488960 90.400002 1316.300049 13.800000
201460645 1.171952 2.097706 0.263510 15.300000 747.900024 27.400000
185151790 4.973132 3.124040 0.488890 114.199997 1312.400024 71.900002
198158756 0.609896 3.668767 0.330870 9.840000 924.020020 59.250000
180871768 4.461421 1.477214 0.529750 110.099998 1411.099976 36.500000
198158514 3.268543 0.353327 0.330240 52.700001 922.799988 5.700000
179705316 0.788498 4.473575 0.538340 19.700001 1431.400024 112.000000
190881846 4.317855 1.665773 0.431420 88.800003 1176.099976 34.299999
178508936 2.472457 0.035422 0.546890 62.799999 1454.400024 0.900000
178508924 1.044636 2.835782 0.546710 26.500000 1453.300049 72.000000
181997529 2.280085 1.665940 0.520030 55.400002 1391.400024 40.500000
189198482 1.208711 0.351339 0.449030 25.799999 1222.800049 7.500000
190049089 4.836473 3.365177 0.438610 100.800003 1191.300049 70.300003
190882365 4.618066 2.247110 0.431780 95.000000 1176.099976 46.299999
190880367 0.810204 0.757123 0.431820 16.700001 1180.719971 15.600000
191652629 0.500063 3.150642 0.422930 10.100000 1157.199951 63.700001
193067952 0.195355 0.801930 0.405060 3.800000 1114.500000 15.600000
179704237 3.225978 0.374170 0.539850 81.000000 1437.099976 9.400000
180293544 0.258306 4.959937 0.533640 6.400000 1419.599976 123.199997
194681333 1.501335 4.188563 0.382850 27.670000 1055.689941 77.339996
203328431 2.246861 4.612733 0.205320 23.080000 588.270020 47.500000
198573094 0.493099 3.308893 0.323890 7.800000 906.299988 52.400002
179707213 3.602697 2.983615 0.539670 90.300003 1434.199951 74.900002
187511910 1.165517 0.195756 0.463630 25.600000 1258.300049 4.300000
193070423 0.993350 4.790613 0.406080 19.299999 1113.099976 93.300003
204043818 0.538780 2.543167 0.172730 4.700000 499.799988 22.200001
187058760 4.688959 2.060179 0.471890 104.449997 1273.430054 45.959999
202700365 3.116380 1.354792 0.227500 35.400002 650.200012 15.400000
187960355 4.875447 3.664285 0.463400 106.699997 1250.900024 80.400002
188773536 2.360318 0.046633 0.451310 50.599998 1227.599976 1.000000
198992797 3.144180 0.795434 0.315240 48.549999 883.900024 12.290000
204271930 1.707231 2.546420 0.159640 13.800000 463.000000 20.600000
186108104 2.702507 2.469682 0.478710 61.000000 1292.300049 55.799999
202592243 0.431111 1.344808 0.232410 5.000000 664.500000 15.600000
190470774 2.395239 1.625232 0.433400 49.500000 1183.300049 33.599998
184656128 1.349505 2.409414 0.495240 31.400000 1332.900024 56.099998
180869399 1.058359 2.058944 0.528930 26.100000 1412.800049 50.799999
187057092 1.912541 2.936373 0.470200 42.480000 1272.060059 65.290001
184656529 2.733054 1.361457 0.495130 63.599998 1332.300049 31.700001
186587969 2.071593 0.053680 0.472850 46.299999 1280.000000 1.200000
198158952 3.627570 4.456039 0.332650 58.700001 925.900024 72.300003
188775026 0.842249 4.310559 0.451040 18.000000 1224.400024 92.300003
204167022 3.211590 4.842761 0.167860 27.170000 484.209991 41.090000
191271317 3.051111 1.497397 0.424690 61.900002 1161.300049 30.400000
185149620 1.619006 4.437328 0.487950 37.099998 1312.599976 101.900002
190471621 4.283981 0.540411 0.434480 88.699997 1184.099976 11.200000
204380211 3.994008 4.991408 0.153000 30.879999 442.230011 38.720001
194681522 2.100302 2.999534 0.383390 38.799999 1058.079956 55.480000
187514309 4.438931 3.800334 0.465770 97.589996 1257.180054 83.760002
186590450 3.927656 3.246147 0.474110 87.800003 1278.800049 72.699997
201460836 4.014849 0.908493 0.261890 52.099998 742.299988 11.800000
192383252 3.753468 3.200777 0.412720 74.099998 1129.500000 63.299999
187512632 3.298779 1.276307 0.464860 72.570000 1259.150024 28.100000
187056171 0.551964 1.166508 0.471110 12.300000 1276.329956 25.990000
191652980 3.780404 2.443837 0.421870 76.169998 1152.800049 49.310001
195846259 3.399937 4.450124 0.366780 60.200001 1013.299988 79.000000
202373590 2.864087 0.378907 0.238220 34.000000 679.599976 4.500000
196668846 0.546988 4.170609 0.354670 9.400000 984.599976 71.800003
201028021 4.871391 0.729789 0.274260 66.000000 774.400024 9.900000
197443671 2.796777 2.060020 0.343960 46.799999 958.000000 34.500000
186107885 1.544333 3.266152 0.479600 34.900002 1294.500000 73.900002
190046447 1.959511 1.289934 0.438940 40.970001 1197.430054 26.980000
181437404 1.422467 3.336831 0.523060 34.700001 1397.400024 81.500000
198572851 4.753385 1.132544 0.321980 74.800003 899.590027 17.850000
190048804 4.342877 2.249614 0.438510 90.599998 1193.000000 47.000000
192019677 0.457793 0.749522 0.414870 9.100000 1138.900024 14.900000
199603341 1.459869 3.766869 0.304980 21.820000 856.349976 56.400002
182538992 0.531424 0.842732 0.514560 12.800000 1380.000000 20.299999
197191770 1.205237 3.681608 0.346820 20.299999 964.900024 62.099998
180869135 1.387418 0.893774 0.530140 34.299999 1416.199951 22.100000
188820877 1.388688 0.357582 0.453420 29.900000 1233.400024 7.700000
187960313 4.310786 3.716916 0.463060 94.300003 1251.000000 81.500000
198351058 0.706933 3.037512 0.327470 11.300000 915.799988 48.599998
181996812 1.159644 2.170738 0.520140 28.180000 1392.060059 52.779999
196127464 3.699270 3.952435 0.362910 64.900002 1003.799988 69.500000
197444125 3.210715 2.823579 0.343340 53.599998 955.500000 47.200001
192022131 4.187479 2.391476 0.416530 83.400002 1139.099976 47.700001
195845334 1.421244 1.809606 0.366140 25.200001 1015.700012 32.099998
179116649 4.388233 2.198758 0.543300 110.669998 1442.119995 55.529999
182541480 4.196712 2.740264 0.511140 100.300003 1366.900024 65.599998
180293957 2.836951 4.328365 0.531680 70.099998 1414.599976 107.199997
189622616 0.704382 0.775705 0.441220 14.800000 1203.800049 16.299999
198158715 0.778797 2.609047 0.331860 12.610000 927.489990 42.270000
192383382 4.105724 1.612237 0.414200 81.400002 1134.000000 32.000000
190049833 2.378530 4.419592 0.437090 49.400002 1189.300049 92.000000
180869596 1.944040 0.554152 0.525610 47.700001 1405.300049 13.600000
180294918 4.146308 2.770347 0.534780 103.099998 1422.199951 69.000000
199993239 0.977159 4.201549 0.298250 14.300000 838.400024 61.599998
201320014 2.106343 2.382770 0.268710 28.000000 761.299988 31.700001
179113206 0.443422 2.157633 0.544770 11.220000 1449.760010 54.619999
201184220 4.269155 1.277871 0.272120 57.419998 769.219971 17.209999
184656287 2.510758 0.617744 0.491840 58.099998 1325.000000 14.300000
190881385 3.575728 0.384075 0.430840 73.500000 1176.199951 7.900000
190471820 4.337445 1.234254 0.434640 89.820000 1184.180054 25.590000
190045984 1.001525 0.032567 0.436930 20.860001 1193.300049 0.680000
189200577 3.376979 1.154705 0.446020 71.599998 1213.400024 24.500000
203982139 0.850704 0.404121 0.174830 7.520000 506.109985 3.570000
196934988 4.927357 3.882182 0.350670 83.720001 971.150024 66.150002
181435941 2.245842 0.863090 0.522130 54.779999 1396.780029 21.059999
181436427 3.290975 0.506012 0.524710 80.599998 1401.699951 12.400000
180292345 1.415848 3.155889 0.533100 35.119999 1421.089966 78.379997
204432728 4.757621 4.547183 0.151710 36.490002 438.450012 34.990002
178509182 3.242151 2.155321 0.546330 82.199997 1451.099976 54.700001
203489242 1.956268 3.186313 0.198600 19.500000 570.900024 31.799999
180871582 3.760862 0.132792 0.528320 92.650002 1409.479980 3.270000
180293033 0.445864 4.484147 0.532900 11.040000 1418.819946 111.269997
204271949 3.071247 1.328011 0.161080 25.049999 466.929993 10.840000
184658673 4.360989 1.466319 0.492820 101.000000 1324.400024 34.000000
187056670 1.424684 3.370954 0.471340 31.700001 1274.599976 75.099998
194980601 3.838060 3.268925 0.379520 70.199997 1046.400024 59.900002
194068637 1.461717 1.105332 0.390540 27.500000 1077.699951 20.799999
180294798 4.006141 2.382633 0.533240 99.400002 1419.300049 59.200001
183084738 1.230648 1.449399 0.507470 29.270000 1362.719971 34.490002
186110054 4.558892 2.425587 0.481250 103.320000 1295.750000 55.060001
184147838 2.252116 4.969985 0.499080 52.599998 1337.500000 116.400002
187960140 4.188832 3.587134 0.459380 91.000000 1242.500000 78.099998
185633498 4.955121 3.061135 0.484560 112.900002 1302.199951 69.900002
178510574 0.219688 0.572738 0.548980 5.600000 1460.500000 14.600000
196934294 2.311072 2.802668 0.351840 39.470001 978.039978 47.919998
194380319 4.615851 4.129129 0.385360 85.500000 1059.000000 76.699997
189623663 2.533937 2.730649 0.442420 53.299999 1204.400024 57.500000
202263892 4.472968 2.419943 0.241420 53.700001 686.409973 29.100000
188773808 1.630985 3.171078 0.451430 34.930000 1226.569946 67.980003
187057002 2.314705 2.751098 0.470750 51.470001 1273.260010 61.230000
188392995 0.413638 3.848782 0.454780 8.910000 1234.280029 83.040001
200537699 4.900910 0.681002 0.285730 69.000000 804.700012 9.600000
203245814 3.040326 2.598904 0.209480 31.900000 600.599976 27.299999
189626649 2.085935 4.958742 0.442730 43.790001 1202.390015 104.389999
184657396 0.796913 4.570345 0.494240 18.469999 1327.719971 106.139999
204226525 2.459366 4.244800 0.164110 20.379999 474.459991 35.250000
201028485 3.648987 4.722812 0.275830 49.570000 777.210022 64.339996
203158767 1.848527 4.492810 0.211050 19.500000 604.200012 47.500000
200707328 2.816975 2.453335 0.280660 39.000000 792.599976 34.000000
199800224 4.413294 0.611385 0.299260 64.900002 840.900024 9.000000
197444050 2.464101 3.439757 0.344060 41.200001 957.400024 57.599998
190881237 3.034573 2.582770 0.429880 62.200001 1173.300049 53.000000
191652126 1.673994 0.996183 0.419440 33.599998 1149.699951 20.000000
197689205 1.770660 1.473983 0.339610 29.299999 947.799988 24.400000
185635230 4.674684 1.975447 0.485510 106.800003 1306.099976 45.200001
188392595 2.783948 1.501659 0.457620 60.400002 1242.099976 32.599998
183622502 4.772773 3.371365 0.501180 112.010002 1341.579956 79.309998
193068764 1.253352 3.516226 0.405590 24.360001 1113.569946 68.440002
189198918 2.302298 1.268546 0.445750 48.799999 1213.800049 26.900000
179117572 4.166270 3.700369 0.541840 104.690002 1437.229980 93.199997
187512126 0.207904 0.908370 0.467470 4.600000 1267.699951 20.100000
181997879 0.340292 4.722721 0.518720 8.230000 1385.270020 114.440002
187513228 2.656147 3.716592 0.466290 58.500000 1261.000000 82.000000
187957968 3.223687 0.470719 0.461630 70.500000 1251.699951 10.300000
181997870 0.082571 4.900961 0.519950 2.000000 1387.800049 119.000000
198573093 0.595885 3.317968 0.322930 9.400000 903.799988 52.400002
180870554 0.570981 4.452750 0.526870 14.000000 1404.800049 109.400002
179113937 3.112609 3.203096 0.541950 78.300003 1439.900024 80.699997
198350862 4.385284 0.599944 0.327350 70.099998 914.099976 9.600000
196668539 0.203196 3.571613 0.355290 3.500000 986.900024 61.599998
185633387 4.161797 2.875279 0.482400 94.500000 1298.699951 65.400002
179704084 3.366319 0.158988 0.539180 84.430000 1435.369995 3.990000
189200322 2.878525 3.846689 0.447020 61.040001 1213.910034 81.720001
196402783 3.264436 1.152387 0.359430 56.900002 997.599976 20.100000
199200532 4.576268 0.843589 0.311750 69.900002 873.299988 12.900000
188393297 2.473657 4.764442 0.458430 53.590000 1240.510010 103.489998
200707765 4.528470 2.672168 0.282840 63.099998 796.700012 37.299999
194681028 1.208557 0.076208 0.384500 22.420000 1062.790039 1.410000
203643101 4.407467 0.893014 0.191250 42.400002 550.099976 8.600000
181996802 1.148067 2.068774 0.520160 27.900000 1392.199951 50.299999
194684570 3.934753 4.561033 0.383830 72.599998 1055.500000 84.400002
184148434 0.063998 4.500251 0.500480 1.500000 1342.750000 105.680000
200359094 3.267262 3.297188 0.287330 46.200001 809.299988 46.700001
180295544 4.964332 2.993896 0.533440 123.099998 1417.199951 74.400002
202482489 0.737622 2.193409 0.234060 8.610000 668.609985 25.610001
198992876 2.048565 2.412112 0.314270 31.530001 881.450012 37.150002
185147904 1.221455 0.623650 0.490420 28.200001 1322.599976 14.400000
179116931 4.556931 2.001191 0.544890 115.220001 1445.650024 50.669998
204106099 2.534484 4.188168 0.170570 21.799999 492.500000 36.099998
189199646 0.633466 3.318392 0.449040 13.500000 1221.000000 70.800003
189201205 3.370328 3.954852 0.448090 71.599998 1215.800049 84.199997
194379446 1.420619 2.789246 0.385100 26.360001 1062.979980 51.799999
197689078 1.238017 1.192416 0.338240 20.410000 944.580017 19.670000
193743854 1.524303 3.501120 0.396110 29.000000 1089.800049 66.699997
183623631 4.994849 3.890896 0.504850 117.900002 1349.000000 92.099998
184658358 4.095781 0.732033 0.492700 94.870003 1324.910034 16.969999
192382918 1.409293 1.991271 0.411650 27.799999 1130.000000 39.299999
178509086 3.252749 0.747767 0.546940 82.599998 1453.400024 19.000000
202483042 3.935274 1.796011 0.236730 46.400002 674.500000 21.200001
195273148 1.862217 0.270718 0.374220 33.700001 1036.500000 4.900000
192020291 1.782228 1.089111 0.415930 35.500000 1140.900024 21.700001
186109063 1.457016 0.313419 0.481760 33.110001 1301.819946 7.120000
190471750 4.421763 1.633646 0.432290 91.099998 1178.099976 33.700001
184148592 3.181485 3.592862 0.500440 74.599998 1342.099976 84.400002
180291772 0.815170 1.359660 0.531620 20.200001 1419.699951 33.700001
197441939 0.765094 0.975123 0.341210 12.720000 952.460022 16.209999
188773438 1.140622 0.579602 0.450140 24.400000 1225.500000 12.400000
183084620 0.029395 1.074904 0.507960 0.700000 1364.400024 25.600000
181438059 4.434851 0.147391 0.525290 108.669998 1401.209961 3.620000
