185023283 85.307838 0.903738 0.493970 1326.800049 108.900002 21.000000
195855440 8.629415 14.109422 0.365810 147.800003 973.900024 247.600006
179777933 47.633087 69.551094 0.536590 369.600006 337.100006 1341.599976
187750725 82.662590 24.609030 0.466710 1141.599976 147.000000 527.200012
181896406 66.532082 11.184955 0.522170 1258.099976 546.200012 271.200012
183635489 9.108849 8.406963 0.503870 212.199997 1323.500000 198.100006
178609031 39.219933 56.050793 0.548100 515.030029 631.039978 1209.920044
182826398 78.522537 26.119818 0.515290 1216.000000 246.899994 608.400024
181346104 63.084892 1.893313 0.528740 1259.699951 639.500000 46.700001
187723180 40.344578 1.047791 0.467820 821.200012 966.799988 23.200001
190712698 47.339352 35.414845 0.435650 713.400024 657.400024 689.799988
188161583 37.842216 1.225405 0.463330 771.500000 993.099976 26.900000
189012982 51.025887 35.111061 0.451260 781.299988 632.099976 706.599976
197110992 81.664375 7.825859 0.350550 957.380005 140.270004 132.990005
190603535 18.446228 18.429228 0.433580 355.799988 1066.699951 374.700012
188035119 25.709646 5.358243 0.459520 539.299988 1120.099976 116.599998
191502526 45.999054 31.656019 0.424340 711.799988 687.400024 610.099976
202348911 33.358131 62.414509 0.239200 173.940002 264.209991 605.450012
203254867 39.811855 38.602272 0.207770 298.899994 358.600006 372.700012
202286103 56.541557 37.973370 0.244060 457.899994 302.600006 428.399994
203730558 40.981846 38.447773 0.189270 280.600006 323.000000 339.700012
191127680 85.982994 7.902086 0.428980 1159.930054 81.459999 161.389999
195360746 26.608807 37.597553 0.373300 367.200012 733.000000 631.299988
203784442 33.561272 4.096788 0.184070 293.299988 442.100006 38.000000
191667170 4.830275 16.454386 0.420950 93.199997 1102.900024 326.899994
203292872 78.378960 47.229939 0.208670 398.980011 82.050003 440.329987
193055459 11.467502 54.817001 0.404770 127.599998 629.000000 910.400024
180037774 72.808350 33.981548 0.538210 1137.229980 351.850006 802.390015
182490960 13.618821 76.007774 0.513500 78.440002 323.750000 1336.829956
181953803 7.154087 61.676090 0.519210 82.199997 654.900024 1224.599976
196671515 1.137865 8.733389 0.353120 19.299999 971.700012 149.300003
187674473 49.490005 47.510845 0.464090 646.900024 552.700012 928.900024
189475718 76.382629 25.201773 0.448160 1073.699951 260.100006 519.900024
201469672 15.664216 13.355247 0.265440 198.000000 706.099976 174.100006
178924458 41.072578 13.543619 0.545570 927.900024 1064.699951 340.200012
200435143 52.121601 43.603733 0.287670 464.600006 361.399994 560.599976
185768143 75.581390 55.863281 0.484240 711.000000 182.800003 1082.800049
178627552 22.994900 31.694513 0.548090 484.799988 1142.400024 766.299988
192770044 66.933800 65.903168 0.406150 419.720001 178.729996 1019.969971
198443934 30.612743 4.862652 0.325910 463.299988 783.000000 77.400002
182034598 88.670654 66.410774 0.518510 555.900024 12.900000 1273.400024
193833049 34.969872 32.538204 0.393590 524.700012 750.179993 584.070007
187080701 75.164848 68.399292 0.468310 451.899994 119.690002 1180.699951
195303890 81.124664 63.290314 0.373560 459.799988 71.800003 924.900024
200075234 37.412937 0.478837 0.297300 509.290009 665.809998 7.010000
201476084 0.542557 23.192623 0.262850 6.500000 686.400024 294.100006
181346163 62.772591 3.199490 0.525740 1248.699951 642.500000 78.500000
184104890 16.767471 45.602001 0.499730 271.500000 901.099976 961.099976
178676088 71.896889 48.375751 0.546550 918.599976 300.299988 1087.599976
203644856 2.135717 15.457111 0.193060 20.000000 536.299988 148.399994
203385244 46.467846 12.121907 0.205570 419.149994 398.200012 124.169998
178710636 49.320923 50.805676 0.546100 696.799988 598.900024 1126.800049
187698037 38.826687 30.778385 0.466050 681.099976 846.309998 647.039978
180882373 0.127855 10.453195 0.528370 3.100000 1389.199951 256.299988
200158185 22.195719 37.679607 0.293580 247.699997 607.099976 506.399994
186991701 18.412254 67.940758 0.470620 151.300003 454.500000 1182.099976
180609878 77.668839 43.161606 0.532610 1013.700012 221.600006 973.099976
198240400 83.913948 7.447175 0.328930 908.030029 96.820000 119.370003
194568803 39.126549 13.963635 0.386770 654.500000 804.599976 257.899994
200071042 28.149628 2.463313 0.296160 393.700012 735.799988 35.900002
193435800 14.090023 26.926935 0.401520 240.009995 956.239990 500.760010
182971927 76.854980 19.524708 0.515080 1267.900024 296.100006 461.700012
193352309 35.856667 80.022690 0.397890 111.300003 154.000000 1080.099976
201416977 76.258347 25.303179 0.268460 669.000000 163.600006 325.600006
197841147 45.695969 2.186108 0.337750 674.900024 658.700012 36.000000
188795617 5.530251 21.024687 0.454400 111.199997 1148.500000 443.500000
190949708 51.978863 61.627743 0.431180 441.500000 345.200012 1037.699951
194555013 41.761536 1.163022 0.389130 715.640015 801.479980 21.809999
196120017 10.686192 34.873684 0.364480 154.000000 816.099976 578.799988
192311330 71.892654 26.201674 0.415400 972.500000 318.000000 503.500000
186304263 53.366413 30.581263 0.478950 895.000000 665.500000 659.099976
178931444 89.929207 0.503409 0.547370 1456.800049 1.800000 12.800000
189852178 44.011311 21.004757 0.442510 783.000000 810.500000 432.700012
198525575 63.443832 19.730572 0.328240 773.900024 386.799988 310.299988
185259692 26.583748 21.347427 0.491010 552.000000 1103.099976 482.100006
182080637 29.602266 41.839104 0.519230 512.000000 901.200012 928.000000
178689354 74.543694 55.017551 0.548510 806.500000 223.000000 1195.800049
197528333 38.483223 28.607248 0.341090 520.299988 654.500000 456.000000
196124067 4.425404 49.169487 0.362380 50.799999 656.400024 761.900024
184411763 38.670956 26.267811 0.498670 752.299988 940.000000 594.200012
190580349 24.078262 50.438156 0.435350 309.119995 691.739990 917.109985
183726654 24.286266 15.934738 0.502190 534.299988 1184.099976 370.899994
193324547 72.262596 3.797829 0.404890 1058.900024 338.700012 73.800003
200599144 38.927303 28.340536 0.284990 445.600006 551.700012 382.500000
180206898 63.958305 8.152352 0.539800 1280.099976 625.500000 204.100006
182217010 48.032135 46.835140 0.515950 703.700012 632.900024 1009.099976
195106657 77.447807 35.654655 0.377950 830.000000 184.800003 610.000000
189783415 75.611115 48.211105 0.444720 782.700012 200.800003 904.099976
193499149 41.337276 35.077366 0.399590 595.099976 676.500000 632.700012
185303221 86.065170 60.681213 0.489740 645.500000 44.400002 1152.099976
201318709 3.741961 51.740837 0.267790 30.709999 469.600006 596.760010
198769279 5.051879 56.334496 0.320610 43.900002 496.600006 748.500000
188350949 11.921795 6.576329 0.458440 255.699997 1211.099976 142.699997
194733158 37.553558 50.523426 0.383240 410.700012 534.200012 818.099976
192584252 44.037773 10.040471 0.413480 777.289978 803.840027 197.979996
189929452 75.034607 4.935438 0.442050 1160.810059 310.290009 103.760002
188424846 50.442230 60.831478 0.458120 467.899994 386.500000 1087.300049
194949898 0.757654 66.708755 0.380100 5.500000 415.899994 966.200012
180359190 58.846844 64.533401 0.533120 523.900024 316.700012 1285.400024
198096803 17.513918 72.867538 0.329180 81.699997 258.899994 880.700012
186587404 0.899344 1.246397 0.473230 20.110001 1281.290039 27.879999
191506884 50.897274 27.853306 0.427350 802.700012 652.400024 546.599976
190168330 24.325796 0.609986 0.438010 492.690002 1089.890015 12.730000
181087276 45.840157 48.931686 0.530110 667.700012 648.400024 1068.099976
200124170 54.043056 1.044718 0.295820 675.289978 489.850006 15.210000
194759512 23.230591 30.774000 0.381620 357.799988 833.570007 540.190002
186459724 52.364136 14.866294 0.480900 995.159973 767.369995 333.579987
197370904 86.186508 15.501843 0.346920 930.109985 62.000000 258.549988
200935037 57.114967 40.443768 0.279470 505.600006 326.899994 513.200012
184945076 74.943329 33.193783 0.495260 1078.400024 290.100006 730.599976
187756738 76.347336 21.992558 0.465040 1137.099976 276.200012 472.600006
181236827 47.455105 17.158482 0.527860 993.599976 911.900024 416.399994
193466069 55.839825 54.983440 0.401310 524.789978 356.119995 905.190002
181952274 11.311477 58.311417 0.516580 142.699997 713.400024 1178.500000
179584666 71.162666 3.712988 0.543750 1368.000000 466.700012 93.800003
204001177 88.856895 5.772850 0.175430 505.179993 10.080000 51.080002
183294564 40.342815 30.302794 0.506740 761.099976 896.099976 687.099976
184785344 16.549965 33.711853 0.493100 314.989990 1060.000000 737.820007
196040071 80.193916 7.090585 0.367410 997.179993 172.350006 125.879997
191039026 86.061996 54.179642 0.428130 684.200012 47.099998 950.200012
184770913 28.569780 20.132225 0.492920 596.700012 1095.800049 457.399994
184265459 21.708960 29.011984 0.498530 434.200012 1090.599976 651.000000
179389059 33.553108 30.096710 0.543710 692.599976 1044.300049 726.299988
186028507 7.750608 76.821785 0.480670 39.959999 293.579987 1265.410034
203273785 79.147636 4.922955 0.208980 587.780029 112.680000 51.549999
178794755 31.125296 8.431780 0.547600 745.200012 1234.099976 213.699997
198082173 45.072227 15.393956 0.332760 635.400024 633.799988 247.100006
201197882 79.762253 37.425648 0.271320 601.299988 108.599998 467.600006
189147714 54.050865 78.289879 0.447880 200.500000 145.399994 1194.900024
180244724 2.627343 69.278511 0.533330 23.100000 503.399994 1332.099976
196450151 45.344727 55.447369 0.358940 402.709991 397.890015 822.099976
191303078 9.830859 18.383074 0.426150 189.080002 1091.150024 368.019989
194201234 71.816742 49.762707 0.391630 663.400024 217.899994 825.200012
191026469 89.569000 43.494244 0.431050 855.299988 6.430000 811.510010
203524945 75.406029 35.250912 0.198030 450.899994 117.400002 329.299988
199579106 36.084133 65.427643 0.304430 209.899994 288.019989 779.409973
204259111 45.689674 46.341835 0.161190 231.199997 225.699997 338.600006
197348339 66.640862 28.933697 0.345440 774.179993 334.359985 466.170013
197016567 39.153973 26.813147 0.349450 548.799988 674.000000 439.299988
189896432 86.415421 14.183646 0.442690 1168.500000 73.199997 295.899994
199589078 33.677700 53.074783 0.303850 285.000000 427.700012 683.900024
201927014 49.026108 4.585769 0.252530 541.190002 470.019989 57.490002
184722132 51.457706 62.380878 0.493540 482.399994 384.299988 1178.800049
180932212 41.370380 64.020744 0.526190 407.500000 462.700012 1265.300049
190303215 34.697582 7.150776 0.440970 679.700012 981.700012 149.800003
191479621 52.350098 11.404447 0.423640 900.890015 695.030029 229.520004
192182276 58.444340 24.240028 0.415330 885.919983 544.080017 468.109985
189003721 42.554039 28.694101 0.453260 731.700012 797.000000 592.200012
178511846 5.166762 0.152794 0.549780 131.699997 1456.500000 3.900000
179039686 21.897968 80.757538 0.540410 86.300003 214.699997 1422.000000
183217392 23.211637 36.863667 0.509960 431.799988 1006.900024 821.500000
187120970 30.308874 42.426178 0.471930 476.299988 814.799988 862.599976
203708535 24.429319 57.874386 0.190000 120.599998 265.500000 464.399994
189713854 35.249424 30.240677 0.444320 604.099976 854.799988 610.200012
192734970 10.039923 13.175437 0.407420 190.199997 1074.300049 255.399994
187997428 47.770493 55.627224 0.460730 523.200012 474.899994 1033.000000
181121425 33.541180 17.101416 0.526660 743.909973 1122.170044 414.230011
198166142 60.173286 54.537964 0.331680 467.100006 267.799988 755.900024
198121665 7.451868 6.022336 0.329590 119.000000 909.799988 96.800003
192405377 9.815654 19.556767 0.414170 182.699997 1056.000000 380.700012
186094782 15.600869 29.513332 0.480560 304.100006 1089.099976 640.099976
201593698 3.841237 55.356262 0.260500 28.200001 420.000000 609.200012
180790201 75.922829 82.233261 0.529450 185.500000 46.520000 1402.180054
181497310 53.706963 59.537933 0.520820 570.000000 418.600006 1202.400024
179242543 17.390245 39.756531 0.543730 332.799988 1062.599976 926.299988
204278506 24.625025 8.393716 0.160400 192.009995 418.910004 68.000000
187496874 6.958046 25.520189 0.467830 138.699997 1136.500000 546.599976
193445683 73.841331 54.759033 0.400620 611.599976 177.210007 901.289978
190002801 40.601295 68.320015 0.439750 288.600006 336.700012 1115.500000
204006370 69.099541 18.162056 0.175970 452.140015 172.660004 158.770004
191666658 6.864777 13.904517 0.419540 133.500000 1108.900024 276.500000
182890902 56.735458 3.285852 0.513000 1149.099976 753.799988 78.900002
197609182 44.211571 13.063442 0.343780 651.619995 669.799988 216.830002
201616816 23.080362 16.657087 0.260490 278.089996 652.599976 212.250000
203426403 38.065430 32.693424 0.202610 302.600006 386.399994 315.000000
202694215 32.446064 38.979595 0.227900 272.100006 428.000000 410.399994
190339109 88.449570 24.826456 0.440120 1089.900024 29.500000 504.399994
197297013 83.793839 32.136425 0.347960 816.599976 88.800003 516.000000
185748510 27.597033 29.972076 0.484780 525.489990 1005.299988 654.179993
185895232 79.165298 28.261698 0.485010 1133.300049 216.899994 620.299988
197144539 42.060658 62.098991 0.346600 303.000000 335.799988 854.200012
190433334 39.307648 70.366684 0.433040 252.000000 307.799988 1115.099976
186137971 87.098450 73.961884 0.479950 358.119995 18.150000 1247.380005
190776915 72.889442 4.358415 0.434250 1131.099976 348.200012 90.199997
185534242 81.706406 17.327471 0.490810 1250.599976 182.300003 394.299988
193996936 68.122665 18.794228 0.397370 962.299988 386.399994 352.899994
201012710 25.973751 57.983227 0.273980 180.300003 370.100006 658.400024
180123781 46.425972 17.278587 0.538940 994.299988 946.000000 426.899994
201277356 65.335838 5.127922 0.270600 694.700012 319.000000 68.599998
183459823 53.927361 20.870440 0.507890 1030.500000 750.700012 486.100006
193851745 30.261286 8.734585 0.396650 544.710022 933.599976 166.070007
182056888 60.701504 59.729649 0.518580 610.900024 342.799988 1200.199951
204043859 3.170682 4.191609 0.173320 27.690001 499.850006 36.689999
180297938 11.551325 3.273347 0.532410 284.299988 1391.000000 81.199997
193008132 51.622665 89.021225 0.404280 14.900000 11.800000 1112.500000
200557576 4.237854 37.034626 0.284430 47.439999 640.270020 484.410004
187549615 61.145096 58.324215 0.464070 579.330017 319.209991 1072.000000
182880366 59.895714 31.574080 0.515460 1018.849976 590.710022 723.799988
178650973 12.624411 8.337946 0.548080 315.399994 1408.199951 211.500000
179741752 12.062545 27.019032 0.538520 267.399994 1251.300049 652.500000
203700114 15.452386 77.214447 0.187350 31.900000 115.400002 527.599976
187837796 52.781006 14.963626 0.464210 969.320007 736.260010 325.329987
184628077 6.504244 26.121611 0.492250 135.000000 1184.099976 584.400024
192748633 9.202301 18.202154 0.409200 170.899994 1054.900024 351.399994
203731813 30.629114 35.666050 0.187760 224.399994 379.000000 316.100006
187675653 54.967251 46.153900 0.466050 717.200012 502.799988 911.900024
195939979 35.380882 34.614040 0.365080 483.119995 680.289978 575.900024
184804129 85.376595 56.614159 0.491550 727.099976 58.799999 1106.900024
190175451 19.474749 15.784564 0.439100 384.600006 1087.599976 326.100006
197801129 81.993843 49.065823 0.339350 615.000000 86.500000 716.099976
185413601 87.811371 29.123976 0.486860 1147.430054 43.849998 639.750000
203167075 29.818354 10.162760 0.212100 298.200012 520.299988 107.500000
184049753 74.132576 4.712678 0.504790 1301.000000 369.799988 111.500000
195449891 52.371761 5.592197 0.376010 821.000000 632.900024 101.500000
189462631 79.096085 4.495254 0.446090 1190.300049 229.300003 95.300003
199148830 59.284943 17.356054 0.314080 723.989990 430.130005 263.200012
189861575 51.681782 27.519489 0.442890 840.599976 664.299988 558.200012
194878371 40.113651 19.556063 0.384300 645.109985 765.719971 355.660004
202986946 20.388269 21.230103 0.218230 203.300003 547.000000 226.699997
203569078 9.928075 15.020897 0.193880 93.099998 531.900024 144.899994
187045765 12.548099 28.969391 0.468770 241.589996 1085.420044 615.599976
203035432 60.371292 2.771304 0.219980 547.700012 311.500000 30.500000
195523950 11.283686 57.323174 0.371780 108.900002 545.799988 867.700012
194331669 36.995270 71.609970 0.388030 203.500000 270.100006 1017.200012
181873642 85.210114 23.530844 0.524750 1282.900024 107.500000 560.599976
181945732 11.562370 52.147064 0.519890 171.300003 837.299988 1099.699951
187113713 25.249327 42.084595 0.468430 402.100006 852.599976 851.299988
193939232 52.808960 18.529432 0.395480 823.789978 625.090027 346.600006
181036038 82.623421 60.893383 0.530260 683.599976 88.500000 1238.099976
183947227 67.886078 27.568649 0.504870 1114.699951 452.950012 628.179993
198477101 73.345886 11.471958 0.326120 857.830017 256.609985 181.710007
190991747 26.880053 0.440217 0.427950 529.599976 1044.800049 9.000000
190408373 55.690395 13.881909 0.439400 961.900024 656.400024 287.799988
185206331 34.111237 62.343685 0.491260 344.899994 509.200012 1173.599976
199691162 41.834370 11.195508 0.303650 559.400024 624.900024 166.000000
183662777 57.551208 66.162125 0.505590 463.500000 294.700012 1243.099976
204271004 20.545189 56.626118 0.158530 88.910004 237.240005 384.609985
202078090 45.133762 40.119373 0.250240 386.399994 384.600006 459.399994
192295843 65.505547 1.064472 0.415130 1036.930054 472.429993 21.170000
203151706 49.166229 50.311321 0.212790 295.299988 255.199997 470.299988
193336924 65.830360 11.999427 0.405970 996.700012 447.299988 232.199997
202967962 56.787388 69.913177 0.219650 181.000000 118.500000 591.599976
199614260 0.386103 12.563569 0.302290 5.600000 831.000000 185.199997
193871000 75.325279 37.163437 0.395120 840.099976 220.000000 658.299988
179057877 7.736766 69.321297 0.540500 68.500000 504.200012 1348.099976
183346406 28.849901 14.867064 0.506580 634.900024 1152.500000 349.299988
186409967 71.759697 17.160830 0.479030 1175.800049 387.500000 382.299988
188803101 3.170956 31.031458 0.451370 58.240002 1051.319946 633.450012
203748327 62.747025 16.983040 0.190290 466.899994 240.500000 160.399994
192841725 24.215616 12.612007 0.409520 450.600006 1001.900024 245.800003
179759201 65.705147 71.626022 0.536940 411.600006 185.800003 1359.599976
202417295 45.694603 4.109016 0.238320 485.890015 474.250000 48.779999
184123615 10.931508 27.168028 0.496880 225.800003 1169.099976 611.099976
180781013 63.086037 3.358175 0.534590 1270.400024 644.900024 83.599998
193287047 42.679680 31.786245 0.405500 642.900024 697.200012 587.700012
185989706 86.248703 3.207875 0.486440 1308.599976 85.800003 73.500000
196300449 46.842888 6.688137 0.360780 726.599976 681.299988 116.800003
186624085 79.985985 67.425514 0.476580 487.600006 86.099998 1191.000000
196697392 86.821350 56.874195 0.353180 536.599976 29.799999 823.599976
188153946 39.913448 35.815159 0.463360 654.500000 782.400024 736.099976
184437871 80.748108 33.808537 0.498170 1100.099976 179.199997 746.400024
201127172 60.263149 6.330146 0.274260 670.799988 383.190002 85.699997
192686705 0.349017 72.472702 0.406390 2.050000 336.670013 1066.020020
186638913 44.505947 53.511883 0.473540 534.599976 543.900024 1031.099976
191729988 34.119335 21.914845 0.420580 600.099976 885.700012 430.399994
195805251 12.920697 52.168365 0.364960 139.000000 605.900024 800.500000
201676293 28.160778 7.986955 0.258920 344.100006 642.799988 102.300003
185419093 76.597977 24.370583 0.490760 1172.989990 279.489990 546.239990
182683270 21.781260 2.773288 0.512100 509.399994 1274.800049 66.500000
181728467 80.992905 33.155949 0.524620 1160.800049 184.000000 767.799988
197710842 81.709686 55.676350 0.340470 530.500000 77.300003 785.200012
202513538 86.810616 38.089317 0.236570 531.200012 29.600000 417.000000
200278568 83.642143 23.973755 0.291600 747.599976 83.300003 334.500000
195571655 2.111490 13.778448 0.368610 36.599998 992.700012 243.600006
195936281 29.215654 35.885345 0.367240 403.100006 720.799988 597.500000
202006532 15.996851 44.849464 0.249880 139.100006 485.200012 502.100006
195837652 0.533451 40.586033 0.366840 7.200000 773.299988 662.500000
192260398 76.698006 5.962690 0.417830 1109.579956 262.329987 119.089996
193408052 9.944093 5.575419 0.397680 188.399994 1074.599976 106.500000
187162183 24.411337 19.846886 0.468570 493.890015 1088.209961 431.350006
198716061 73.446434 40.624874 0.321460 655.900024 194.949997 587.000000
195348147 21.338091 25.448635 0.375440 341.750000 874.830017 446.950012
188280275 50.161491 16.517855 0.463560 926.390015 772.890015 357.779999
184249676 19.365829 18.232994 0.499300 423.329987 1204.400024 420.549988
178968383 78.912460 25.627481 0.549850 1294.099976 253.600006 632.599976
202973894 12.476178 14.861024 0.217140 130.100006 588.000000 159.800003
196945058 1.739957 16.441862 0.351310 28.500000 938.200012 277.000000
190452256 8.812184 39.710629 0.436400 140.500000 906.299988 761.700012
196079688 33.283150 56.968079 0.363520 302.089996 460.179993 846.619995
187379634 60.762550 5.920045 0.468840 1103.310059 617.570007 131.110001
199729835 79.037804 33.187969 0.303020 701.099976 135.800003 467.100006
199147874 65.045723 16.366995 0.313640 766.510010 356.679993 248.300003
195725327 60.398754 43.755333 0.370460 645.299988 366.600006 710.599976
184644167 13.692710 39.988319 0.493560 241.300003 990.400024 855.000000
187205083 62.207272 43.488708 0.472620 821.700012 433.100006 881.099976
189047212 86.721878 16.641132 0.453810 1181.089966 67.650002 353.600006
187639823 87.113853 56.472397 0.466570 698.200012 35.200001 1055.099976
192528359 75.592224 45.357651 0.410610 768.000000 197.300003 802.900024
186468277 57.841854 26.976105 0.481920 982.799988 617.900024 590.900024
193971903 82.165428 28.401579 0.393490 946.080017 130.179993 516.400024
178617723 18.303749 32.535999 0.547820 386.000000 1166.900024 784.099976
189855632 50.741722 35.252693 0.441500 761.729980 622.549988 695.330017
181621934 59.341099 49.416107 0.521780 781.900024 463.500000 1061.099976
183159457 47.205898 58.707283 0.506720 519.000000 480.500000 1163.599976
180170002 77.047356 5.272492 0.539520 1396.099976 321.100006 132.199997
192142246 31.798897 13.106837 0.415520 585.390015 944.179993 258.660004
203319024 31.085487 64.867302 0.204790 129.199997 214.300003 533.400024
183355057 37.324986 20.230001 0.507380 775.599976 1017.200012 471.399994
200165027 34.714603 62.831722 0.292450 214.660004 309.829987 734.419983
197528709 37.340290 33.391670 0.342180 483.730011 634.059998 525.700012
199854940 44.133991 23.783537 0.300900 540.179993 556.760010 341.880005
186505662 23.489178 79.119461 0.476360 97.000000 223.199997 1266.099976
198177210 86.159149 58.678314 0.332530 482.500000 32.389999 794.679993
185214171 21.568050 41.277550 0.487710 363.700012 920.099976 868.500000
184266683 27.887892 26.236362 0.499870 564.500000 1066.699951 594.799988
203346613 6.598895 37.322437 0.205010 53.900002 465.899994 357.579987
194053034 10.720114 48.298969 0.391100 133.600006 705.700012 806.099976
195821941 16.725458 25.738907 0.368540 265.100006 882.200012 444.100006
185010526 56.945160 21.644726 0.495450 1040.000000 676.799988 492.399994
203583491 17.745146 25.513622 0.193640 153.600006 479.980011 240.520004
196123530 4.397284 52.060158 0.361810 47.400002 616.400024 793.000000
189865616 44.643681 41.873196 0.442160 631.200012 639.099976 805.200012
196274388 58.454994 15.435556 0.360900 824.099976 505.899994 267.000000
182589655 68.186836 62.707172 0.515390 588.400024 235.500000 1228.300049
198090337 55.221485 78.053596 0.330120 157.100006 109.099998 904.000000
188628233 82.263519 23.366047 0.457850 1132.099976 153.800003 493.600006
188866076 32.969528 32.174992 0.452880 567.700012 875.200012 656.299988
202027340 5.489769 15.255473 0.249830 65.699997 683.599976 187.300003
192126362 20.312094 6.417741 0.416250 394.100006 1064.699951 127.699997
202851021 57.124622 19.806442 0.226390 512.280029 331.100006 219.679993
189970785 60.281830 28.754795 0.445300 924.299988 527.599976 584.000000
184772400 18.385077 32.381817 0.494230 354.799988 1067.500000 713.390015
189321859 26.573515 7.340847 0.448140 541.700012 1083.000000 156.000000
194940092 4.866107 59.533291 0.380610 45.299999 532.099976 907.799988
190435227 29.838854 63.491940 0.433920 263.399994 459.200012 1061.400024
203365028 71.545944 14.042001 0.203810 539.700012 180.100006 142.300003
182564458 10.935887 16.050056 0.515180 251.899994 1303.699951 382.000000
189514603 68.883339 10.041030 0.449620 1124.800049 434.399994 213.500000
199460691 50.045361 36.651863 0.307430 531.900024 445.600006 516.299988
194521853 57.985004 1.903729 0.389110 910.700012 569.400024 35.700001
189390116 63.794830 37.554977 0.448350 868.799988 427.600006 744.500000
198259534 70.894798 30.086880 0.330410 756.099976 261.899994 463.600006
195766511 83.909927 16.390543 0.369430 977.710022 104.320000 289.209991
185669226 76.737434 66.521469 0.483930 507.000000 119.500000 1199.199951
191931603 73.055428 6.567452 0.420970 1096.800049 334.170013 132.000000
196601228 68.540497 70.869553 0.354780 301.200012 118.400002 933.000000
199282946 36.059566 1.468990 0.311680 515.479980 707.940002 22.459999
184891445 43.520386 5.541831 0.494060 912.700012 961.099976 128.600006
181647041 52.654232 38.997395 0.521860 863.369995 658.799988 879.359985
191227705 6.056231 70.888092 0.424850 40.200001 378.899994 1099.599976
200584830 44.211952 10.371041 0.284670 552.099976 567.500000 144.899994
198601235 16.609488 26.386585 0.321230 230.699997 773.400024 400.399994
193156005 35.881207 40.175835 0.402780 496.600006 686.500000 715.400024
201175550 20.347214 48.696480 0.269220 175.300003 472.700012 573.799988
195810034 30.298506 56.431259 0.365130 282.850006 484.070007 844.849976
179501458 51.372871 25.034727 0.544620 1026.699951 820.400024 613.799988
199308032 87.978096 7.761566 0.312510 869.599976 30.700001 118.599998
198324534 8.942752 75.789200 0.325060 34.759998 220.899994 883.010010
195870949 62.454155 62.119305 0.366260 421.600006 219.899994 898.799988
201769020 88.244621 47.173378 0.257640 497.920013 15.260000 537.450012
179274960 16.195307 22.430950 0.543530 373.299988 1285.300049 552.500000
189911533 86.424339 28.744175 0.443930 1059.400024 66.199997 582.200012
189171958 13.250804 70.060135 0.446300 95.089996 403.799988 1143.500000
193945922 38.994572 22.978380 0.397040 634.099976 783.200012 427.299988
181834245 44.991253 8.551420 0.525050 982.200012 982.500000 208.899994
192985236 66.926399 1.418487 0.408690 1033.459961 440.239990 27.820000
188938204 86.290749 58.767113 0.453580 638.599976 41.400002 1055.300049
200919143 48.181824 16.969267 0.279430 563.849976 504.459991 230.860001
201673283 43.477230 51.071362 0.260710 320.399994 337.899994 576.500000
201676390 28.599751 8.870472 0.261040 350.910004 643.609985 114.410004
200583864 42.744793 12.855678 0.284060 531.559998 575.150024 178.729996
196976151 53.943352 46.323032 0.350560 545.299988 397.010010 706.409973
200845388 14.387236 36.509319 0.278340 157.399994 613.599976 468.899994
180328873 11.681214 21.325975 0.534210 269.000000 1301.099976 518.700012
189149714 9.718523 79.068893 0.448360 39.099998 228.300003 1199.300049
200711254 3.489941 6.907907 0.282560 48.299999 792.049988 96.139999
190297377 54.002544 27.923035 0.437630 854.400024 620.700012 559.700012
180742228 80.493385 23.004982 0.532450 1291.089966 216.210007 555.799988
195584218 88.298508 66.983170 0.369470 400.600006 11.900000 943.400024
184950099 66.512260 3.876823 0.494460 1219.400024 529.900024 90.099998
179055566 24.463146 71.031502 0.541920 194.399994 427.299988 1365.800049
181768605 64.182892 37.507538 0.524510 1002.299988 484.899994 854.599976
183980934 57.402485 14.489174 0.505210 1107.800049 708.400024 339.799988
183242275 22.527634 13.439815 0.510560 510.799988 1231.500000 318.600006
195458713 49.554909 11.757848 0.372840 770.059998 656.419983 210.610001
196246677 74.163475 37.528812 0.360710 765.000000 217.000000 610.799988
197101378 45.083672 6.664751 0.349170 684.469971 682.469971 112.940002
180173857 69.993996 4.577754 0.538870 1346.099976 490.100006 114.699997
203771522 69.347656 71.003975 0.185120 162.899994 61.400002 505.700012
196995812 30.328449 3.911437 0.351620 493.420013 843.429993 66.809998
189871266 30.629623 5.702980 0.444490 614.440002 1037.739990 120.440002
187363795 73.186501 27.727514 0.470500 1080.500000 326.500000 593.299988
182103712 23.919943 26.201668 0.517340 504.500000 1137.400024 612.299988
190110621 84.606819 73.827888 0.439370 332.600006 31.400000 1152.000000
200137365 63.725571 28.074402 0.295990 660.500000 326.070007 392.890015
202742395 42.561123 18.655811 0.227900 418.100006 455.299988 208.699997
190221131 73.726547 56.723671 0.438780 631.000000 184.199997 1001.599976
193565358 53.722965 21.931820 0.400120 824.299988 605.000000 411.700012
186042765 33.122978 65.485352 0.479440 294.000000 450.600006 1179.800049
189834054 48.727547 10.905916 0.441300 888.710022 779.989990 227.830002
179636571 47.565212 76.446472 0.535460 247.199997 226.000000 1389.400024
204427361 42.231613 71.360001 0.150650 94.180000 103.750000 415.390015
178753148 36.214909 10.194209 0.548630 848.849976 1159.170044 258.359985
180033664 74.746651 32.800762 0.536050 1160.119995 316.359985 774.969971
180016378 78.358788 46.707409 0.535600 960.099976 197.800003 1040.500000
200297568 76.588020 29.130171 0.292500 701.530029 167.279999 401.910004
186686267 21.254732 10.657554 0.474700 457.899994 1177.199951 237.699997
190364210 61.058266 2.618762 0.439330 1048.500000 579.799988 54.799999
179038661 8.099039 81.697372 0.542320 29.400000 206.600006 1430.000000
188170945 37.826656 20.078911 0.460520 720.599976 928.099976 429.500000
188064115 28.470531 29.263075 0.462870 522.640015 963.770020 614.320007
203483105 19.011732 60.251953 0.197750 92.099998 267.299988 494.700012
197401836 15.963585 56.972706 0.341190 142.800003 499.200012 798.700012
179186716 48.523933 58.521687 0.540460 563.700012 498.299988 1228.800049
188504791 83.253441 53.116291 0.458120 742.200012 87.800003 996.000000
189167713 23.167763 60.696171 0.446170 234.169998 547.210022 1060.489990
185298670 79.215698 47.013821 0.487860 882.000000 168.000000 963.299988
188576809 50.461010 33.296566 0.457830 802.200012 662.200012 683.200012
193749850 2.111480 14.238329 0.396040 39.000000 1057.800049 268.600006
192176814 85.247208 54.738064 0.415000 655.500000 54.500000 930.299988
203613980 71.309494 50.699474 0.194090 335.799988 113.599998 433.100006
202444973 75.247910 74.639725 0.234860 171.970001 45.279999 647.349976
193519971 32.762234 2.293374 0.398040 593.200012 921.799988 43.900002
186900457 68.068787 26.860971 0.475130 1064.500000 428.600006 581.200012
194448838 24.605347 18.895952 0.385190 419.450012 915.929993 344.829987
189283994 49.760918 52.760506 0.449740 565.799988 478.799988 975.099976
200895367 58.630882 45.104244 0.276430 471.899994 287.700012 554.700012
184531092 84.215500 4.121324 0.500490 1336.619995 135.399994 96.800003
193202031 78.140221 41.948902 0.404350 810.000000 170.100006 743.900024
198411482 50.583755 29.803278 0.325500 611.400024 502.500000 453.299988
195353748 38.877350 23.893097 0.373310 593.799988 736.500000 419.100006
203732827 2.350081 20.098694 0.188910 21.000000 511.700012 187.399994
200713979 12.285443 6.263115 0.280480 167.899994 771.000000 86.599998
179576284 80.995598 30.155592 0.541590 1232.719971 195.339996 725.119995
179140324 10.513198 17.517811 0.543300 251.850006 1357.119995 435.679993
193325673 70.363373 3.761455 0.405390 1048.310059 374.040009 73.180000
193005451 66.360397 23.399385 0.406820 940.799988 411.799988 444.399994
194060268 6.179723 0.981016 0.391450 116.300003 1074.099976 18.500000
197132877 1.901612 82.463638 0.346010 4.200000 126.500000 956.700012
191974779 57.282330 89.022240 0.419000 16.500000 10.600000 1149.099976
182527213 11.886144 31.877735 0.515520 241.800003 1148.800049 730.099976
197141623 19.889193 67.392090 0.345090 125.900002 348.000000 888.700012
183912748 88.326996 32.579155 0.505510 1144.530029 33.430000 731.679993
191977379 44.555855 83.577415 0.415930 89.599998 91.000000 1134.500000
186765805 46.227028 9.680679 0.477380 919.469971 880.909973 217.220001
181835318 42.450878 9.662282 0.523140 931.799988 1018.630005 235.039993
184713579 41.853378 68.922607 0.495930 320.600006 357.899994 1246.699951
192870161 68.596565 47.663319 0.408570 704.400024 276.100006 830.400024
196005728 61.895645 28.069176 0.367050 793.000000 423.500000 479.399994
181880346 77.249886 2.544631 0.520510 1358.500000 307.399994 61.900002
181720985 77.729584 27.092712 0.525030 1222.099976 265.799988 639.799988
185329021 61.208645 43.783974 0.490650 837.400024 460.200012 915.799988
190140668 36.910454 34.046898 0.436930 593.900024 790.700012 668.200012
195923947 27.744984 24.841442 0.367310 430.700012 818.799988 428.299988
187906367 9.061775 53.996178 0.462630 116.300003 729.200012 1016.200012
182584459 87.843300 67.929832 0.514070 517.799988 19.500000 1278.000000
199990713 27.057552 44.722549 0.295970 269.799988 528.200012 587.400024
203460503 70.724106 41.245075 0.203120 414.899994 145.100006 385.399994
203469947 54.632015 9.733569 0.201970 467.299988 331.700012 98.300003
181571965 19.280386 0.319332 0.522770 462.100006 1321.000000 7.800000
196272164 63.798962 15.882865 0.363560 871.599976 428.899994 276.399994
192364062 10.907305 36.976139 0.411990 171.100006 887.900024 680.799988
194441182 49.909630 52.101822 0.386990 502.500000 423.000000 843.799988
193915306 55.429173 45.800987 0.394030 624.000000 430.000000 779.299988
182054397 36.322117 61.364250 0.516060 392.799988 534.299988 1214.500000
200486747 50.560211 9.445814 0.288590 621.099976 510.899994 133.800003
190161357 20.700104 1.958216 0.439360 423.730011 1121.369995 40.990002
191088234 47.558685 14.342860 0.430270 841.599976 769.599976 291.600006
183654903 78.787079 72.071541 0.501890 407.720001 80.830002 1284.699951
189552185 49.588612 4.599550 0.449640 929.400024 791.299988 98.199997
196160398 81.034042 54.609341 0.360700 573.599976 90.500000 817.400024
182737603 54.241123 45.147873 0.512240 786.799988 566.599976 974.599976
196928331 17.675854 43.789452 0.350050 213.800003 670.900024 675.000000
184186898 52.040398 68.622635 0.497640 385.160004 300.480011 1247.959961
189946150 64.958344 14.391939 0.444570 1063.800049 497.000000 301.299988
194592141 86.770782 16.336578 0.388430 1028.000000 58.000000 301.799988
199377594 11.764216 70.618202 0.307320 58.500000 280.899994 815.599976
191575943 72.146515 17.782955 0.425350 1055.900024 340.100006 355.799988
182495718 9.191257 47.729279 0.514200 148.199997 915.900024 1020.700012
180610233 88.265541 38.538551 0.534810 1116.199951 33.799999 889.500000
188645330 76.530617 27.303192 0.458860 1077.599976 258.100006 572.000000
186866088 74.265923 38.867481 0.475730 965.090027 271.890015 808.109985
181214425 55.200817 2.558779 0.529650 1161.300049 807.099976 63.200001
195276114 0.267293 8.332608 0.375340 4.800000 1028.900024 150.699997
182702455 83.071716 51.970795 0.513590 842.700012 102.400002 1085.400024
193378320 17.279942 63.631538 0.397720 144.630005 464.920013 982.210022
184372309 46.140388 42.094200 0.497840 717.299988 689.299988 898.700012
202515924 67.676765 34.370060 0.236890 516.799988 212.199997 382.100006
191310237 9.472701 30.976933 0.425110 164.300003 984.700012 599.299988
200847084 13.294636 38.336452 0.278430 142.199997 601.799988 489.000000
194603845 82.900681 28.523932 0.387300 933.000000 116.199997 511.000000
178450992 36.695305 69.804672 0.546000 299.880005 402.390015 1364.310059
201577758 52.484619 61.915516 0.259990 276.000000 211.899994 652.099976
198035340 78.654984 41.209126 0.334960 690.799988 138.600006 617.000000
184929331 77.590172 25.204708 0.494860 1178.400024 259.299988 567.900024
184341665 53.534901 54.155300 0.497880 631.409973 466.619995 1086.810059
183287022 51.989529 42.855701 0.506430 786.099976 614.400024 925.700012
183454411 47.836769 14.090177 0.508970 982.799988 890.000000 332.799988
190829989 47.009556 80.956627 0.431550 135.699997 126.500000 1165.599976
196370840 26.287077 50.823372 0.356630 277.600006 562.000000 769.200012
189489419 82.776146 30.852694 0.445480 1034.300049 131.100006 622.799988
193478695 35.964005 18.015091 0.398190 612.900024 844.700012 339.399994
185143584 7.125224 32.680805 0.488900 137.740005 1101.900024 712.390015
195385533 76.225182 30.059511 0.374570 872.500000 213.899994 519.900024
191585099 61.966396 25.283871 0.427180 933.400024 497.000000 499.500000
184452754 64.624985 12.025098 0.498830 1186.800049 562.900024 279.799988
197772439 74.282440 0.998726 0.338870 911.099976 256.399994 16.500000
201556478 75.083099 27.555239 0.262470 638.900024 170.199997 345.000000
200211838 77.324974 61.636635 0.291550 381.500000 85.800003 724.299988
187886248 3.518466 72.127541 0.459150 23.500000 382.200012 1187.500000
181034517 83.887459 60.931503 0.528520 682.599976 73.099998 1235.000000
188332613 20.530552 46.074989 0.458900 303.410004 810.190002 898.229980
187508704 17.173227 37.525661 0.466600 296.399994 959.099976 771.000000
190129819 50.992668 58.698963 0.439330 484.200012 392.200012 1024.800049
186407299 63.775246 12.441874 0.478920 1134.800049 559.000000 279.100006
191767122 21.817274 9.891612 0.422230 423.700012 1058.400024 198.800003
199548978 65.183075 0.744402 0.306360 782.400024 361.799988 11.200000
199808706 20.864538 8.335276 0.299340 297.299988 780.000000 122.300003
195654523 29.522524 39.383884 0.370620 391.500000 691.340027 652.239990
180031939 68.823517 26.341784 0.540140 1203.400024 466.200012 639.000000
202499110 70.279816 19.228819 0.234520 595.900024 213.600006 220.800003
182834310 85.160400 35.254948 0.511560 1117.300049 94.599998 792.599976
199278387 30.777655 7.060250 0.312380 445.799988 748.500000 107.900002
189109606 64.143570 18.504822 0.450980 1047.800049 507.799988 389.700012
179136493 8.472526 14.389722 0.540690 205.699997 1380.900024 358.200012
194825636 59.551632 9.054097 0.384030 904.000000 531.400024 167.100006
178887518 58.297497 23.226013 0.545810 1136.199951 701.799988 573.099976
198887097 27.788101 32.085907 0.317850 352.380005 668.679993 473.880005
186839678 80.372482 22.941660 0.473210 1163.699951 197.399994 499.600006
201841056 61.136734 4.693675 0.256430 636.799988 351.000000 59.700001
181852699 84.034203 8.143097 0.524370 1381.599976 144.380005 198.770004
183102966 11.260465 11.258956 0.508750 261.700012 1314.400024 266.799988
202861883 45.765942 59.981277 0.221290 227.399994 221.399994 549.299988
199208457 16.873522 6.354635 0.313130 253.800003 836.750000 97.379997
181191428 73.470688 36.683163 0.528730 1086.699951 322.500000 844.400024
201193185 17.903076 26.791716 0.269380 209.720001 649.169983 344.480011
203112585 64.670670 23.495043 0.215040 511.700012 242.199997 246.100006
204133481 51.107841 22.928837 0.168760 350.700012 282.899994 190.600006
196813845 61.059563 11.116307 0.355190 848.900024 469.399994 190.600006
195723510 61.710022 35.316093 0.369450 736.429993 396.359985 592.500000
184016940 88.183975 0.890898 0.504750 1356.199951 43.000000 21.100000
181493002 36.135483 59.721935 0.522470 415.899994 569.599976 1208.000000
182428177 84.248764 26.093449 0.518740 1242.099976 125.099998 611.400024
192096857 56.669914 56.558189 0.418950 529.119995 347.970001 958.909973
189990709 81.585197 76.666229 0.438390 273.100006 40.400002 1164.800049
185347443 44.233322 24.559278 0.491160 840.500000 863.299988 550.599976
196793662 68.966255 3.435920 0.353570 917.200012 352.700012 59.000000
200595983 41.868912 40.976814 0.284790 405.739990 452.700012 528.030029
193835286 37.882290 40.581085 0.393830 506.700012 651.299988 706.799988
197340719 57.954319 22.965115 0.346280 753.700012 471.799988 376.799988
190449906 10.673842 44.496555 0.432990 156.399994 829.799988 829.700012
186925997 51.020851 2.758299 0.476840 1002.000000 810.799988 62.099998
202375555 2.350069 1.346190 0.240340 28.129999 685.419983 16.120001
196010900 61.660000 45.462376 0.367130 629.070007 339.279999 726.359985
183512107 77.915245 20.794279 0.510150 1252.199951 268.100006 486.299988
203226036 42.247044 18.170553 0.211990 389.000000 428.299988 189.899994
185693430 44.281803 59.226124 0.485850 468.700012 480.600006 1127.300049
192192081 60.106853 37.609589 0.416700 785.400024 451.500000 697.900024
201399089 33.869495 12.189295 0.268200 414.600006 617.700012 160.699997
180156448 84.443382 25.046013 0.537450 1292.900024 125.779999 607.010010
179729750 7.131277 18.629852 0.539010 169.100006 1351.599976 459.200012
184929319 78.103767 24.897207 0.493850 1181.500000 248.899994 560.400024
202503008 68.456230 26.583229 0.235910 560.799988 221.399994 301.700012
190604449 17.031591 22.035946 0.434780 322.600006 1053.099976 445.799988
198809487 23.326864 35.290554 0.320170 290.299988 673.200012 518.900024
179889728 69.319359 47.021755 0.539820 918.010010 346.529999 1053.050049
193823144 31.215418 29.925499 0.395320 489.700012 808.099976 543.900024
190918565 13.134254 31.861279 0.429610 226.860001 972.260010 620.500000
196427615 65.106316 65.302811 0.360380 379.700012 176.199997 910.200012
179713904 6.280179 7.021240 0.537570 155.699997 1414.800049 175.300003
198279012 49.874920 6.482806 0.329350 700.500000 590.400024 104.099998
186486007 78.405670 12.544314 0.480530 1242.400024 254.899994 282.200012
192789515 43.440956 41.148052 0.407910 580.799988 613.299988 738.099976
196292620 63.445633 44.595448 0.363680 643.500000 321.600006 709.299988
203771243 80.871941 74.026741 0.186560 146.389999 23.520000 518.000000
182250728 32.992592 20.536316 0.517980 707.919983 1090.410034 487.010010
184975655 59.066811 29.249132 0.491870 992.700012 594.900024 648.099976
194495857 77.123131 30.294090 0.388380 903.020020 206.440002 541.169983
182942637 46.285725 8.579852 0.513110 984.000000 940.799988 205.399994
195802387 35.551483 61.103214 0.368130 287.029999 401.640015 894.390015
201295208 43.431774 58.929535 0.268150 270.000000 285.200012 651.799988
199521357 89.573196 25.494997 0.306560 778.599976 5.800000 371.299988
185257471 28.896049 19.089630 0.487000 600.400024 1087.800049 430.000000
193098298 0.862841 31.433264 0.404390 14.300000 949.500000 580.400024
188200280 85.204430 31.191978 0.461860 1069.199951 89.699997 649.599976
182744669 60.792656 53.392155 0.513260 716.830017 400.739990 1105.489990
179121911 9.761649 4.351040 0.543800 244.899994 1423.500000 109.900002
193086104 8.918011 9.349230 0.405880 170.809998 1088.510010 181.399994
191897266 74.063927 17.831797 0.420400 1055.199951 301.299988 353.000000
199227172 16.588020 38.778069 0.313110 195.800003 657.299988 551.000000
188844992 43.496193 61.572536 0.453460 404.299988 426.100006 1085.099976
181761351 66.764160 34.774429 0.523660 1057.900024 454.200012 799.400024
192834663 29.905878 2.349401 0.408080 559.000000 971.900024 46.000000
179792644 31.265448 44.767136 0.538340 529.099976 871.400024 1011.200012
180653703 57.491722 12.984941 0.532730 1169.199951 745.099976 319.700012
189430574 43.974049 26.909525 0.448710 756.799988 784.400024 553.200012
183168794 22.789906 44.584946 0.508000 376.500000 896.099976 958.000000
183377470 75.826019 38.923321 0.506700 1027.099976 259.399994 855.500000
201707364 86.333885 72.520927 0.256200 218.500000 14.000000 695.299988
188397777 56.945072 65.645996 0.455040 427.799988 278.399994 1127.599976
189349525 80.059425 41.987164 0.447310 892.400024 156.399994 815.400024
196217127 37.520840 27.316572 0.361440 543.599976 707.900024 461.000000
202835947 37.411201 1.321738 0.223930 389.700012 509.500000 14.800000
184964961 64.640549 19.620499 0.493000 1131.300049 536.200012 446.299988
199968837 28.010048 67.531784 0.297190 150.399994 282.739990 774.390015
183479801 44.160210 2.332794 0.510630 954.309998 982.700012 55.799999
187479337 14.264202 12.246813 0.464090 303.309998 1193.060059 267.209991
181965038 6.964224 29.859764 0.519270 146.300003 1197.699951 692.700012
191194364 62.730667 18.748819 0.429700 989.599976 510.100006 377.899994
196033181 44.502182 30.169992 0.366390 616.400024 627.200012 511.200012
180625089 69.170029 35.519077 0.533500 1083.750000 412.329987 827.679993
179447812 65.752258 29.613312 0.541260 1143.599976 515.099976 712.900024
183231066 23.272991 1.676793 0.507780 538.789978 1252.680054 39.919998
178957957 89.724457 15.334731 0.548270 1406.969971 6.770000 385.829987
183608095 1.381463 34.388538 0.504780 27.000000 1119.599976 766.500000
189166033 28.534426 59.449730 0.447220 295.899994 544.200012 1049.500000
186342972 39.115059 10.965413 0.478890 802.299988 986.700012 246.399994
189503478 73.650215 2.259702 0.447030 1168.030029 342.660004 48.029999
187102659 42.626720 68.476128 0.468610 315.700012 343.000000 1182.000000
182709055 72.047035 50.260887 0.515260 840.400024 272.299988 1062.599976
180828943 0.288936 58.713909 0.528460 3.700000 733.700012 1207.400024
181330903 67.849525 8.163614 0.528690 1295.800049 527.500000 200.699997
188870937 25.724024 46.033318 0.453180 371.600006 771.299988 887.599976
202656550 72.246689 1.072194 0.231400 630.320007 201.809998 12.390000
187090986 39.248089 57.571419 0.469850 432.100006 528.900024 1075.000000
184941357 73.776016 37.604317 0.494900 1014.500000 295.200012 813.799988
202216013 76.502960 13.685096 0.246530 664.099976 159.399994 166.300003
203053276 18.344074 58.956482 0.214380 99.889999 301.279999 527.340027
182085486 27.824270 54.657120 0.518540 375.200012 710.900024 1133.500000
188810032 13.689056 31.024174 0.452210 249.619995 1024.819946 634.380005
202603885 78.478294 20.068727 0.231030 608.299988 124.000000 226.800003
194003011 63.167435 81.327179 0.391180 145.300003 73.500000 1067.500000
199645035 83.828568 54.991184 0.304080 488.299988 52.799999 701.200012
183788089 70.065056 49.363907 0.505080 831.299988 301.500000 1030.400024
190740999 86.953751 12.010066 0.434300 1159.400024 61.700001 247.000000
202903866 15.930284 38.345711 0.220290 135.970001 476.380005 391.890015
182993713 75.521378 14.884285 0.513680 1289.599976 333.000000 354.000000
201848744 87.914864 66.890984 0.253340 282.899994 10.300000 663.400024
200289587 80.407471 32.821739 0.294180 687.780029 116.239998 449.910004
189353929 76.832687 39.811787 0.448210 913.320007 213.669998 781.830017
200442421 39.796524 7.898906 0.289850 519.000000 623.000000 112.500000
198868366 40.863411 4.206965 0.317610 581.700012 672.400024 65.400002
190276036 41.866882 21.804541 0.438340 741.700012 827.599976 444.600006
180916671 72.840317 67.518364 0.528100 515.900024 159.300003 1304.699951
187206820 66.441063 40.353077 0.468860 888.000000 387.200012 823.099976
178728599 36.757595 38.495644 0.548810 683.900024 915.599976 908.900024
179405353 26.865934 13.299620 0.540790 633.989990 1251.510010 331.630005
181985747 10.412129 41.388500 0.517870 188.199997 1024.199951 917.700012
203509587 18.337965 27.599812 0.197530 158.699997 478.799988 263.700012
191677049 17.121056 26.005381 0.419640 304.500000 988.500000 504.600006
188592125 41.392197 1.040584 0.455600 819.159973 929.409973 22.500000
185624458 13.801363 40.695461 0.482130 235.699997 959.500000 849.700012
196221896 30.947495 43.805145 0.361520 372.899994 621.900024 695.500000
204175750 29.084778 27.657143 0.165070 206.199997 370.700012 222.300003
194852118 67.050781 36.074409 0.381840 786.200012 332.899994 622.000000
196254854 73.168724 35.620071 0.360530 779.799988 235.899994 583.700012
190790470 62.619625 12.782780 0.433860 1027.000000 531.900024 262.399994
178625408 29.667027 33.521130 0.547100 600.900024 1054.900024 804.200012
189673873 69.534569 67.708580 0.444950 431.119995 160.889999 1122.479980
194749820 31.818827 8.347975 0.384400 554.400024 893.500000 154.300003
186709203 31.629917 27.780914 0.472970 594.419983 965.090027 597.119995
187841215 50.481758 12.655402 0.465820 951.299988 784.700012 276.899994
194190423 72.356049 34.776806 0.389830 842.599976 268.000000 614.000000
197314102 69.462593 44.645756 0.345920 642.809998 240.809998 678.000000
200669093 24.879187 66.420769 0.282070 134.300003 289.600006 731.400024
178675890 73.310036 49.505424 0.547370 906.200012 271.700012 1107.900024
203584438 6.195112 32.021843 0.194460 51.299999 472.600006 297.299988
190976136 32.569714 44.700726 0.428780 449.000000 702.900024 825.400024
183174993 38.297779 50.365570 0.507660 539.200012 682.799988 1050.400024
184307108 71.653236 45.010830 0.496260 897.099976 297.500000 945.500000
187005658 18.514692 44.351643 0.468770 288.600006 861.799988 888.500000
199865557 46.303177 27.753662 0.299220 539.590027 515.590027 392.720001
198348296 34.952419 57.967327 0.327100 278.399994 398.299988 776.700012
202203275 51.248577 34.280212 0.244480 449.399994 360.700012 392.799988
190847718 1.427276 59.615730 0.429310 14.800000 594.000000 1013.400024
178703893 66.311623 55.148972 0.548550 763.799988 335.100006 1197.800049
193753520 11.089585 11.894878 0.394900 205.000000 1045.900024 224.500000
199231473 1.957462 42.348812 0.312400 22.160000 648.440002 591.390015
201741139 3.503692 5.974098 0.257380 44.500000 726.799988 76.199997
178457785 29.354177 66.283089 0.548660 287.839996 511.790009 1336.550049
195193370 76.433609 17.695276 0.377840 968.900024 233.800003 318.000000
200692506 10.551674 59.305035 0.283290 74.900002 402.100006 689.000000
204110728 18.646585 27.128170 0.169250 139.600006 413.700012 223.699997
199434974 81.267944 61.427929 0.307200 408.570007 62.750000 759.039978
181854067 87.478676 11.921711 0.523380 1369.400024 60.299999 289.399994
188708711 53.609589 13.886744 0.455280 967.700012 713.200012 297.200012
180765587 66.062424 11.985300 0.531070 1268.630005 563.179993 294.660004
196369288 27.631210 52.676907 0.359250 280.899994 536.599976 794.400024
195416495 57.907360 14.812126 0.373390 847.659973 531.590027 264.589996
186289667 46.933575 16.542931 0.482060 912.500000 852.900024 371.000000
180349816 66.521904 71.168236 0.530480 419.700012 182.300003 1341.699951
202017487 9.835810 6.285288 0.248370 120.199997 693.299988 77.500000
180663258 59.450859 19.953688 0.534550 1155.199951 681.799988 487.000000
184828528 60.683811 39.825935 0.493230 890.400024 500.000000 851.599976
184392828 39.916264 9.070361 0.498510 850.500000 1016.599976 211.600006
179211306 25.560980 52.314533 0.543810 382.100006 798.900024 1146.400024
196718652 42.567772 55.139984 0.355060 382.100006 416.000000 810.900024
195401238 78.916573 49.300270 0.373270 662.099976 129.699997 784.400024
201478582 14.183359 17.554588 0.265150 175.899994 696.000000 227.100006
181572732 21.240721 4.631878 0.522680 505.299988 1300.000000 113.000000
188221316 72.466682 5.592433 0.461480 1189.459961 375.799988 122.139999
198492417 70.622368 34.507404 0.327470 712.960022 250.759995 519.570007
185235956 30.500265 44.998024 0.491340 475.600006 807.400024 937.000000
193169493 36.671509 44.458248 0.402680 472.600006 634.700012 776.500000
184694522 51.542885 68.520325 0.494580 382.190002 303.540009 1240.319946
189581814 28.103409 65.210052 0.443820 239.059998 447.660004 1098.829956
195809996 25.885996 54.674713 0.367090 257.220001 530.059998 831.340027
183622038 4.135539 1.944200 0.501780 97.300003 1345.699951 45.799999
201387478 31.394712 35.762917 0.267300 320.700012 525.500000 443.399994
180814142 15.715352 76.151321 0.526640 91.320000 324.549988 1367.640015
191670585 9.881210 14.815030 0.420790 191.399994 1098.800049 295.000000
193101829 9.960490 31.922300 0.403870 163.199997 929.299988 587.799988
194061634 3.517024 5.776060 0.390480 65.800003 1070.599976 108.500000
180802214 39.051567 74.604897 0.527680 236.000000 290.899994 1360.400024
196406504 13.562123 4.459970 0.358330 233.000000 965.900024 77.500000
203777288 58.438454 60.844273 0.185720 222.699997 136.800003 468.500000
197047572 79.331169 45.245899 0.350230 675.200012 127.199997 693.000000
191523013 77.374084 6.457433 0.425650 1130.300049 253.190002 131.100006
191603418 43.597046 69.295891 0.421610 281.769989 295.910004 1081.109985
189471434 81.561020 12.543440 0.446710 1175.500000 174.399994 264.399994
191824571 58.006248 30.805262 0.421390 841.500000 525.700012 591.599976
201840461 60.098377 3.511964 0.257090 632.799988 363.899994 44.799999
193531243 20.968414 20.290712 0.400980 370.700012 967.299988 383.000000
184130565 7.677903 36.547379 0.497680 143.850006 1067.060059 798.099976
191761616 27.379364 3.880088 0.419780 528.200012 1019.900024 77.900002
192326240 75.136932 77.027458 0.411460 245.300003 65.099998 1101.699951
181832912 48.081245 3.927651 0.524250 1041.500000 935.099976 96.099998
182654583 20.345688 27.402433 0.510940 423.399994 1141.800049 631.299988
203636632 0.598889 62.178936 0.191850 2.700000 258.299988 489.500000
190531969 61.729126 60.374947 0.432350 514.700012 276.799988 1027.699951
180368263 41.100140 58.877335 0.532290 483.100006 553.780029 1217.140015
183766000 13.944893 7.405865 0.501740 322.600006 1299.199951 174.000000
201860725 26.920771 28.354902 0.252980 287.000000 565.200012 342.100006
185225833 25.028774 48.391327 0.487630 369.799988 792.000000 984.200012
201695031 73.763687 19.317677 0.260540 671.030029 195.410004 245.000000
190274363 37.606819 23.232885 0.439250 672.440002 872.969971 473.040009
194159505 41.344299 38.796795 0.390670 555.299988 631.099976 675.799988
198200456 41.899937 59.398582 0.332350 316.100006 352.299988 800.299988
199521682 85.051399 23.355206 0.309370 795.700012 68.900002 344.880005
192756680 5.000273 31.240103 0.407950 83.599998 955.500000 581.799988
182365704 49.241180 18.317247 0.515640 994.320007 857.030029 434.570007
192609598 75.180450 3.145145 0.411250 1090.800049 288.600006 62.000000
178613208 22.941256 24.310221 0.548570 518.500000 1225.000000 600.900024
199283942 40.344940 0.175794 0.313210 569.700012 670.700012 2.700000
182260457 34.725300 23.302727 0.517570 725.799988 1047.199951 548.799988
187134409 18.697739 2.527334 0.471160 408.899994 1208.199951 56.299999
191515332 89.980354 4.128901 0.427150 1166.400024 0.400000 84.199997
200431989 47.563538 50.830902 0.290750 382.700012 349.899994 636.500000
198920760 85.575302 26.922508 0.317480 792.200012 61.299999 403.500000
197430446 0.756489 38.931210 0.341800 9.800000 742.200012 599.599976
184603031 22.059841 54.945324 0.494730 287.600006 709.700012 1091.400024
191351378 53.939899 55.055504 0.426810 541.099976 394.000000 957.900024
198310595 60.703617 35.782986 0.331580 656.400024 368.299988 542.500000
191628969 13.063987 35.860641 0.420680 211.300003 910.599976 675.700012
185574284 11.221260 62.890480 0.483740 115.900002 584.200012 1163.400024
186015653 74.299385 9.683375 0.484130 1241.199951 348.899994 220.000000
185388447 40.586529 9.181507 0.489910 848.900024 990.900024 210.899994
197746054 33.978863 6.881917 0.337160 522.799988 775.700012 112.900002
197461085 80.221146 66.326561 0.342520 378.299988 65.199997 875.599976
185217618 36.474747 39.761131 0.490910 605.099976 818.500000 846.900024
187559358 45.740177 63.126976 0.463970 407.700012 397.299988 1123.400024
203855736 17.156895 2.576845 0.183160 156.000000 505.299988 23.799999
191049766 62.667759 33.739349 0.428530 866.400024 447.799988 651.400024
193851822 28.137882 7.160064 0.397030 512.150024 957.650024 136.419998
186853774 79.251144 30.311163 0.475620 1092.000000 207.300003 649.799988
186151184 32.980309 59.053780 0.479780 363.200012 559.700012 1112.800049
182695903 16.419506 16.238316 0.510690 372.100006 1262.699951 383.399994
185805117 50.778282 45.101227 0.486010 717.679993 585.780029 929.669983
179564163 83.218658 27.348637 0.541950 1273.890015 151.479996 663.520020
188750425 1.395973 67.460716 0.453970 11.530000 473.309998 1140.790039
204302113 65.095230 32.451283 0.159970 355.600006 165.100006 249.300003
182706156 70.265068 53.114933 0.513240 778.010010 279.100006 1101.469971
179440354 72.588135 31.760019 0.542510 1172.800049 367.799988 760.900024
183984040 53.457661 9.229688 0.501340 1069.739990 792.789978 216.360001
190560718 30.499702 28.854809 0.433330 526.599976 894.000000 571.700012
196715858 45.233612 43.314342 0.355490 511.079987 506.929993 678.690002
185001524 49.763901 11.790215 0.495510 997.700012 844.200012 272.799988
180610131 89.075867 40.777775 0.533530 1078.699951 17.400000 930.500000
190631372 71.442879 43.912773 0.433660 809.599976 271.790009 822.190002
185108340 2.379986 61.006573 0.489810 26.600000 640.000000 1155.900024
202492318 11.314766 20.560911 0.236050 123.919998 619.340027 236.919998
186531028 29.450855 62.242031 0.473600 293.720001 520.190002 1135.050049
190476366 10.335839 0.442757 0.435730 213.600006 1171.199951 9.200000
186005515 78.993889 12.860061 0.484490 1252.500000 243.600006 291.299988
193029742 11.496771 65.668129 0.402950 91.099998 447.899994 1010.799988
185927808 65.033577 11.542263 0.484540 1162.599976 541.299988 261.899994
193543152 72.020401 36.203053 0.400450 846.659973 274.760010 651.549988
202929908 65.874275 47.809780 0.222160 390.299988 174.800003 471.799988
184919109 80.429863 21.735720 0.491750 1214.699951 204.800003 491.100006
203425158 28.090855 34.330231 0.201030 225.080002 421.700012 326.440002
197429777 18.264669 31.123339 0.340680 255.229996 773.359985 491.720001
186832069 88.723923 19.111336 0.473800 1212.099976 27.000000 420.100006
182637589 31.215769 57.694798 0.510910 379.899994 626.900024 1159.300049
195931311 32.669231 28.790623 0.366650 481.500000 750.900024 490.200012
180875703 8.218669 5.978850 0.526140 200.100006 1385.400024 146.600006
191098031 54.269180 17.533718 0.429560 909.799988 654.500000 354.100006
199082846 24.821095 23.915895 0.314210 338.709991 732.320007 357.820007
180262868 10.443043 51.819214 0.532280 159.300003 864.299988 1117.599976
190363108 63.379101 2.635127 0.437190 1066.400024 534.500000 54.900002
201554317 67.633728 14.851491 0.261960 665.400024 273.799988 190.800003
179397722 30.575647 0.727789 0.540410 732.799988 1240.300049 18.299999
203255085 23.271442 38.624790 0.206840 183.600006 426.899994 371.299988
179402745 27.202505 10.069842 0.542360 650.500000 1265.599976 252.699997
201332897 0.376563 22.050365 0.265970 4.600000 699.900024 283.500000
190642619 72.978569 51.358391 0.434120 708.500000 216.899994 926.799988
182272214 87.316071 27.837383 0.517690 1225.670044 57.459999 647.960022
201637749 78.285286 54.538860 0.259150 418.600006 86.800003 600.200012
179234822 28.033909 37.735813 0.543190 537.900024 1010.200012 885.700012
185446621 62.565166 14.551750 0.489580 1134.800049 589.099976 331.899994
197007282 33.645443 11.035063 0.351670 532.700012 800.400024 187.500000
190858623 15.251902 37.364899 0.431220 246.600006 904.400024 715.799988
192836965 25.259262 4.777271 0.410370 479.589996 1016.460022 93.930000
183116594 5.698188 25.041361 0.510050 123.199997 1234.699951 579.700012
184522234 55.913891 32.557671 0.496620 933.799988 631.900024 719.900024
196927674 20.038832 43.735928 0.348960 240.800003 660.200012 672.400024
200067679 35.510593 44.982224 0.295810 342.799988 480.399994 589.799988
202469865 0.773446 52.497169 0.234030 5.500000 407.299988 530.799988
182820665 32.588779 31.958244 0.512040 628.000000 982.400024 727.400024
180797590 4.338524 77.399094 0.525430 23.200001 305.799988 1371.900024
191818180 68.749191 31.764568 0.422980 918.500000 357.200012 610.200012
190565511 34.725780 34.137226 0.434060 559.400024 807.099976 665.799988
191462373 39.601788 2.816294 0.425020 741.200012 895.900024 57.200001
182619989 32.172333 39.937408 0.511220 560.289978 890.669983 880.979980
200519084 24.207497 36.948997 0.285420 264.410004 588.140015 485.019989
191960273 55.557095 8.685147 0.419680 938.299988 643.500000 173.800003
203497192 21.960722 17.897844 0.197270 202.300003 501.700012 174.699997
187721043 29.942511 4.348266 0.465140 628.200012 1090.599976 95.699997
190074832 7.308856 25.879324 0.440830 137.699997 1073.599976 525.099976
202458856 43.089951 58.254173 0.235440 241.880005 258.570007 572.250000
182479687 30.395166 68.754181 0.513740 252.699997 430.799988 1284.599976
181018598 19.437021 10.866045 0.528590 461.829987 1308.729980 266.399994
199553512 62.360626 13.323436 0.307580 745.900024 390.600006 199.399994
195521143 13.322247 55.640163 0.369160 133.199997 562.500000 845.500000
189246566 17.776705 36.703243 0.445870 297.500000 927.900024 726.400024
196508101 79.787285 32.785587 0.356590 820.900024 147.889999 537.250000
198791262 10.953859 4.558258 0.319300 169.699997 876.799988 71.199997
198108572 10.097164 60.533653 0.329720 79.599998 447.000000 803.599976
180640622 61.394123 39.702290 0.534340 963.599976 525.500000 911.299988
192641051 70.093300 3.472026 0.413670 1066.199951 386.100006 68.800003
204130237 86.611237 42.115509 0.168340 361.399994 21.400000 327.299988
183133998 75.541237 66.233322 0.510250 534.659973 137.860001 1253.869995
191250377 9.252089 49.980667 0.424780 120.300003 738.500000 891.099976
198797301 5.631066 20.942524 0.320130 82.300003 834.700012 321.000000
186187401 32.880077 47.261513 0.477590 476.100006 736.500000 949.099976
193095558 13.606211 27.802519 0.403440 231.100006 954.799988 518.000000
187401209 82.665398 3.510577 0.468590 1257.800049 161.899994 77.800003
197541229 74.160774 15.093617 0.343930 891.400024 252.899994 249.899994
199550343 66.291809 9.787405 0.307820 781.299988 343.100006 147.199997
185827648 51.451969 30.872232 0.483210 876.500000 698.400024 670.000000
199117291 73.134026 15.080293 0.315630 819.000000 248.300003 230.600006
200202086 19.958103 33.583630 0.291340 233.899994 644.099976 455.000000
204337317 19.172464 30.651377 0.158250 129.899994 373.600006 234.399994
191351538 51.003017 52.730133 0.426770 549.929993 445.279999 929.880005
180937717 59.550690 61.104118 0.526040 586.200012 344.600006 1232.000000
181644963 38.300274 35.962914 0.524860 704.530029 892.080017 824.770020
197092079 56.733471 35.849518 0.348750 658.799988 432.200012 569.299988
196564645 60.015392 33.202118 0.359300 724.099976 417.799988 547.099976
181158988 83.115913 34.695648 0.528750 1153.800049 139.300003 804.599976
191261669 14.737142 44.879417 0.426360 210.440002 800.049988 823.789978
202349289 30.267488 60.636768 0.239900 169.300003 290.100006 597.000000
178858288 69.611557 47.371269 0.545850 922.599976 342.899994 1069.300049
180505245 50.173363 38.222164 0.530850 855.799988 713.700012 877.599976
187384684 47.785614 4.417411 0.468800 938.599976 851.500000 97.900002
180068350 49.760078 8.662533 0.538580 1084.000000 917.340027 216.350006
192706163 16.063824 31.415949 0.407760 264.799988 919.599976 584.500000
200008570 10.050149 15.927128 0.296010 140.100006 790.500000 229.100006
198189581 32.938808 51.697742 0.330450 311.700012 481.100006 725.799988
200654815 62.279766 9.437231 0.284720 703.000000 369.399994 132.000000
199884547 35.768452 3.882857 0.299740 492.600006 683.799988 57.200001
179215729 42.467983 52.938679 0.544380 589.989990 644.580017 1157.030029
180219380 7.742245 81.793236 0.531360 27.299999 200.800003 1405.099976
196991519 25.485376 5.166921 0.351600 419.700012 880.500000 88.199997
186023749 89.372665 79.021439 0.478170 246.350006 2.700000 1269.959961
189809013 58.500847 42.240364 0.442570 762.099976 467.000000 811.599976
181941168 8.745805 76.820602 0.518880 48.200001 313.320007 1353.770020
201973304 66.628044 18.069197 0.253320 629.400024 272.000000 223.699997
202165419 58.542328 39.702705 0.246690 461.600006 282.399994 449.299988
182774771 33.298927 4.673178 0.513650 754.059998 1148.000000 112.279999
199203333 0.479126 9.828896 0.313130 7.250000 866.869995 150.190002
181336394 76.174820 15.310231 0.525620 1317.000000 324.100006 371.299988
184420933 87.403961 27.268768 0.500200 1195.400024 54.200001 616.799988
191902941 79.785934 10.535896 0.419430 1113.010010 200.550003 210.339996
180592693 75.570755 31.204849 0.532430 1178.000000 303.100006 736.799988
200958036 87.211647 20.389771 0.278030 737.099976 35.900002 274.299988
202623083 63.671471 46.128426 0.232020 412.220001 203.979996 478.410004
178534688 0.876975 25.571400 0.546940 20.100000 1313.099976 628.400024
201410489 86.892998 20.528648 0.268400 712.229980 38.660000 267.089996
202421647 32.731232 21.703579 0.239810 344.000000 535.200012 253.229996
194580324 88.497223 1.952630 0.386580 1067.300049 28.000000 36.400002
193642984 78.253372 15.415248 0.398020 1035.400024 215.300003 291.600006
188793067 2.515643 17.932030 0.453190 51.500000 1172.199951 379.700012
201679918 80.621956 1.576353 0.259550 727.799988 120.199997 20.299999
196673244 6.915620 8.191952 0.356110 118.099998 973.700012 141.199997
186111334 5.845333 7.112472 0.479260 131.000000 1279.599976 160.500000
185536982 72.678116 3.138430 0.489420 1258.800049 392.600006 72.300003
201038942 1.449156 29.394424 0.275900 17.219999 680.780029 383.630005
186789884 41.222248 37.393135 0.476120 674.700012 770.099976 782.599976
183184038 30.175016 55.698219 0.508630 387.000000 665.599976 1128.599976
199620835 0.558186 29.471685 0.305860 7.300000 749.359985 423.500000
198438041 20.180220 9.051374 0.327750 312.700012 850.799988 144.399994
194166523 20.911734 2.618614 0.391680 385.480011 1008.859985 49.389999
181077686 50.689133 33.071732 0.528170 915.599976 749.700012 770.599976
194209468 58.254051 11.482887 0.393030 903.799988 559.200012 215.899994
192781600 28.588642 54.643242 0.408340 310.899994 570.500000 915.700012
202069931 59.428356 20.888309 0.250250 573.510010 338.790009 254.199997
203397228 87.874413 70.970634 0.201030 188.600006 7.000000 547.200012
197213245 57.157436 59.710743 0.346550 409.529999 264.350006 834.510010
203536408 70.905968 47.733761 0.200120 366.299988 126.800003 426.500000
188143178 51.124218 27.790171 0.460270 861.200012 694.299988 583.000000
180828653 2.767649 60.773129 0.528260 33.299999 688.809998 1232.569946
196136341 2.734884 12.265725 0.362200 46.930000 982.380005 213.820007
183048069 10.882700 56.023407 0.510030 144.500000 751.599976 1135.699951
179823029 30.292892 33.981857 0.536900 599.200012 1025.699951 800.700012
181956586 14.939558 56.125397 0.515670 198.699997 744.700012 1148.099976
197210221 74.307297 64.820618 0.346510 395.799988 111.199997 874.500000
191654480 6.317352 3.349375 0.420860 126.750000 1144.930054 67.419998
194986531 16.345465 2.222713 0.377710 294.119995 1002.849976 40.560001
188702541 48.707855 2.933148 0.457970 934.099976 820.400024 63.700001
178785042 30.951275 30.278833 0.548090 647.799988 1080.199951 735.400024
191342923 40.202354 62.717293 0.425630 344.899994 408.100006 1036.000000
189537796 70.973473 29.311804 0.449430 1009.049988 347.970001 599.270020
197020239 43.385670 27.989771 0.350990 593.099976 627.500000 458.899994
184194522 71.965652 61.470230 0.498690 609.770020 198.529999 1179.619995
184855827 50.919708 30.549877 0.494180 890.400024 723.099976 677.000000
198225302 39.591888 22.236557 0.331370 547.000000 661.400024 350.899994
199490927 41.048992 5.697220 0.307970 566.099976 650.099976 86.000000
191912075 78.581940 21.789703 0.420400 1049.199951 211.899994 427.899994
199227871 22.053671 36.999355 0.309910 261.299988 645.000000 524.400024
195143613 54.762573 39.900383 0.379190 657.700012 464.600006 673.299988
190493278 11.875092 26.172342 0.432620 218.460007 1038.910034 521.750000
189954169 73.707451 20.968166 0.442300 1081.500000 316.100006 431.799988
191440811 63.827381 29.375456 0.423900 908.299988 446.399994 569.700012
184076907 80.588646 82.875984 0.498100 164.100006 27.200001 1330.900024
198405285 55.946884 65.932541 0.326830 309.329987 209.059998 835.909973
181524663 33.791565 55.111465 0.521270 444.100006 663.599976 1145.099976
183159068 49.791523 63.189899 0.507890 470.000000 397.299988 1217.800049
198997048 6.870693 7.046322 0.315850 105.300003 873.900024 108.800003
184356038 38.636559 36.488087 0.497680 672.799988 841.700012 797.000000
189416922 48.185947 20.815037 0.447030 848.700012 759.200012 432.899994
201790653 29.977163 20.294109 0.255630 340.899994 591.000000 252.300003
187185484 86.185387 55.863914 0.468210 710.900024 47.400002 1050.900024
183754573 24.231186 32.599453 0.502540 467.399994 1038.500000 728.299988
183871941 39.386433 9.387722 0.502540 846.299988 1030.800049 220.500000
189021038 37.074390 0.920143 0.453080 743.200012 983.599976 19.799999
199996072 2.613333 10.156544 0.298080 37.720001 826.309998 148.179993
197081671 45.989281 26.671453 0.350370 627.400024 606.099976 438.200012
190561536 28.205231 31.427967 0.435590 480.000000 895.000000 620.599976
185731601 15.884590 21.072559 0.482430 333.000000 1170.199951 468.799988
186604701 9.038975 9.866786 0.474590 198.899994 1250.300049 220.199997
199367381 49.121944 76.164169 0.307040 156.199997 135.199997 838.799988
184019422 89.953072 6.596192 0.502600 1343.000000 1.100000 155.300003
192830469 16.522434 5.405849 0.406650 316.700012 1067.609985 105.379997
200178825 6.779869 1.109158 0.293390 97.730003 822.039978 16.030001
194883328 83.890671 4.432782 0.382640 1049.199951 112.300003 81.800003
193387407 12.339286 36.474709 0.397990 188.500000 861.700012 652.099976
181140733 38.024792 22.691147 0.529100 803.799988 1027.900024 545.599976
196710461 52.550770 43.885361 0.356320 567.299988 434.510010 687.299988
197557564 77.447144 42.841114 0.343840 686.700012 152.899994 652.400024
198477607 86.150543 14.315317 0.325330 881.299988 59.299999 225.399994
193074903 13.115556 2.212330 0.402700 251.399994 1079.000000 42.799999
196531183 76.719818 49.776501 0.359280 627.900024 148.199997 762.799988
192345434 14.023548 67.377441 0.414570 106.099998 424.799988 1050.699951
196701793 85.335602 61.992393 0.354720 462.130005 37.700001 871.750000
197742103 40.032108 1.442922 0.339830 610.299988 726.500000 23.900000
181674910 33.228119 8.716849 0.521080 755.900024 1153.900024 211.500000
189053259 75.431824 16.758293 0.450930 1137.800049 295.700012 354.000000
184645664 11.734578 38.785652 0.495100 211.500000 1018.200012 835.700012
183834390 43.672821 39.290161 0.504830 725.359985 759.770020 859.460022
191272341 5.117021 3.977003 0.424190 103.400002 1154.699951 80.599998
195228354 29.198895 65.321472 0.375120 211.699997 378.809998 944.400024
182918889 58.611568 19.728992 0.510890 1102.119995 672.429993 463.000000
185455069 61.577847 18.246328 0.488920 1102.000000 596.400024 413.100006
180959498 29.934786 55.597054 0.527920 397.989990 691.159973 1164.670044
197673271 3.344650 28.404701 0.339020 48.599998 831.599976 450.500000
202965057 52.865852 78.801384 0.217920 96.800003 73.300003 613.299988
185780535 78.430870 48.100842 0.486030 858.700012 175.779999 976.909973
180866213 16.564367 44.827919 0.525350 284.200012 955.500000 990.900024
180227182 32.415401 69.507111 0.530410 266.000000 418.899994 1327.699951
182606757 34.785915 62.065639 0.514750 369.000000 531.200012 1219.800049
199337454 83.688049 40.048908 0.312470 668.099976 73.900002 565.000000
199451985 62.502258 66.375214 0.309640 309.500000 161.100006 797.700012
199592026 9.441089 47.713593 0.304470 94.599998 568.900024 634.099976
194800655 79.360710 43.472042 0.384110 757.500000 142.300003 730.700012
193813465 33.784298 15.629256 0.393510 581.400024 869.000000 292.500000
185359755 39.706150 40.270741 0.491220 645.799988 777.700012 856.400024
202667368 54.134357 66.949699 0.229620 208.500000 150.740005 604.650024
190234131 59.595215 33.921524 0.436610 853.599976 500.899994 665.599976
201035863 13.598254 17.591730 0.276110 175.300003 724.700012 236.399994
197613319 88.707268 0.778441 0.341660 953.500000 21.520000 12.960000
200996562 34.615860 81.075615 0.273950 68.419998 99.129997 767.020020
201570304 62.213085 72.428566 0.260610 197.850006 104.260002 706.219971
198120500 8.185204 5.291230 0.332580 131.899994 917.000000 85.800003
187674185 53.693810 48.639282 0.466030 673.299988 494.700012 949.000000
183506640 87.756470 21.582067 0.508240 1268.599976 49.700001 502.200012
191088570 43.185356 13.962203 0.429740 780.900024 832.000000 283.700012
200062277 38.740494 48.247265 0.295180 347.000000 432.500000 621.200012
202847559 49.914337 32.667591 0.226300 417.399994 351.299988 349.809998
196903073 16.374727 15.358843 0.349240 264.600006 900.500000 257.799988
200913479 37.860809 24.184431 0.276700 438.799988 564.460022 321.079987
200049516 38.002579 33.247913 0.295500 429.200012 549.299988 457.000000
189138553 55.508213 16.836491 0.453620 973.700012 669.000000 357.500000
189599595 9.479195 42.612652 0.445170 147.100006 881.000000 821.700012
182125365 12.830817 0.111540 0.517410 308.000000 1352.300049 2.700000
190649920 55.153816 30.084015 0.433750 842.000000 586.210022 594.349976
180831562 8.485808 61.556534 0.529680 99.500000 666.900024 1244.800049
190082388 8.646757 29.525999 0.439020 156.800003 1031.099976 590.700012
178903562 50.137234 29.389259 0.547600 974.700012 813.900024 715.200012
204056292 21.901823 26.779938 0.172070 166.000000 412.899994 224.600006
188748620 40.292149 70.248489 0.452410 269.100006 317.399994 1158.900024
185850424 31.701977 1.070514 0.485560 689.000000 1115.500000 24.500000
200885903 2.010330 34.316883 0.276600 22.700001 646.700012 441.700012
200168807 8.667776 51.668377 0.291030 76.809998 503.820007 644.590027
186806703 33.810078 6.044248 0.477320 714.700012 1067.199951 136.000000
178477881 2.430240 63.671280 0.547400 27.400000 645.599976 1305.800049
198491788 69.203484 33.432224 0.325580 711.700012 270.299988 502.600006
180489705 63.981941 57.210854 0.530930 690.400024 337.000000 1192.599976
203991674 17.053501 45.489773 0.177160 105.400002 343.600006 365.600006
198535274 63.239403 36.857689 0.327450 655.200012 330.399994 550.099976
191314480 0.339829 37.544510 0.427200 5.500000 927.299988 712.700012
183842372 47.728035 34.741531 0.505830 826.700012 751.500000 774.799988
192828910 23.060726 0.322661 0.406700 438.200012 1029.300049 6.300000
199617681 5.424939 25.342695 0.305200 73.400002 772.900024 367.700012
188662692 74.449806 8.580541 0.454570 1178.000000 327.799988 184.500000
199462494 54.894432 33.067902 0.308680 595.200012 418.399994 473.700012
201604494 11.902756 11.289991 0.260610 149.830002 710.830017 145.029999
179967217 37.536594 17.618118 0.536630 831.500000 1082.199951 433.399994
182816770 39.417126 24.872799 0.512210 791.909973 963.500000 578.200012
187239100 42.129082 26.183624 0.468840 765.200012 846.000000 560.900024
179728829 7.832515 17.632191 0.537380 186.199997 1353.560059 434.260010
181947767 17.087036 51.717808 0.517250 252.399994 821.099976 1088.400024
194547577 66.901474 31.851942 0.387660 836.799988 356.899994 565.200012
195730044 46.480812 32.629589 0.370140 627.000000 595.400024 553.599976
202625924 61.880627 35.895187 0.232720 475.500000 254.100006 390.200012
202833022 45.426891 13.855239 0.225450 446.619995 440.010010 154.639999
187380916 59.176533 7.579706 0.472070 1088.699951 649.599976 168.699997
185163343 4.582159 12.822802 0.490780 103.120003 1286.680054 293.809998
203593041 78.281387 14.452565 0.195160 533.460022 110.660004 140.419998
183417494 68.397446 34.955147 0.507850 1039.699951 411.700012 781.700012
193125540 48.325195 55.310692 0.402440 471.040009 419.309998 911.119995
180284897 13.691319 41.238316 0.534200 253.850006 1042.030029 940.179993
182264415 42.114941 25.724337 0.517820 838.500000 927.500000 602.400024
186713235 31.710831 31.732752 0.474320 574.179993 929.289978 675.520020
188286496 83.781593 7.142587 0.460680 1234.400024 134.500000 155.600006
203389662 42.319389 20.443050 0.204350 370.929993 407.369995 205.360001
178820476 80.938934 41.216789 0.549000 1085.000000 173.029999 962.419983
191809019 82.687889 56.026783 0.422860 642.299988 82.419998 961.020020
180968642 34.682938 50.795891 0.526360 506.399994 731.799988 1091.000000
200951913 68.751236 2.838522 0.277760 732.200012 284.720001 38.950001
180186534 76.881416 15.400959 0.538930 1349.500000 314.500000 381.700012
190851193 8.438437 63.221966 0.430730 77.900002 525.099976 1051.900024
194595429 74.817230 10.601134 0.388880 1018.900024 276.500000 197.600006
185503905 55.679287 24.827969 0.491010 992.700012 677.700012 556.099976
