10683
10683
10683
50 16 25
2.000  12.000 0.200 
0.900  4.100  0.200 
0.000  1.000  0.040 
58 37 20 12 13 10 13 16 10 11 8 10 18 13 6 9 3 5 4 7 4 7 2 1 1 
32 48 35 23 34 24 24 26 20 16 26 29 12 17 10 12 12 16 15 10 9 13 11 9 5 
3 17 19 42 25 37 34 28 35 31 32 21 29 18 26 17 20 21 22 16 18 8 8 6 1 
4 26 17 24 23 28 22 27 34 34 32 28 23 27 19 11 18 25 13 10 7 8 8 8 1 
10 24 25 20 15 15 28 31 23 22 28 19 28 26 22 23 21 26 19 16 11 15 7 5 2 
4 21 21 28 21 29 23 35 28 23 30 22 23 28 24 23 24 28 20 11 16 13 5 5 1 
12 18 15 24 34 28 25 33 28 26 40 28 30 22 28 29 28 23 23 16 15 13 17 3 6 
4 18 20 23 30 28 29 29 33 26 41 45 30 27 14 22 20 24 19 23 18 15 8 8 2 
5 13 17 16 30 30 32 33 22 39 41 32 20 34 33 34 35 25 16 22 14 12 13 5 2 
4 10 22 18 27 44 29 21 39 18 28 21 26 23 29 37 29 30 20 10 22 11 9 6 3 
3 11 27 19 28 24 30 43 30 22 35 30 34 36 25 34 23 35 24 22 32 18 13 9 3 
6 16 17 24 23 23 43 34 37 34 35 24 48 44 33 36 48 34 26 21 25 18 11 12 2 
4 14 19 21 25 39 35 42 30 47 45 43 45 42 46 46 40 32 25 25 23 14 16 10 3 
3 14 18 32 18 36 33 37 40 50 35 38 49 40 35 43 41 21 36 21 26 19 28 12 2 
3 10 18 30 33 36 53 64 42 49 56 27 49 45 35 36 38 25 28 31 24 28 29 18 6 
8 12 25 30 26 36 39 47 42 41 45 38 33 52 43 32 41 41 36 29 23 21 18 22 5 
46 41 25 12 14 12 16 10 6 14 20 14 6 12 5 7 7 8 11 8 4 6 12 3 3 
37 57 53 32 31 34 36 47 25 26 30 30 28 26 33 24 22 14 25 19 14 21 14 10 2 
16 19 22 28 55 40 24 43 35 12 33 21 19 27 17 35 40 34 25 14 22 13 6 13 4 
4 20 19 27 35 26 37 28 29 22 33 28 25 32 28 25 17 35 28 16 16 15 8 6 0 
9 12 27 35 22 41 38 33 31 50 30 37 35 21 24 27 28 27 30 17 14 15 11 6 4 
11 32 23 37 37 49 31 35 34 41 41 33 28 29 40 30 33 29 26 22 17 14 10 7 4 
12 27 26 35 50 27 35 28 37 32 35 41 31 37 28 41 38 38 37 28 25 17 20 17 5 
14 14 27 26 48 31 40 41 34 39 37 38 35 36 46 34 42 41 37 24 13 22 28 9 0 
4 17 27 22 41 44 44 40 43 35 42 48 38 26 38 40 29 36 33 24 19 24 18 12 2 
9 14 18 34 42 40 50 48 31 41 60 55 60 49 36 46 27 49 26 25 22 21 16 12 0 
9 15 25 38 42 52 50 52 32 52 64 69 50 56 39 41 42 34 34 46 26 23 16 13 4 
10 29 28 22 46 46 45 40 56 51 70 69 48 53 47 54 34 45 37 22 25 16 14 9 2 
3 30 32 30 37 46 37 55 54 58 63 53 61 55 43 57 40 47 31 47 34 31 17 13 3 
7 17 32 33 29 58 44 51 54 64 58 54 60 67 42 44 41 39 42 26 37 33 18 13 0 
3 17 30 37 41 51 48 54 43 68 57 72 53 55 69 54 55 47 48 36 34 30 17 16 3 
10 19 21 34 38 50 49 67 52 58 72 64 68 71 62 72 65 61 52 41 35 40 24 14 6 
49 41 36 22 16 15 19 8 9 14 20 18 9 14 7 13 17 17 7 11 12 9 7 1 1 
24 60 51 31 42 48 44 43 34 30 36 36 24 35 33 43 21 22 25 27 11 10 13 5 4 
9 37 34 34 44 31 31 45 32 29 23 24 22 36 37 26 26 19 27 18 25 21 11 8 2 
17 23 36 32 19 28 41 22 27 43 44 31 27 26 33 32 45 25 36 27 17 21 17 8 2 
16 31 48 40 49 63 54 40 36 38 32 30 46 48 45 42 46 29 29 30 35 25 20 7 5 
6 31 36 41 41 43 35 31 39 27 42 28 44 28 40 39 35 40 31 36 26 19 22 12 3 
9 21 29 38 32 53 43 60 47 46 55 45 43 41 59 41 38 34 32 42 35 25 14 14 5 
7 21 37 33 46 57 61 43 40 43 36 38 41 43 57 33 47 42 29 34 31 29 20 8 0 
6 26 35 43 55 54 49 63 46 46 47 46 41 53 64 58 44 50 32 42 31 26 18 13 6 
5 30 50 45 45 40 49 61 49 53 45 56 51 45 52 49 56 43 38 47 26 36 19 15 4 
11 22 32 59 44 59 54 76 64 56 52 66 66 55 51 71 62 52 48 43 31 19 27 12 7 
8 26 35 42 39 58 47 64 57 63 71 64 69 49 68 85 78 61 53 52 36 50 34 14 8 
2 19 42 55 51 35 66 60 66 59 58 44 50 78 53 65 40 60 54 41 38 42 28 14 8 
6 25 30 40 52 60 76 86 75 73 62 73 62 69 75 66 63 64 50 54 33 33 43 18 10 
6 28 36 51 60 63 88 84 68 78 76 93 96 70 64 69 80 66 46 60 41 40 35 24 9 
14 27 41 48 63 69 56 70 76 74 95 88 84 84 87 88 63 86 70 51 57 47 32 23 4 
74 31 24 28 15 24 20 18 29 32 16 19 13 13 12 24 15 6 11 11 5 6 0 7 1 
50 54 47 51 49 54 54 61 54 49 33 34 52 47 33 37 34 27 26 16 22 22 16 8 9 
11 36 37 47 33 39 42 41 39 49 44 27 42 42 26 35 26 37 25 25 18 18 12 10 2 
4 28 31 49 55 50 62 50 34 44 44 30 31 43 29 41 29 34 36 34 25 23 21 13 5 
18 27 35 32 55 46 58 48 33 56 54 44 32 31 36 42 37 40 31 26 36 22 19 15 8 
12 20 34 46 52 50 33 45 37 53 49 48 41 40 40 41 50 44 41 32 34 14 16 9 6 
18 27 33 35 45 38 60 38 48 45 40 42 46 41 49 43 45 49 45 24 32 28 10 15 8 
8 23 42 48 46 52 44 47 49 47 61 60 53 57 49 52 44 49 53 39 32 34 25 19 3 
13 30 37 50 48 68 61 54 54 69 65 64 43 63 44 58 46 62 52 51 47 45 21 15 5 
16 29 31 43 54 73 51 57 60 43 55 65 58 52 48 62 55 64 53 48 35 27 23 15 5 
6 24 33 46 55 51 65 61 60 58 64 61 64 67 68 71 67 58 68 59 43 39 48 19 15 
17 20 45 42 70 62 65 65 61 78 66 54 65 65 79 64 58 58 52 55 52 37 30 16 9 
11 19 55 51 70 88 68 70 78 65 75 67 66 98 77 93 75 68 67 50 51 46 41 15 13 
12 20 44 53 74 81 76 78 84 94 64 82 62 93 77 101 83 67 71 58 51 38 39 18 16 
13 29 51 58 73 61 73 87 88 105 74 82 84 103 83 82 81 93 76 64 63 36 28 14 8 
19 44 52 61 67 73 84 112 96 103 99 90 124 99 98 94 93 84 76 71 57 44 38 19 4 
79 69 27 39 33 23 23 31 23 18 20 31 14 17 14 15 17 11 9 19 14 11 12 2 1 
34 76 54 44 48 59 59 50 40 42 44 42 46 35 45 26 30 32 24 26 22 24 20 10 1 
8 49 52 64 74 42 48 47 53 47 51 42 39 39 54 33 38 32 45 29 20 35 20 16 7 
11 49 37 42 62 45 59 55 52 49 47 57 37 50 52 41 40 38 34 37 32 23 15 14 5 
14 36 57 42 48 54 51 49 54 57 36 56 63 51 47 37 41 40 39 37 41 33 16 10 12 
9 43 50 47 55 51 68 58 62 60 47 59 51 58 47 51 64 54 56 48 37 24 23 17 8 
7 34 44 55 48 55 54 58 81 59 74 79 70 41 69 68 55 51 57 46 47 33 19 11 5 
15 40 47 59 60 49 67 52 61 75 66 62 72 71 60 61 54 79 53 39 41 47 27 17 6 
15 29 37 58 49 71 70 75 63 78 71 75 69 78 64 66 63 64 61 63 56 55 33 23 9 
14 29 52 64 80 74 78 70 84 82 82 76 96 94 78 65 89 78 63 55 49 51 34 28 6 
19 29 42 61 74 82 68 84 77 113 90 69 89 78 78 83 94 73 81 79 78 41 40 27 7 
10 21 59 67 61 84 83 77 103 90 92 93 112 93 104 96 83 89 79 66 59 53 51 23 9 
12 40 61 72 74 89 103 69 91 100 113 100 110 116 97 102 112 98 81 82 63 49 48 32 4 
12 41 73 81 75 83 121 115 106 122 133 131 128 107 102 96 104 94 81 73 64 54 38 23 8 
15 38 57 85 103 107 101 112 122 109 126 121 116 132 118 110 91 109 91 77 80 60 47 39 10 
13 49 57 88 95 100 122 105 121 138 119 125 130 117 133 123 114 123 111 71 79 67 61 37 10 
104 59 51 24 42 31 22 31 17 25 20 23 20 18 13 27 9 26 19 25 14 10 8 6 2 
46 68 61 83 70 55 71 55 59 51 53 44 51 57 48 32 37 44 33 48 33 23 26 17 5 
16 44 53 75 80 72 59 50 65 38 65 62 46 46 63 60 57 42 39 55 39 40 31 14 8 
18 45 66 85 68 54 71 62 61 68 66 68 56 58 50 49 53 55 34 41 49 30 26 19 10 
30 43 62 70 49 60 63 70 77 78 79 72 73 60 68 46 44 51 54 47 34 32 18 21 6 
17 36 70 62 62 85 69 66 95 73 62 80 72 57 56 63 66 64 46 58 69 45 25 22 6 
16 50 61 70 73 72 73 78 75 81 69 71 76 81 75 67 56 58 52 52 47 37 33 23 18 
22 50 62 79 58 71 66 69 74 84 92 78 65 75 86 68 65 73 48 51 57 42 42 29 8 
20 41 54 65 77 86 79 90 73 80 96 103 79 94 78 82 64 84 91 70 62 50 35 23 13 
19 28 64 82 74 80 70 90 92 81 102 82 104 91 74 74 86 92 74 67 54 48 61 39 3 
12 44 69 67 74 93 80 94 112 98 84 81 101 101 129 133 101 87 92 86 71 67 47 44 10 
28 39 59 68 66 95 83 79 102 99 121 149 139 117 123 125 85 119 106 96 65 72 51 23 8 
18 48 73 91 109 109 106 140 141 150 161 166 136 142 132 100 105 128 112 100 86 83 65 42 14 
17 46 66 75 83 117 124 148 134 143 167 127 180 142 141 145 130 116 127 102 80 84 53 39 4 
12 76 66 87 114 137 106 107 135 135 181 167 147 143 143 153 134 121 111 114 112 102 67 36 22 
24 61 89 86 104 162 129 151 169 157 162 168 161 181 167 159 145 122 104 123 76 82 53 27 13 
80 47 54 40 39 29 31 30 24 23 14 30 23 21 21 19 25 25 19 17 19 14 13 2 1 
46 69 69 76 74 60 46 39 44 58 38 63 47 59 29 56 39 49 34 46 43 23 22 17 7 
30 55 64 81 87 88 62 77 52 58 52 62 58 80 77 65 68 46 43 37 51 36 26 15 10 
24 61 69 72 58 50 76 67 61 73 60 62 67 73 75 73 64 56 46 49 49 52 20 22 8 
16 41 65 94 74 72 87 80 82 61 67 78 63 67 66 71 75 61 69 37 47 45 37 24 8 
7 57 66 63 74 94 98 89 73 70 76 62 89 102 91 78 66 53 72 42 59 52 47 14 10 
21 43 84 66 87 92 100 86 101 85 81 86 89 72 79 81 62 64 60 68 54 53 42 23 7 
21 43 69 63 73 111 89 115 108 82 99 87 93 94 88 104 86 83 81 65 59 62 47 34 8 
20 50 66 69 97 72 103 100 86 95 106 115 99 108 99 99 104 87 76 56 65 57 43 29 5 
19 66 71 69 84 66 93 105 112 104 119 119 124 125 116 112 103 100 110 97 64 65 47 39 9 
18 47 77 82 87 110 117 116 128 122 119 109 126 129 129 121 102 107 99 101 71 77 52 23 13 
12 55 70 80 111 107 133 135 139 145 158 151 141 143 134 149 120 135 131 107 88 80 41 37 26 
20 52 86 74 91 130 129 137 143 150 155 191 142 161 141 160 121 129 123 96 91 72 76 31 17 
17 50 80 97 130 123 130 159 159 147 173 207 164 140 149 147 126 145 146 106 105 86 70 58 14 
19 64 89 93 122 135 151 173 146 151 176 181 190 195 190 180 144 172 115 104 116 61 63 46 17 
14 46 96 103 136 162 159 159 170 207 201 205 198 164 198 196 164 141 138 124 111 78 70 58 18 
80 50 27 42 34 25 38 28 27 32 27 25 26 24 31 27 26 26 27 14 19 15 7 5 0 
54 91 83 83 73 56 77 66 61 52 48 49 59 51 47 51 63 51 51 28 33 43 33 22 7 
26 69 75 72 88 70 64 58 50 65 67 49 66 61 67 50 53 59 52 52 40 48 42 11 4 
16 42 59 68 69 77 85 82 69 68 70 60 77 92 79 61 67 65 45 39 42 23 26 14 7 
16 54 76 90 91 76 72 83 79 72 76 84 104 76 72 92 73 65 52 45 54 48 37 21 9 
13 39 59 80 94 79 104 103 107 91 116 78 93 90 96 96 85 90 70 68 58 57 46 25 14 
24 83 70 73 97 90 91 93 121 99 91 102 125 102 105 109 104 93 88 67 52 58 52 35 9 
9 55 54 61 84 89 113 122 104 127 123 115 112 92 104 87 85 104 77 68 68 65 37 32 12 
14 36 64 83 79 120 131 130 101 117 127 141 146 126 115 116 122 112 80 78 63 70 38 35 15 
17 59 72 86 88 123 142 116 116 159 159 150 158 135 138 124 123 110 104 104 84 56 47 34 16 
27 60 79 93 121 129 98 130 149 158 184 191 152 157 141 142 147 142 138 98 114 82 71 46 15 
26 57 82 94 88 133 157 149 131 167 172 174 178 172 188 166 152 137 118 98 102 88 70 42 18 
23 48 90 87 113 135 152 156 178 184 152 152 150 168 150 175 152 146 134 121 90 82 61 45 9 
25 59 84 113 138 138 178 195 185 191 180 174 196 189 163 167 162 170 146 139 108 80 69 36 10 
26 53 92 131 146 178 175 196 184 197 227 161 231 197 218 184 184 182 157 147 105 87 89 40 20 
20 95 106 144 118 171 161 193 181 213 215 182 229 225 196 208 193 181 176 140 112 106 82 51 14 
101 69 47 45 41 40 42 23 19 28 25 25 27 25 29 31 33 27 43 24 11 25 15 8 2 
52 88 94 113 81 82 72 77 56 49 56 68 48 58 67 45 57 65 53 48 38 45 29 18 7 
32 63 101 76 86 83 66 67 68 72 75 90 66 80 80 73 58 65 76 34 45 44 32 22 14 
23 65 72 93 84 87 74 85 96 96 91 89 79 58 101 95 62 76 72 45 47 51 34 14 9 
26 57 94 114 99 89 89 85 89 115 106 99 105 91 87 70 84 86 81 69 56 45 38 25 9 
15 65 71 92 97 87 118 83 123 121 102 105 106 115 95 99 98 96 85 79 65 53 32 25 8 
21 55 68 85 111 93 139 111 126 99 142 115 136 130 105 124 131 103 81 103 71 49 63 40 10 
28 59 87 67 114 110 106 120 148 134 108 122 136 136 136 123 128 128 94 83 73 51 43 27 10 
13 57 69 86 117 120 137 132 158 140 149 155 170 141 160 156 139 116 125 80 98 72 62 27 14 
18 54 95 122 127 140 156 149 152 191 186 193 193 163 166 136 148 139 141 150 91 82 65 44 13 
23 42 65 109 115 159 176 167 173 187 225 192 192 191 180 185 146 152 134 136 134 95 63 69 20 
30 75 71 104 123 141 179 178 192 199 191 172 184 193 183 218 176 136 141 124 104 84 73 49 22 
17 55 93 120 144 188 186 176 195 194 221 231 228 197 188 211 188 194 179 138 120 89 77 41 14 
20 73 103 131 165 188 175 243 224 232 226 244 254 253 212 221 214 179 167 173 109 132 74 46 22 
29 73 102 182 177 171 190 249 205 259 262 279 252 268 225 252 236 198 176 133 130 136 93 55 13 
37 85 115 137 159 196 201 264 236 289 252 288 254 289 267 251 233 213 228 160 172 124 95 61 19 
106 56 55 55 61 54 29 30 39 32 32 37 25 24 34 31 34 22 25 26 29 21 16 11 3 
51 96 101 113 95 86 68 65 74 69 74 87 91 79 70 68 75 72 58 57 57 40 27 24 5 
29 66 107 112 103 97 88 96 68 69 68 89 78 69 80 95 69 71 58 54 56 45 48 26 9 
16 72 77 88 102 90 111 103 105 98 118 113 97 91 91 73 78 63 77 70 65 44 35 29 11 
32 76 76 110 111 112 86 104 115 139 115 118 134 99 121 105 95 83 79 97 76 61 53 30 10 
30 72 109 96 110 124 119 121 139 141 117 147 113 125 135 131 129 129 85 98 88 78 46 37 9 
24 53 89 77 104 102 119 129 120 138 155 136 139 134 148 137 101 131 111 99 82 63 54 34 9 
28 67 86 105 110 136 137 151 160 168 148 155 198 160 159 174 156 149 115 115 107 86 69 50 14 
34 53 98 123 133 147 177 176 161 194 207 214 197 187 162 154 169 160 139 141 136 87 82 52 12 
23 71 103 130 129 169 155 192 201 206 226 222 202 223 216 165 199 179 164 135 128 100 70 34 14 
21 71 123 141 159 164 194 195 212 247 200 192 218 209 201 217 192 179 144 169 148 109 92 47 9 
23 64 118 134 158 213 208 202 229 214 228 222 216 240 240 202 223 202 167 152 136 96 78 41 18 
31 87 120 173 178 213 229 244 227 249 230 224 264 260 263 231 229 209 218 189 142 123 93 54 12 
31 87 131 196 191 195 226 235 271 279 296 325 285 301 264 223 234 240 212 185 165 122 87 67 31 
26 79 114 183 190 232 269 266 295 317 295 283 316 297 297 262 247 252 233 207 174 146 96 51 22 
22 87 144 176 200 241 247 249 293 305 329 313 353 331 286 315 261 242 259 232 181 138 87 54 29 
136 77 47 44 55 54 34 47 39 32 45 28 39 45 38 45 30 33 31 24 35 32 11 14 3 
71 107 117 86 86 94 97 97 64 83 91 75 87 87 85 66 59 71 66 75 86 53 47 30 8 
42 100 114 99 88 99 86 94 104 95 109 114 92 110 96 94 80 89 64 87 71 59 60 52 10 
45 79 112 97 126 141 120 116 128 150 145 123 113 119 99 99 97 95 104 78 84 81 39 46 11 
34 79 101 111 96 104 139 117 126 148 179 148 140 121 127 141 114 125 124 105 107 79 75 41 12 
27 77 122 122 118 131 114 150 156 161 183 172 137 146 149 155 123 134 143 126 98 81 81 48 17 
34 85 141 125 129 132 165 142 161 188 188 174 174 182 171 162 160 142 143 128 110 102 59 52 22 
50 87 115 113 144 148 188 179 170 207 181 186 227 200 182 199 167 189 150 157 131 103 92 57 16 
38 92 133 154 200 168 179 187 226 243 241 260 227 197 214 234 194 181 153 151 153 121 97 68 31 
40 94 128 187 195 189 215 232 226 243 241 244 224 269 229 207 215 209 196 187 138 128 111 59 20 
38 103 119 171 174 213 227 248 241 245 281 265 258 267 270 235 211 242 182 189 174 125 127 58 18 
40 91 139 177 209 227 244 267 291 293 275 272 323 314 300 244 232 227 204 208 177 146 142 71 22 
32 122 170 179 209 239 256 271 315 358 356 327 361 301 264 288 262 244 253 206 204 189 143 91 36 
44 124 154 199 253 280 255 262 324 353 368 365 371 345 341 337 291 297 263 226 239 184 122 82 36 
36 124 169 212 232 279 278 319 323 359 393 380 338 364 380 356 319 314 294 238 254 169 132 85 27 
39 120 176 228 250 291 299 348 368 384 344 387 374 370 351 362 362 319 289 261 228 179 173 80 23 
141 95 70 68 56 47 48 37 57 61 39 47 41 34 40 34 40 48 42 34 31 29 15 14 4 
93 98 153 125 107 112 89 87 106 103 103 80 91 105 105 98 109 88 90 68 68 55 43 32 16 
54 96 124 124 125 125 111 108 128 107 125 137 117 109 107 99 119 108 99 69 91 74 63 19 12 
38 88 132 147 111 113 122 134 146 150 157 145 155 119 152 126 122 120 115 90 90 75 49 43 13 
47 114 113 142 145 153 153 151 169 188 158 171 140 158 144 144 146 125 123 98 128 79 78 32 11 
39 73 134 136 156 146 180 158 162 169 184 186 172 201 184 180 167 188 148 142 100 85 71 40 13 
41 91 129 128 168 162 185 185 173 211 182 180 189 214 194 193 176 140 167 142 146 91 70 47 18 
24 99 132 154 164 198 199 250 242 225 189 245 233 244 273 230 227 209 183 155 147 119 91 53 20 
40 76 152 156 190 197 230 246 228 244 272 251 262 244 242 243 207 206 198 173 148 130 74 61 16 
21 111 134 172 216 208 255 280 297 294 248 239 301 259 255 259 257 229 199 186 176 134 102 52 17 
26 94 141 190 245 230 311 275 276 301 303 316 314 257 301 298 293 248 217 223 173 140 120 72 24 
40 92 161 187 230 271 276 290 285 330 367 356 351 308 319 362 297 268 283 229 179 167 125 76 22 
34 104 156 200 256 277 326 312 313 323 383 392 415 409 367 341 332 312 253 276 207 175 123 74 25 
33 95 186 235 247 270 337 395 364 423 445 388 460 391 366 357 349 321 321 269 231 177 144 67 31 
27 121 159 223 290 294 331 408 408 424 440 423 431 373 405 460 351 326 302 320 245 185 138 77 25 
44 121 196 213 322 353 379 398 415 395 460 408 467 441 438 411 384 376 363 283 233 200 148 78 35 
156 98 64 61 76 77 51 42 46 55 44 52 44 51 36 31 55 44 39 33 29 18 24 8 6 
76 97 174 178 132 127 121 110 126 116 119 124 122 127 104 112 128 116 102 71 73 64 54 34 16 
52 105 157 170 141 123 117 143 134 149 134 130 155 137 119 116 117 96 125 103 96 68 54 32 10 
51 141 140 150 140 126 157 174 146 176 173 195 150 148 159 170 142 127 134 129 124 98 73 56 10 
39 109 126 167 168 162 176 188 215 184 178 190 202 217 190 167 193 172 135 152 108 105 63 31 14 
34 81 110 166 182 166 188 183 217 201 212 203 247 248 200 182 181 232 170 171 122 104 72 57 9 
43 102 137 173 174 215 234 249 243 236 244 236 216 254 246 204 218 223 197 191 143 117 88 52 14 
25 108 146 187 212 249 224 264 269 251 308 296 279 248 240 225 249 244 204 201 166 158 105 45 18 
42 102 179 221 223 252 231 272 308 283 318 297 338 300 293 293 261 248 204 219 179 156 107 71 26 
30 91 152 213 264 267 296 286 280 385 325 303 339 324 313 310 282 257 289 253 228 153 106 63 23 
38 100 152 227 262 315 315 315 342 352 367 401 369 399 377 364 329 313 274 284 260 194 111 79 42 
35 103 197 232 269 313 341 343 394 394 431 393 378 421 391 368 373 306 297 266 236 216 147 80 34 
30 115 224 260 301 298 353 413 428 437 401 390 449 413 379 414 390 357 299 290 283 233 139 89 29 
50 123 193 288 344 346 386 422 442 455 467 417 446 454 467 452 413 380 364 300 292 222 151 83 30 
44 117 215 337 322 390 442 457 424 501 486 490 539 477 475 488 427 423 389 341 259 220 145 103 44 
54 141 230 313 357 393 433 473 529 492 577 568 552 550 577 518 484 427 427 372 337 262 163 113 34 
155 111 80 80 69 56 42 58 58 54 64 64 38 46 44 41 51 41 46 47 31 25 21 20 3 
85 144 163 160 160 128 138 157 124 128 136 121 132 121 135 108 122 98 96 109 77 69 47 39 13 
69 141 155 182 171 141 144 143 148 130 163 153 159 146 124 145 145 136 151 135 112 84 67 36 2 
64 123 147 183 132 134 156 177 194 214 201 180 174 174 148 154 189 156 156 129 126 82 86 48 18 
50 119 164 172 178 182 179 193 192 205 187 196 181 204 175 185 206 161 182 144 114 117 80 52 23 
45 89 143 174 174 210 174 221 211 241 257 244 240 256 236 229 185 229 209 193 156 124 100 62 25 
43 94 150 207 248 232 215 233 249 283 283 304 255 272 247 275 265 234 244 237 187 141 105 68 17 
29 119 169 213 231 266 267 276 330 291 307 304 280 309 291 339 291 266 235 225 157 157 112 84 25 
49 125 160 212 275 233 307 282 290 303 339 320 309 328 336 319 309 306 247 224 212 156 132 81 33 
49 124 181 234 287 343 358 366 389 341 361 405 413 419 357 347 356 298 311 296 258 204 132 89 24 
54 137 209 297 320 324 349 383 377 444 407 453 392 428 413 370 362 348 347 324 267 199 169 106 35 
35 141 191 259 311 380 398 416 439 463 441 475 432 452 431 422 405 353 367 285 277 225 169 100 30 
63 129 224 272 306 376 439 432 461 515 470 472 497 490 477 491 438 430 401 359 302 245 163 87 42 
64 143 230 344 367 402 425 439 479 531 512 471 528 501 474 536 514 461 416 380 307 254 217 103 40 
48 170 255 364 461 429 475 549 521 527 561 586 577 545 543 525 558 485 447 420 346 243 205 107 38 
63 170 282 365 383 449 513 578 543 550 622 635 631 624 613 583 562 523 482 460 322 288 234 137 48 
151 115 86 88 69 62 65 63 73 57 44 64 59 47 62 46 48 64 60 41 44 46 24 22 7 
100 147 157 168 165 135 124 128 118 136 131 138 146 129 102 115 117 115 123 101 85 75 54 43 16 
68 136 171 169 170 167 138 179 145 156 193 183 132 166 165 147 158 128 150 146 99 69 76 44 14 
53 133 138 179 142 156 186 178 200 195 189 187 180 178 192 164 183 146 159 122 122 88 65 60 18 
52 109 156 195 175 170 185 225 231 211 241 210 217 210 211 211 215 164 171 155 166 114 91 71 21 
47 109 160 190 187 218 230 205 230 235 319 282 260 245 251 224 236 206 203 177 181 161 109 51 20 
51 102 143 246 206 240 252 265 252 340 336 341 322 313 292 279 282 277 266 203 168 182 95 81 21 
44 111 175 229 201 274 282 284 305 372 376 346 381 328 341 319 269 294 300 245 199 175 147 89 18 
63 98 182 213 259 294 311 349 392 416 389 386 408 385 359 349 318 327 274 273 243 200 141 81 20 
58 134 227 248 285 378 345 382 386 452 450 460 461 420 403 420 346 355 357 300 249 227 160 106 47 
34 140 235 272 371 347 362 398 409 485 494 503 466 465 442 384 406 390 329 318 268 226 188 102 37 
51 140 220 274 374 406 413 456 462 526 508 504 510 451 427 464 465 405 368 350 275 213 174 102 21 
52 177 255 342 359 414 444 448 518 479 573 588 530 502 460 510 464 438 367 361 268 239 156 114 39 
43 165 277 320 436 473 495 508 479 547 561 548 564 593 569 541 505 424 460 371 337 258 179 135 44 
74 203 277 356 400 470 548 542 542 634 620 681 644 597 613 614 546 491 460 410 329 306 237 143 47 
67 182 305 342 434 498 530 605 595 611 654 704 675 656 618 618 623 541 486 458 376 300 225 112 39 
146 151 88 82 103 90 65 62 67 55 53 67 68 57 63 65 54 60 37 52 44 44 30 9 6 
82 167 150 168 173 175 178 132 144 154 168 151 157 144 143 129 133 129 117 110 99 85 63 38 12 
74 164 213 149 161 183 179 179 188 204 177 217 156 197 154 165 185 174 152 96 95 105 84 46 17 
50 116 149 183 193 200 207 197 235 203 214 243 230 228 231 196 205 177 198 157 128 86 99 52 14 
58 137 155 183 204 190 215 224 289 228 208 236 247 263 244 239 220 250 216 191 170 133 98 60 21 
34 140 187 197 231 250 261 286 275 292 358 343 291 279 291 283 278 263 237 196 150 159 113 73 25 
42 127 160 202 276 272 277 324 332 352 381 331 336 344 316 307 303 252 229 235 186 138 117 79 17 
44 145 168 241 300 295 322 340 318 375 388 354 368 379 385 341 345 300 286 249 211 177 98 78 23 
43 142 201 268 323 355 374 388 419 417 428 436 430 417 399 392 360 338 324 327 236 204 133 69 25 
54 133 222 237 351 351 402 408 429 428 489 511 473 422 404 440 403 378 355 330 293 220 153 92 40 
55 163 229 295 321 380 411 466 464 476 577 529 479 511 476 475 471 415 399 305 266 253 159 102 26 
40 157 184 307 373 399 463 490 532 513 518 584 536 513 508 537 523 481 408 377 285 252 189 123 34 
55 131 262 357 392 477 491 549 540 561 577 600 575 553 592 569 532 484 460 400 375 300 180 132 45 
48 128 290 401 437 494 565 550 591 622 636 673 653 674 644 636 596 562 516 445 348 288 232 154 43 
65 182 288 354 419 531 638 608 658 696 725 688 692 704 692 692 631 540 522 474 372 279 238 150 50 
53 159 323 341 486 578 613 697 697 711 738 773 806 776 758 742 694 647 548 501 466 337 239 138 63 
244 178 135 126 81 75 94 87 135 78 89 79 95 77 77 67 67 74 62 66 51 40 33 28 6 
144 213 254 220 229 200 194 165 217 194 182 205 172 192 186 199 166 179 143 141 121 85 62 44 14 
76 205 208 220 237 202 233 213 210 224 222 254 255 249 239 242 210 216 202 183 168 119 84 57 10 
62 173 196 235 225 218 253 272 277 285 287 299 288 287 283 287 252 217 197 183 165 160 123 69 30 
72 173 222 253 241 296 301 317 339 331 393 371 321 346 319 329 304 263 252 198 208 148 119 86 32 
58 133 216 253 301 333 376 349 381 414 432 395 390 368 394 341 359 317 293 261 225 172 146 95 25 
50 128 214 296 308 380 379 426 400 442 441 434 452 420 470 434 405 347 371 317 244 194 196 96 18 
45 158 264 291 319 371 422 461 455 482 496 486 479 470 467 483 464 425 331 338 284 230 160 98 31 
62 191 260 277 373 490 487 547 513 531 562 590 569 606 539 499 487 436 381 365 344 316 208 87 34 
71 194 272 351 424 464 477 596 570 630 657 654 642 629 596 544 577 519 491 440 331 268 222 133 38 
69 199 272 389 485 505 585 620 645 678 641 673 689 633 676 609 608 544 489 453 320 291 218 148 44 
61 220 303 405 454 561 598 612 682 733 765 748 727 715 721 645 663 608 562 516 440 320 264 127 53 
66 175 384 452 487 573 714 749 741 773 838 814 816 808 816 729 767 666 629 515 432 387 284 180 52 
59 216 369 482 582 673 718 715 820 829 828 899 883 871 901 812 746 781 649 598 445 425 242 189 57 
70 229 375 460 593 669 762 799 925 908 981 994 969 899 955 931 828 748 678 642 567 429 264 203 44 
95 227 403 545 649 714 893 883 1009 934 1014 1095 1045 1012 986 991 849 794 744 703 572 431 357 203 62 
204 147 106 110 98 85 93 88 114 78 98 79 74 87 82 83 64 85 79 60 58 67 32 21 10 
125 201 263 229 235 224 212 196 193 217 185 190 210 212 211 176 216 179 171 146 113 103 98 68 22 
103 199 215 259 235 205 201 225 193 237 219 241 249 220 262 262 211 183 180 184 128 124 111 63 14 
92 169 198 248 249 273 273 278 270 291 294 275 301 294 287 266 219 247 205 242 161 135 126 71 22 
69 170 221 251 252 280 280 315 320 344 372 348 276 381 310 374 305 299 260 269 223 189 129 64 27 
60 181 223 287 323 385 362 386 321 414 422 435 386 390 406 413 360 348 296 265 257 194 152 129 37 
75 183 214 273 268 308 405 463 400 502 457 468 478 446 455 451 443 372 315 358 261 236 172 112 33 
61 172 203 329 362 401 509 471 479 517 493 525 495 486 520 494 444 453 381 302 301 265 212 119 35 
64 196 265 393 412 433 504 531 533 570 563 583 619 567 511 505 564 446 411 392 338 307 243 132 53 
57 184 282 375 425 513 616 605 584 650 610 612 664 614 650 624 604 525 453 414 348 301 234 168 45 
91 223 319 406 451 557 577 603 627 686 667 673 633 630 659 679 651 618 536 455 371 347 258 171 43 
67 238 366 437 459 537 677 713 679 684 730 794 799 736 754 754 749 634 597 536 466 373 257 169 45 
74 268 376 447 526 648 762 735 755 803 831 769 801 838 811 796 821 707 673 649 489 372 263 145 55 
86 282 398 484 577 682 805 838 842 839 873 911 894 927 921 902 820 777 717 621 480 371 323 174 43 
94 268 399 479 623 709 852 908 924 974 950 943 922 1028 985 932 941 839 716 663 556 391 324 182 49 
86 283 458 587 691 788 893 963 1022 1037 1026 1049 1075 1034 1045 1099 903 809 826 751 573 471 375 197 53 
227 125 126 104 112 95 115 127 78 96 127 104 106 87 110 92 93 103 75 86 69 59 39 26 6 
158 268 285 244 221 243 214 270 229 237 237 263 199 227 190 186 219 247 166 195 138 123 100 48 23 
85 206 237 264 251 254 245 288 294 297 300 255 268 256 262 261 264 249 246 240 200 153 92 62 17 
60 190 245 280 259 275 299 303 307 328 330 277 320 373 328 315 297 257 273 216 212 173 126 68 23 
71 213 264 303 336 303 332 351 339 361 436 426 377 429 403 357 366 367 318 287 262 230 140 82 24 
62 186 283 279 374 369 373 455 423 464 535 461 504 541 485 459 401 429 376 303 278 223 188 84 35 
59 188 282 382 380 420 441 520 527 536 550 524 527 548 553 520 481 428 367 363 348 244 208 126 42 
59 196 300 374 415 497 502 654 599 595 614 620 636 651 590 542 492 474 484 445 374 335 249 117 44 
62 186 301 412 484 562 608 630 678 662 673 689 676 647 669 589 598 532 515 442 389 350 245 152 50 
58 217 356 416 549 526 641 662 713 747 736 754 712 747 666 716 643 588 591 494 438 376 266 171 58 
67 248 360 482 511 552 652 744 801 771 808 884 815 836 803 820 732 734 587 552 470 431 270 148 45 
87 268 397 528 635 694 725 744 822 903 940 948 925 949 940 790 844 771 712 537 503 432 337 190 67 
78 281 460 552 630 696 783 899 956 1009 1043 1044 1021 981 937 957 901 826 695 640 535 396 366 242 67 
97 284 427 601 671 810 921 933 1059 1014 1052 1100 1060 1088 1082 965 936 866 809 724 617 484 371 215 75 
107 306 522 628 726 882 970 1004 1084 1154 1178 1284 1142 1110 1163 1036 1048 1017 919 752 599 522 395 253 71 
86 285 506 616 733 939 1032 1109 1162 1217 1199 1301 1278 1261 1177 1195 1171 1031 999 858 659 501 397 256 92 
232 144 130 112 119 127 105 115 132 98 106 105 108 107 90 95 102 108 79 78 72 56 52 24 8 
156 271 279 256 256 261 249 235 235 241 269 269 264 235 260 246 273 192 189 182 156 121 81 77 22 
96 211 299 279 291 290 294 299 316 295 292 279 311 328 310 284 256 256 245 213 221 168 137 76 28 
75 197 231 291 291 318 306 348 331 375 367 390 369 368 326 341 367 325 269 260 225 203 114 74 33 
76 165 251 319 335 380 421 399 422 461 471 449 454 473 472 423 383 385 326 302 272 229 153 92 48 
67 189 263 323 382 420 431 477 513 525 605 497 547 522 514 492 420 424 346 375 277 236 165 127 49 
79 172 324 362 396 477 499 565 560 540 628 538 598 617 575 574 505 500 446 379 349 289 210 143 41 
83 219 321 387 468 518 600 666 645 606 693 675 687 661 672 621 562 570 492 441 383 328 211 152 43 
76 209 367 426 498 560 612 682 721 730 714 691 700 752 715 757 648 622 493 500 378 339 238 158 66 
94 214 368 455 530 635 673 766 834 786 734 772 814 807 806 775 717 643 613 555 458 383 249 176 74 
97 240 379 516 595 648 763 769 830 875 858 818 927 863 936 853 794 760 717 601 474 378 302 189 58 
95 273 462 563 631 757 840 923 977 934 995 1006 1025 1058 939 945 898 814 719 667 547 441 314 181 78 
92 279 432 566 622 826 890 957 1071 1065 1130 1195 1088 1171 1142 1015 961 930 807 690 629 527 377 216 70 
113 267 462 589 775 853 944 1060 1140 1180 1200 1351 1192 1119 1142 1086 1017 965 863 835 666 501 409 224 66 
129 283 497 639 823 912 1057 1114 1244 1203 1294 1400 1336 1251 1240 1295 1155 1014 970 841 695 559 447 286 105 
105 319 520 688 833 1003 1121 1224 1278 1308 1383 1330 1426 1313 1353 1295 1290 1142 1084 825 739 595 447 297 89 
237 163 150 137 117 128 105 125 135 127 129 121 109 91 110 95 101 80 99 77 91 47 47 28 13 
182 258 281 281 261 280 285 275 293 296 301 276 293 305 289 278 271 226 228 190 186 150 90 74 19 
101 232 309 267 297 328 296 349 352 294 324 321 329 326 334 296 289 297 251 250 207 168 127 73 28 
85 242 284 300 306 315 372 373 371 364 398 432 399 444 349 417 389 336 346 283 263 207 142 94 37 
81 194 319 343 362 423 435 430 459 491 498 482 487 479 491 471 435 421 361 342 279 226 162 121 39 
78 189 326 387 421 440 479 534 529 572 628 590 555 571 561 553 437 443 418 392 298 276 193 119 42 
83 185 323 340 453 542 552 573 620 641 636 611 635 686 637 626 617 551 499 421 400 310 196 131 31 
74 205 360 490 501 595 615 682 686 694 740 743 750 696 700 710 681 601 568 537 449 328 254 159 52 
98 233 377 466 560 601 695 732 823 797 849 853 798 828 786 775 721 676 610 511 462 395 255 192 58 
101 235 357 508 586 716 794 835 830 892 945 966 870 904 929 814 803 746 704 594 512 450 301 203 67 
81 265 445 547 693 757 848 944 902 939 995 1015 994 1008 1026 967 904 845 733 629 548 448 361 193 70 
92 247 476 646 751 859 902 962 1069 1041 1123 1097 1191 1064 1118 1049 1012 897 806 778 582 484 368 233 76 
112 306 455 630 776 875 968 1125 1158 1160 1210 1231 1208 1180 1176 1066 1031 950 900 754 695 562 387 253 95 
140 298 544 667 806 995 1092 1203 1278 1263 1356 1329 1393 1309 1273 1252 1187 1024 938 871 736 562 392 239 99 
133 354 585 718 860 991 1164 1185 1316 1338 1482 1411 1464 1397 1409 1353 1231 1176 1073 933 802 562 441 267 102 
119 361 550 727 975 1115 1201 1299 1416 1500 1515 1486 1580 1446 1523 1408 1271 1198 1158 983 825 678 481 296 97 
325 233 178 164 155 149 125 136 137 121 121 126 149 122 131 129 131 98 106 115 71 67 53 30 14 
187 317 358 345 332 285 313 271 311 310 294 338 305 327 326 275 289 265 252 215 202 159 114 69 19 
126 292 320 307 301 346 337 386 358 342 369 349 372 341 360 326 334 311 295 284 220 207 155 90 25 
103 234 317 363 363 387 423 424 423 453 454 462 506 464 435 492 433 374 350 310 293 234 154 89 34 
79 215 311 317 440 436 430 499 533 508 572 532 556 572 518 519 492 424 393 332 292 301 212 115 40 
78 225 340 417 444 463 547 618 590 661 636 669 677 634 672 577 569 557 471 414 368 312 228 142 37 
64 224 347 451 513 598 661 694 714 708 744 722 741 746 756 723 614 635 557 478 414 321 252 158 55 
92 273 379 459 569 675 701 788 764 825 836 898 810 791 905 783 744 693 639 601 426 364 287 159 66 
87 249 452 485 576 717 784 900 850 905 940 937 922 913 908 847 796 756 724 633 511 379 250 169 67 
98 283 442 550 721 780 904 996 986 979 1046 1026 978 979 1021 965 917 830 709 683 575 499 337 213 62 
91 321 513 601 750 835 918 1022 1094 1050 1142 1174 1117 1203 1123 1068 1035 919 887 770 624 457 388 209 84 
133 296 462 614 873 966 1011 1077 1191 1220 1248 1322 1309 1321 1278 1172 1095 985 928 808 743 541 435 292 84 
111 341 497 717 928 996 1165 1219 1312 1368 1386 1489 1440 1346 1282 1227 1124 1028 1001 869 712 527 441 294 84 
118 298 576 774 834 1083 1202 1325 1415 1411 1511 1557 1441 1547 1449 1357 1312 1198 1136 899 822 640 484 285 107 
125 387 622 843 1055 1163 1229 1395 1484 1619 1531 1606 1586 1614 1546 1534 1416 1216 1119 954 865 670 499 322 78 
137 389 577 878 1109 1150 1332 1443 1559 1699 1680 1693 1751 1606 1729 1588 1452 1367 1233 1095 948 723 518 312 94 
333 205 194 163 184 154 156 150 186 141 186 165 156 133 183 153 136 119 102 106 111 64 78 35 13 
228 402 388 356 361 309 356 351 331 351 364 380 365 403 375 324 289 357 304 286 220 205 140 81 28 
133 298 325 380 382 374 385 451 437 452 497 455 460 403 377 362 391 413 334 266 239 198 170 89 41 
114 317 373 380 399 509 513 514 554 572 542 548 591 549 539 503 480 426 432 387 295 247 183 113 33 
95 238 372 372 411 514 520 595 616 587 596 643 658 620 570 609 537 491 412 404 379 285 221 121 49 
89 265 404 492 576 541 601 699 715 732 713 735 735 715 783 694 645 571 523 483 470 342 241 143 49 
92 276 396 480 603 665 704 760 786 798 815 898 867 810 746 719 717 716 625 526 488 420 242 163 55 
92 277 403 568 672 723 805 900 930 980 926 911 868 904 904 876 822 750 673 588 542 376 298 186 54 
96 309 444 562 652 763 900 914 1012 940 1086 1084 963 999 997 962 855 854 738 696 613 507 371 217 64 
107 292 543 650 774 869 978 1010 1063 1032 1206 1228 1130 1123 1129 1098 1022 916 839 735 633 517 391 223 71 
113 317 536 714 851 974 1007 1140 1173 1128 1301 1313 1181 1297 1266 1176 1152 1001 945 858 716 571 389 280 94 
106 321 581 755 888 985 1112 1194 1375 1294 1332 1428 1391 1434 1421 1270 1178 1110 1054 915 752 637 480 261 90 
119 365 613 815 940 1107 1229 1400 1448 1478 1596 1551 1536 1563 1491 1455 1300 1285 1101 1006 839 702 519 291 123 
136 429 671 848 1050 1206 1347 1484 1606 1654 1696 1783 1673 1597 1622 1484 1391 1338 1173 1028 865 722 561 351 117 
139 413 688 874 1150 1266 1394 1592 1641 1703 1768 1792 1696 1790 1797 1681 1496 1391 1317 1222 916 783 648 357 145 
151 486 720 947 1199 1363 1497 1616 1814 1877 1812 1851 1902 1974 1862 1829 1713 1488 1369 1196 965 897 591 341 124 
345 247 252 178 179 167 149 147 174 164 172 186 166 177 191 156 158 144 133 145 105 83 66 34 8 
230 379 368 363 386 366 352 394 389 433 398 368 434 408 419 406 392 381 334 295 271 195 174 87 37 
118 281 351 432 396 416 463 471 483 504 508 483 511 503 491 509 451 386 393 306 259 240 171 106 43 
134 260 409 473 513 530 582 553 562 571 574 641 660 679 559 529 587 485 458 406 324 304 193 158 47 
116 255 401 484 536 612 625 672 730 693 674 776 795 739 678 631 633 546 622 447 422 348 244 131 41 
91 306 465 565 625 714 699 849 851 852 854 894 852 833 735 714 705 684 638 624 470 379 290 171 56 
111 302 413 550 650 761 790 895 913 1004 957 953 974 900 927 919 814 758 713 621 492 435 326 190 70 
113 320 451 627 723 805 862 921 1064 1039 1023 1030 1060 1061 1072 1009 932 875 768 748 613 467 353 217 65 
119 318 554 647 861 898 939 1056 1102 1150 1214 1277 1248 1209 1090 1095 1102 983 907 790 640 534 436 241 65 
93 369 592 813 877 1029 1158 1244 1288 1355 1319 1324 1388 1313 1371 1250 1221 1120 1000 893 688 594 460 295 86 
119 397 590 778 988 1043 1218 1258 1330 1489 1467 1469 1471 1476 1421 1355 1285 1230 1069 901 729 666 481 280 94 
140 418 641 851 1010 1225 1325 1482 1507 1529 1634 1697 1668 1559 1581 1440 1324 1237 1245 1031 834 707 513 320 120 
126 441 662 928 1125 1304 1493 1493 1685 1758 1739 1768 1721 1636 1715 1581 1542 1476 1258 1125 941 727 513 387 136 
144 481 724 951 1215 1400 1523 1645 1797 1761 1920 1855 2008 1837 1904 1811 1715 1469 1339 1227 1014 794 622 363 127 
159 533 818 996 1261 1439 1619 1744 1927 1970 2131 2081 2197 1908 1904 1810 1743 1577 1515 1358 1070 934 678 359 121 
169 514 799 1026 1366 1614 1749 1935 2057 2018 2365 2283 2288 2169 2118 1949 1903 1828 1577 1344 1149 971 697 428 150 
339 254 227 196 220 207 185 193 188 188 184 209 200 225 209 207 168 154 145 133 106 112 76 42 22 
235 447 443 445 405 411 456 445 449 471 453 457 474 456 433 408 416 405 384 391 283 226 151 125 36 
202 374 436 463 440 522 521 551 552 556 586 543 553 641 595 544 541 462 457 401 305 275 181 135 40 
133 346 474 525 529 647 642 611 638 721 740 687 662 707 724 663 613 591 545 448 390 315 273 161 44 
126 327 499 542 639 630 760 733 772 867 829 824 811 846 871 698 734 625 653 558 486 377 289 172 74 
117 347 508 649 673 768 866 902 867 909 987 985 1072 947 891 831 810 796 727 712 548 439 326 213 72 
131 333 503 675 758 835 986 1046 1104 1146 1131 1137 1152 1083 1076 1008 994 849 795 794 666 536 410 242 87 
129 332 520 694 854 982 952 1102 1213 1225 1224 1220 1227 1253 1119 1203 1084 1005 864 839 651 605 434 249 77 
146 423 588 782 925 1050 1086 1275 1319 1328 1313 1359 1397 1309 1334 1223 1191 1070 1009 923 802 592 466 304 110 
146 409 657 919 1036 1167 1293 1357 1394 1494 1498 1509 1470 1580 1492 1396 1374 1318 1101 1019 825 699 495 336 123 
173 442 688 1021 1072 1170 1435 1457 1563 1655 1652 1667 1762 1721 1563 1512 1511 1392 1213 1088 930 780 536 305 135 
173 558 792 1009 1161 1335 1527 1610 1735 1887 1913 1908 1911 1873 1852 1710 1630 1515 1333 1144 1020 898 556 392 128 
171 467 823 1044 1324 1505 1692 1689 1910 2030 2061 2018 2034 1961 1895 1845 1745 1603 1400 1246 1078 885 679 446 140 
197 561 810 1158 1369 1593 1777 1837 2040 2146 2142 2232 2136 2079 2087 2076 1875 1766 1483 1395 1184 961 715 432 144 
216 591 909 1205 1452 1698 1893 2079 2135 2188 2264 2379 2304 2384 2284 2196 1988 1878 1590 1567 1314 1080 743 488 150 
226 552 1000 1318 1513 1730 2018 2163 2377 2436 2493 2480 2615 2479 2502 2339 2190 2031 1931 1674 1390 1089 780 471 165 
440 294 243 218 245 233 199 209 234 222 232 233 205 226 207 215 190 203 177 158 136 131 97 53 17 
279 475 514 492 476 478 480 546 537 530 564 543 506 478 456 468 447 457 401 352 297 273 190 104 43 
180 374 445 475 515 539 571 624 667 642 632 657 695 704 662 660 547 540 459 424 364 276 226 123 50 
144 385 497 568 632 692 639 687 754 802 829 879 805 750 754 713 695 635 580 487 448 350 301 174 73 
111 337 444 634 663 723 800 913 950 941 935 1011 952 948 875 830 828 776 696 583 512 413 308 196 90 
111 409 545 670 780 899 961 975 1049 1129 1123 1102 1065 1081 982 1003 1001 884 796 699 585 458 326 212 69 
131 369 551 698 813 945 1047 1118 1170 1210 1180 1148 1110 1166 1174 1095 1089 1056 914 830 650 535 390 256 82 
133 406 570 728 940 1081 1157 1234 1231 1254 1369 1368 1384 1302 1231 1241 1177 1090 1007 779 768 650 428 262 78 
169 467 644 865 1077 1259 1291 1359 1445 1517 1518 1585 1659 1512 1529 1437 1391 1289 1068 907 840 630 487 278 96 
181 444 704 893 1142 1351 1386 1420 1543 1783 1719 1804 1640 1741 1580 1595 1508 1389 1254 1081 931 692 534 350 87 
149 472 757 1032 1213 1469 1494 1683 1802 1789 1923 2002 1921 1847 1851 1712 1659 1544 1351 1187 939 757 626 383 112 
195 486 795 1070 1266 1493 1691 1776 1894 2025 2091 2128 2104 2009 1940 1891 1696 1668 1563 1320 1113 876 658 400 95 
163 536 857 1113 1306 1615 1880 1958 2073 2216 2254 2316 2216 2203 2201 2021 1919 1751 1606 1390 1269 896 691 391 127 
186 572 884 1235 1458 1813 1971 2153 2236 2248 2367 2384 2381 2373 2257 2178 2108 2044 1758 1500 1321 981 717 453 174 
167 602 908 1262 1550 1990 2002 2214 2464 2549 2560 2789 2693 2499 2527 2200 2257 2169 1985 1713 1358 1123 771 483 143 
196 703 1026 1388 1749 1991 2193 2382 2472 2680 2761 2839 2750 2764 2696 2489 2296 2263 1977 1719 1479 1240 876 501 150 
407 301 242 213 235 200 223 218 200 210 253 242 251 222 214 210 217 210 202 162 160 109 87 55 12 
263 427 470 505 498 485 529 523 515 529 559 553 564 509 536 560 478 512 377 376 292 275 182 115 39 
167 392 452 540 529 598 648 623 647 727 703 704 773 718 687 683 657 563 499 484 403 332 212 140 64 
157 346 471 538 689 667 710 766 785 845 822 837 839 801 833 780 728 673 631 533 434 404 305 189 66 
130 361 442 690 702 845 850 984 936 986 1007 979 963 981 972 916 912 817 736 656 498 416 357 185 68 
129 361 575 669 833 972 1009 1035 1080 1124 1136 1133 1175 1135 1038 1122 998 902 824 777 628 586 388 226 83 
129 390 583 787 933 1020 1134 1172 1259 1203 1243 1233 1214 1279 1284 1275 1215 1122 998 890 760 596 431 216 65 
146 413 641 799 1014 1156 1302 1296 1358 1318 1381 1392 1400 1542 1448 1399 1274 1239 1073 865 730 641 478 296 80 
172 483 669 928 1091 1287 1436 1511 1607 1519 1652 1654 1715 1639 1627 1528 1391 1357 1285 1091 906 735 492 320 100 
150 500 756 993 1188 1471 1568 1628 1746 1827 1809 1896 1927 1925 1863 1686 1708 1415 1383 1206 906 755 568 350 136 
177 532 884 1142 1345 1543 1665 1808 2005 2035 2181 2135 2209 2062 1980 1919 1834 1602 1505 1185 1096 835 622 364 113 
150 521 834 1109 1352 1608 1794 1991 2161 2286 2342 2352 2280 2281 2217 2038 1840 1802 1674 1367 1181 949 707 443 156 
159 615 907 1183 1653 1774 2072 2204 2313 2393 2503 2518 2413 2350 2483 2263 2190 2010 1793 1588 1293 1023 708 438 163 
204 558 1001 1315 1647 1858 2178 2214 2571 2571 2605 2699 2675 2544 2607 2484 2296 2198 1872 1675 1398 1136 790 487 165 
229 620 989 1316 1614 2086 2127 2467 2728 2738 2736 2854 2776 2772 2759 2656 2455 2281 2022 1764 1474 1187 861 476 149 
197 695 1100 1525 1867 2208 2541 2697 2898 2884 2998 3080 3102 2989 2867 2887 2625 2418 2202 1966 1691 1327 1009 572 172 
423 322 275 233 279 213 246 235 284 200 217 265 266 245 256 278 214 225 187 167 149 145 91 55 17 
294 509 474 504 531 521 605 509 540 616 607 556 606 549 584 549 531 516 456 376 341 261 196 120 38 
197 428 559 632 588 654 678 633 788 820 829 735 823 734 681 684 673 616 552 506 413 335 275 148 71 
170 450 550 601 706 725 776 833 908 870 882 943 982 824 888 819 793 738 686 602 521 393 297 192 60 
126 382 621 728 756 879 916 1020 1036 1131 1159 1126 1131 990 1004 998 964 893 837 669 591 478 351 200 57 
134 410 572 734 904 996 1074 1049 1282 1240 1311 1261 1196 1222 1133 1140 1102 1024 904 867 707 617 400 263 80 
130 384 647 821 990 1110 1153 1238 1352 1320 1387 1365 1392 1390 1344 1274 1219 1165 1000 950 778 619 478 250 77 
169 467 694 866 1105 1231 1350 1348 1529 1505 1512 1562 1710 1616 1570 1453 1342 1310 1072 1048 856 668 529 330 97 
166 472 748 1032 1217 1379 1461 1590 1686 1858 1791 1832 1909 1856 1764 1645 1647 1478 1321 1151 1027 756 567 340 106 
165 497 789 1077 1287 1520 1648 1770 1942 2039 1995 1929 2026 1875 1840 1912 1814 1579 1413 1324 1122 895 644 387 124 
182 549 917 1240 1369 1627 1725 1932 2028 2090 2236 2266 2288 2253 2184 2081 1955 1852 1589 1488 1170 962 674 425 136 
168 583 938 1239 1464 1736 2042 2067 2233 2359 2578 2531 2507 2464 2277 2192 2116 1864 1820 1647 1281 1027 723 501 169 
210 632 944 1386 1624 1913 2207 2387 2536 2662 2644 2798 2733 2711 2587 2400 2213 2094 1859 1702 1357 1096 824 474 194 
206 696 1084 1499 1777 2059 2380 2547 2700 2845 3017 2899 3012 2879 2775 2610 2455 2258 2111 1759 1591 1151 903 479 181 
240 682 1121 1581 1929 2327 2414 2637 2872 3018 3104 3324 3149 3089 2882 2878 2591 2350 2247 2016 1591 1303 942 576 176 
247 722 1228 1633 2125 2336 2562 2789 3083 3230 3384 3446 3384 3398 3213 2916 2848 2540 2342 2017 1748 1338 1029 614 186 
479 326 299 234 255 256 251 258 249 302 280 318 292 289 261 280 260 226 228 160 174 150 113 48 22 
340 565 607 549 602 602 592 609 646 701 669 649 730 668 755 612 574 493 459 422 345 278 216 120 37 
242 516 593 667 682 731 829 734 854 858 831 850 899 825 871 749 754 621 626 553 446 371 278 189 65 
169 419 622 683 772 864 935 932 979 1033 1027 1102 1078 1032 970 925 859 750 735 622 578 450 329 179 74 
135 413 671 813 858 1008 1086 1160 1181 1220 1298 1188 1201 1226 1169 1191 1060 995 881 759 639 484 372 245 84 
146 459 606 747 942 1065 1240 1285 1376 1394 1358 1408 1399 1427 1429 1313 1269 1152 990 876 733 641 475 261 94 
128 437 674 898 1008 1167 1369 1479 1488 1588 1460 1552 1532 1609 1582 1539 1428 1241 1111 972 843 674 515 307 98 
193 467 775 950 1193 1430 1587 1744 1739 1769 1832 1852 1935 1831 1884 1727 1654 1370 1277 1171 967 768 504 364 122 
168 522 847 1092 1382 1543 1675 1919 1931 2110 2042 2119 2115 2181 1983 1929 1731 1595 1476 1341 1183 899 621 369 119 
198 564 836 1142 1437 1709 1913 2090 2260 2217 2370 2340 2322 2352 2321 2147 1966 1859 1599 1431 1235 901 687 429 157 
213 617 963 1285 1505 1776 2127 2315 2398 2478 2530 2558 2575 2475 2484 2273 2197 1981 1768 1588 1311 1014 746 458 156 
210 625 1022 1342 1677 1927 2205 2512 2583 2740 2820 2851 2888 2619 2572 2508 2475 2194 1879 1623 1558 1187 793 482 155 
246 643 1165 1506 1874 2219 2379 2654 2790 2908 2991 3035 2987 2901 2827 2792 2611 2336 2025 1804 1601 1290 871 565 170 
234 683 1197 1711 1914 2311 2582 2769 2964 3064 3121 3102 3110 3173 2991 2974 2796 2465 2203 1929 1659 1329 928 564 175 
268 795 1199 1688 2137 2480 2918 3058 3176 3400 3380 3484 3455 3463 3319 3136 2887 2725 2417 2094 1831 1452 1096 642 224 
271 786 1326 1907 2123 2577 3041 3310 3301 3621 3614 3708 3761 3679 3506 3425 3242 2944 2719 2267 1921 1557 1096 723 240 
466 398 328 331 303 296 256 339 331 312 347 320 314 333 317 276 277 274 241 203 190 158 109 72 21 
364 646 719 654 632 656 693 788 717 707 786 762 829 782 770 719 693 645 564 457 459 340 264 137 53 
268 535 638 729 775 871 939 839 932 1142 982 998 987 1037 988 899 837 732 704 596 560 452 337 199 53 
212 483 642 764 877 950 1053 1119 1112 1238 1212 1222 1203 1219 1062 1041 1030 907 907 761 661 465 353 229 70 
185 488 771 928 977 1132 1309 1252 1361 1438 1527 1403 1469 1293 1302 1264 1261 1090 1003 863 771 614 459 267 96 
173 519 764 889 1136 1236 1318 1536 1590 1552 1625 1559 1638 1592 1575 1504 1391 1286 1173 1062 829 701 540 310 85 
164 517 810 1013 1210 1428 1491 1629 1817 1738 1816 1849 1775 1721 1720 1761 1613 1532 1339 1205 975 774 577 341 107 
173 578 855 1152 1407 1628 1709 1862 1913 1955 2090 2104 2082 2075 2119 1928 1782 1705 1586 1293 1111 892 681 413 128 
183 618 953 1208 1513 1720 1909 2042 2151 2273 2347 2332 2422 2206 2252 2258 2038 1869 1744 1381 1227 1008 742 460 165 
216 658 1047 1344 1651 2030 2135 2405 2409 2605 2588 2640 2653 2593 2503 2469 2207 2079 1852 1504 1333 1047 740 453 173 
217 728 1109 1549 1818 2158 2328 2628 2658 2800 2801 2894 2865 2828 2584 2594 2473 2229 2041 1762 1503 1161 869 496 179 
231 714 1172 1535 2054 2280 2576 2899 2908 2998 3123 3252 3174 3113 2930 2799 2681 2509 2222 1970 1660 1297 868 596 212 
277 830 1341 1706 2061 2464 2706 2935 2981 3360 3448 3484 3447 3417 3251 3150 2946 2735 2403 2087 1739 1390 990 598 209 
279 888 1355 1667 2156 2642 2986 3112 3360 3608 3648 3725 3771 3494 3526 3303 3022 2932 2485 2292 1966 1529 1088 702 224 
304 837 1378 1957 2362 2849 3159 3456 3630 3847 3958 3996 3859 3845 3772 3611 3405 3119 2717 2402 2008 1705 1164 670 262 
290 883 1469 2076 2584 2975 3438 3533 3974 3987 4057 4168 4196 4209 4137 3833 3560 3347 2844 2687 2263 1719 1329 722 232 
483 357 339 310 291 341 333 297 340 308 345 305 347 310 328 304 297 276 260 229 167 156 113 89 25 
349 643 733 725 720 671 739 770 806 868 827 815 883 867 850 774 686 694 627 596 465 368 274 152 47 
272 538 690 785 839 897 890 910 1054 1148 1132 1111 1050 1031 1053 860 816 824 727 620 576 456 341 250 66 
217 547 742 855 908 1037 1152 1158 1267 1283 1329 1368 1285 1258 1176 1131 1047 973 975 861 661 575 391 281 85 
190 540 792 921 1007 1200 1359 1373 1506 1554 1461 1510 1489 1391 1511 1410 1404 1181 1161 978 789 636 467 302 113 
212 512 773 1034 1142 1263 1491 1577 1618 1709 1806 1661 1686 1740 1697 1544 1528 1397 1237 1063 946 747 561 337 107 
173 548 858 1069 1258 1479 1589 1767 1848 1802 2052 1945 2019 1962 1920 1899 1700 1529 1420 1222 995 836 645 422 111 
224 591 964 1334 1489 1759 1920 2124 2126 2165 2211 2254 2174 2343 2130 2054 2063 1740 1712 1338 1179 966 683 431 154 
251 678 967 1385 1700 1915 2047 2262 2410 2399 2531 2526 2520 2496 2450 2434 2287 2014 1798 1568 1339 1083 771 440 142 
247 664 1106 1451 1771 2074 2291 2466 2681 2695 2784 2797 2814 2825 2602 2667 2422 2184 1912 1652 1378 1225 884 496 155 
239 783 1146 1521 1933 2196 2583 2747 2974 3008 3019 3015 3128 2958 2870 2681 2567 2359 2113 1833 1587 1323 941 569 190 
258 821 1299 1688 2232 2354 2861 3053 3103 3307 3253 3248 3487 3292 3178 3021 2846 2648 2384 2130 1746 1449 1019 661 186 
300 841 1365 1859 2202 2636 2937 3242 3268 3482 3682 3580 3724 3744 3481 3425 3129 2786 2644 2229 1947 1613 1144 637 244 
274 889 1514 1802 2289 2802 3061 3360 3630 3930 4006 3833 4078 3995 3774 3619 3282 3141 2814 2416 2120 1600 1143 754 266 
307 947 1625 2056 2473 3020 3345 3659 3910 4216 4261 4251 4237 4315 4065 3868 3675 3265 2959 2687 2194 1692 1268 747 248 
324 1015 1653 2170 2725 3125 3583 3985 4202 4523 4518 4491 4758 4622 4473 4261 3916 3570 3174 2743 2297 1979 1397 849 254 
480 361 356 350 323 319 338 348 286 351 396 364 367 345 327 343 321 276 254 221 186 179 128 80 26 
380 686 641 749 714 712 790 796 781 837 869 922 847 850 840 812 781 648 663 642 519 381 313 161 69 
283 554 733 799 866 934 954 1042 1073 1068 1099 1105 1119 1073 1008 940 887 836 802 742 592 462 363 214 76 
226 525 738 902 1059 1022 1068 1255 1258 1300 1278 1420 1284 1298 1167 1150 1178 1080 1004 865 747 590 408 244 89 
171 526 777 946 1075 1259 1335 1450 1549 1559 1442 1604 1537 1633 1475 1415 1340 1233 1177 1060 904 675 508 291 111 
207 564 790 1057 1195 1322 1441 1654 1708 1701 1625 1717 1834 1824 1699 1608 1533 1434 1341 1099 936 766 541 329 109 
207 579 953 1223 1347 1622 1646 1927 1938 1995 2061 2092 2125 2163 2027 1804 1702 1627 1564 1349 1102 880 648 411 117 
219 597 975 1357 1569 1709 1879 2126 2245 2285 2348 2345 2469 2446 2258 2174 2045 1977 1743 1493 1299 987 664 452 140 
225 667 1133 1491 1830 1995 2125 2392 2657 2646 2614 2761 2695 2625 2530 2441 2289 2048 1887 1680 1433 1143 780 423 158 
247 726 1094 1478 1844 2043 2290 2644 2749 2907 2963 2888 2997 2888 2795 2725 2455 2207 2115 1842 1562 1190 861 517 186 
250 733 1248 1716 2105 2388 2544 2813 3120 3161 3160 3253 3353 3130 2947 3001 2773 2512 2251 2025 1718 1418 1020 576 168 
278 819 1345 1818 2217 2594 2877 3151 3268 3385 3552 3548 3564 3382 3263 3147 3073 2859 2468 2203 1873 1506 1076 672 203 
289 815 1430 1987 2381 2675 3007 3427 3416 3706 3856 3761 3895 3777 3652 3516 3287 3045 2750 2384 1958 1528 1142 707 187 
285 861 1569 2024 2558 2892 3293 3615 3754 3961 4152 4077 4110 3999 3971 3748 3661 3285 2839 2653 2133 1616 1216 772 273 
327 965 1632 2242 2687 3120 3576 3798 4080 4215 4230 4428 4221 4346 4257 4040 3816 3513 3148 2796 2298 1771 1321 792 295 
331 1077 1737 2375 2854 3442 3853 4076 4432 4550 4431 4477 4582 4693 4589 4334 4188 3803 3406 2947 2462 1991 1335 846 306 
510 399 357 354 359 338 348 379 304 386 432 366 366 381 349 325 311 315 267 231 217 156 118 75 26 
393 747 767 802 770 758 793 870 849 886 924 970 900 941 926 860 849 676 655 628 515 426 323 174 61 
274 557 804 760 838 953 963 1075 1134 1205 1255 1224 1168 1225 1123 1089 990 895 821 704 636 488 348 248 94 
220 580 741 1032 1023 1111 1218 1356 1430 1488 1505 1397 1484 1328 1283 1280 1226 1120 1058 977 734 586 401 260 77 
208 552 759 961 1159 1312 1453 1566 1558 1622 1607 1618 1672 1695 1578 1587 1435 1376 1292 1089 942 742 551 311 97 
200 526 856 1040 1308 1554 1590 1753 1827 1812 1965 1929 1946 1888 1759 1762 1666 1503 1464 1184 1027 818 543 362 113 
209 604 932 1264 1460 1700 1860 2009 2034 2241 2156 2300 2301 2336 2186 2081 1921 1667 1490 1376 1237 976 726 474 143 
275 646 1019 1398 1705 1901 2121 2139 2418 2596 2490 2530 2595 2477 2468 2420 2221 1926 1736 1588 1339 1092 829 464 134 
226 646 1219 1535 1902 2059 2247 2606 2746 2832 2879 2947 2796 2874 2693 2526 2382 2248 1903 1802 1418 1219 846 545 199 
231 766 1253 1645 1997 2186 2650 2874 3011 2999 3184 3220 3177 2953 2976 2850 2670 2552 2250 1938 1629 1213 963 551 176 
270 769 1256 1719 2086 2569 2870 2994 3236 3275 3474 3430 3433 3265 3285 3049 2892 2682 2390 2138 1723 1402 1034 646 204 
305 966 1535 1947 2242 2611 3008 3283 3365 3521 3689 3700 3803 3726 3608 3395 3072 2971 2626 2310 1976 1524 1129 739 209 
310 929 1544 2023 2489 2968 3234 3433 3946 3879 4082 4190 4223 4000 3915 3663 3404 3120 2806 2412 2043 1690 1229 717 246 
361 994 1613 2116 2773 3192 3469 3814 4013 4308 4502 4271 4327 4359 4144 4043 3799 3371 3084 2712 2190 1787 1315 827 287 
322 1091 1627 2297 2863 3281 3634 4045 4370 4628 4611 4536 4742 4621 4467 4260 4099 3640 3396 2944 2384 1947 1470 855 304 
368 1125 1760 2438 3042 3570 3854 4364 4682 4826 5067 5192 5255 4891 4821 4625 4346 3991 3421 3140 2713 2099 1502 942 276 
510 463 348 376 329 378 403 404 396 387 404 477 412 419 410 359 354 317 286 244 224 190 160 104 23 
462 795 778 786 864 852 958 919 972 1047 1099 1036 1017 1059 996 886 819 822 721 617 505 472 342 228 68 
308 647 865 829 971 1114 1140 1194 1377 1342 1367 1342 1325 1275 1185 1258 1074 967 922 810 654 561 403 279 91 
207 619 846 989 1092 1220 1353 1452 1510 1553 1505 1548 1504 1558 1455 1427 1334 1220 1085 1051 835 702 514 300 88 
224 583 848 1074 1230 1459 1548 1686 1779 1772 1850 1830 1791 1800 1722 1734 1675 1489 1323 1099 985 799 542 337 116 
227 643 882 1183 1418 1670 1747 1927 1958 1989 2077 2105 2196 2095 2069 1955 1799 1652 1455 1304 1139 913 616 405 121 
242 706 1021 1311 1541 1879 2130 2174 2340 2461 2431 2512 2603 2454 2361 2226 2141 1990 1842 1563 1298 1094 784 416 158 
266 749 1122 1521 1841 2178 2305 2383 2660 2800 2700 2746 2859 2805 2648 2603 2463 2085 2010 1641 1463 1140 887 514 163 
240 785 1237 1629 1989 2222 2555 2831 3005 3115 3022 2988 3183 3081 3038 2788 2724 2439 2240 1817 1572 1276 920 599 175 
276 824 1329 1747 2088 2576 2893 3080 3254 3415 3353 3388 3427 3354 3132 3134 2933 2860 2450 2114 1771 1417 1025 596 223 
278 865 1494 1990 2482 2799 3068 3396 3498 3595 3680 3670 3669 3770 3597 3497 3279 3069 2705 2421 2051 1635 1094 678 223 
309 977 1580 2076 2471 2907 3411 3601 3629 3907 4015 4109 4147 3995 3883 3704 3370 3205 2992 2614 2204 1702 1230 755 266 
318 1097 1618 2170 2753 3329 3632 3984 4275 4254 4523 4488 4512 4431 4177 4112 3943 3414 3146 2727 2344 1841 1348 781 252 
366 1079 1742 2295 2962 3538 3905 4170 4371 4662 4723 4722 4943 4927 4603 4612 4119 3710 3488 2893 2491 1938 1379 873 312 
390 1123 1859 2623 3250 3699 3967 4590 4642 5171 5186 5072 5150 5139 5000 4806 4572 4068 3683 3296 2729 2098 1477 911 331 
393 1201 2046 2819 3402 3924 4386 4946 5128 5489 5415 5406 5480 5621 5400 5100 4761 4361 4037 3581 2920 2370 1614 1018 370 
713 526 411 414 402 405 439 428 441 433 493 480 512 464 484 426 393 384 328 303 247 207 146 93 34 
537 862 923 1007 918 1088 1061 1018 1155 1281 1192 1170 1167 1135 1119 1072 1015 921 817 742 630 494 382 247 75 
304 727 909 981 1166 1165 1318 1329 1466 1511 1542 1470 1498 1414 1331 1325 1217 1117 1001 911 764 584 464 306 115 
315 681 968 1090 1284 1398 1522 1669 1673 1735 1660 1763 1669 1714 1733 1644 1470 1370 1334 1191 948 777 577 335 105 
252 714 921 1169 1380 1683 1753 1879 1967 1930 2053 2051 1943 1969 1961 1850 1759 1539 1442 1316 1077 864 680 365 129 
236 652 1042 1384 1650 1869 2076 2145 2128 2316 2372 2337 2293 2276 2237 2167 1962 1860 1692 1514 1292 977 734 473 169 
278 771 1139 1415 1815 2075 2330 2395 2501 2618 2772 2744 2767 2693 2502 2546 2320 2235 1906 1679 1402 1064 894 486 176 
306 794 1269 1746 2099 2290 2514 2745 2887 3045 2999 3051 3152 2941 2898 2883 2576 2454 2153 1955 1622 1317 980 582 176 
296 903 1412 1863 2175 2461 2803 3006 3075 3454 3381 3509 3486 3289 3306 3154 2916 2737 2417 2163 1821 1432 1026 607 196 
314 936 1469 1995 2408 2819 3231 3358 3510 3721 3940 3934 3777 3740 3639 3486 3331 2973 2663 2323 1908 1550 1159 721 246 
361 1001 1634 2157 2564 3014 3369 3704 3965 4032 4191 4247 4215 4103 3948 3865 3623 3314 2911 2646 2184 1832 1291 825 261 
343 1090 1642 2330 2850 3332 3687 4011 4135 4329 4571 4526 4570 4415 4324 4172 3905 3616 3112 2819 2333 1901 1280 764 239 
367 1174 1874 2540 3019 3608 4144 4449 4592 4800 4871 4727 4994 4876 4533 4542 4301 3964 3491 3086 2668 2091 1504 941 297 
392 1174 1964 2576 3197 3831 4290 4598 4869 5254 5405 5166 5418 5368 5086 5084 4695 4371 3965 3347 2945 2232 1584 948 349 
434 1334 2097 2840 3435 4073 4577 5066 5119 5621 5786 5739 5722 5617 5544 5267 4972 4605 4196 3579 3100 2480 1665 959 335 
476 1380 2240 2838 3641 4444 4965 5464 5727 5946 6033 6198 6222 6171 5944 5895 5480 5007 4561 3999 3343 2655 1840 1097 368 
684 594 526 461 437 472 484 502 463 516 530 540 521 488 536 470 460 399 370 342 269 249 188 130 31 
564 971 1020 1041 1020 1048 1141 1221 1193 1233 1363 1384 1266 1273 1254 1159 1094 983 955 832 717 560 448 270 59 
333 810 1004 1054 1265 1309 1360 1574 1610 1684 1726 1559 1707 1614 1510 1484 1353 1260 1170 1121 871 701 525 339 109 
282 699 1032 1317 1425 1602 1645 1830 1830 2041 2053 2072 1970 1904 1825 1816 1692 1641 1512 1294 1077 905 583 390 139 
240 677 1080 1240 1588 1792 1955 2188 2303 2309 2275 2190 2228 2282 2136 2229 2092 1818 1594 1466 1206 954 697 372 177 
304 785 1195 1543 1800 2050 2290 2429 2441 2545 2689 2741 2728 2661 2659 2421 2370 2123 1913 1797 1439 1138 851 495 169 
264 900 1241 1738 2053 2349 2514 2737 2886 3015 3053 2984 3096 3099 2927 2849 2732 2425 2144 1919 1627 1220 906 546 206 
317 932 1500 2009 2411 2671 2946 3221 3319 3374 3526 3541 3506 3384 3281 3255 3093 2764 2436 2156 1823 1403 1063 615 241 
355 922 1621 2061 2457 2958 3176 3471 3680 3813 3979 4019 3984 3761 3802 3628 3364 2981 2687 2484 2029 1564 1153 672 237 
381 963 1622 2346 2724 3174 3635 3747 3928 4215 4407 4399 4372 4222 4223 3873 3799 3446 3043 2623 2210 1737 1326 797 256 
390 1118 1776 2497 2953 3591 3949 4250 4391 4665 4764 4778 4800 4759 4568 4408 4147 3617 3311 2932 2356 1914 1387 898 282 
400 1190 1864 2593 3147 3719 4227 4547 4982 5052 5153 5085 4966 5265 4762 4648 4447 3893 3598 3120 2676 2041 1487 881 297 
433 1241 2109 2842 3450 3955 4670 4942 5288 5387 5541 5616 5536 5662 5354 5153 4718 4343 3907 3527 2854 2256 1651 944 346 
448 1328 2099 2947 3735 4264 4815 5320 5504 5997 5991 5824 6145 6214 5822 5544 5304 4864 4262 3753 3034 2527 1676 1088 353 
502 1448 2374 3153 3838 4635 5256 5547 6132 6566 6321 6442 6603 6522 6112 5957 5573 5194 4565 3976 3365 2604 1940 1189 378 
505 1492 2340 3229 4079 4700 5489 5985 6238 6793 7021 7027 7117 7018 6813 6392 5847 5552 4946 4323 3583 2852 2156 1183 403 
868 643 473 518 503 510 516 442 507 544 543 575 589 635 561 547 518 391 407 403 342 239 182 104 35 
632 1071 1149 1141 1131 1198 1239 1231 1328 1279 1415 1426 1450 1313 1259 1250 1205 1125 974 862 779 651 497 276 80 
416 870 1094 1360 1407 1501 1588 1605 1622 1785 1747 1713 1817 1695 1591 1632 1612 1314 1240 1179 984 726 593 337 104 
314 826 1115 1401 1511 1771 1775 1938 2029 2044 2086 2114 2055 2099 2159 1987 1859 1716 1577 1383 1152 924 686 372 130 
259 801 1279 1332 1771 1870 1982 2388 2277 2395 2466 2429 2404 2414 2330 2238 2119 1902 1806 1624 1376 1033 740 449 151 
275 807 1331 1607 1953 2357 2544 2648 2662 2766 3080 2912 2864 2881 2779 2685 2574 2328 2107 1821 1522 1201 858 535 182 
293 993 1446 1816 2256 2629 2830 2902 3019 3165 3291 3331 3428 3293 3206 2966 2950 2573 2417 2036 1740 1351 992 569 203 
314 983 1595 2195 2485 2770 3148 3398 3673 3857 3691 3965 3994 3841 3744 3434 3312 2994 2773 2424 2041 1599 1220 744 235 
322 1052 1750 2275 2649 3183 3480 3779 3998 4276 4429 4313 4157 4276 4066 3809 3676 3260 2967 2533 2179 1705 1292 743 282 
354 1078 1775 2434 3042 3398 3850 4242 4432 4542 4784 4859 4855 4809 4638 4438 4063 3710 3360 2828 2450 1985 1350 855 268 
416 1142 1898 2674 3217 3749 4228 4591 4943 5151 5287 5239 5371 5172 4905 4759 4554 4041 3583 3137 2674 2142 1548 899 299 
403 1306 2054 2887 3624 4010 4588 5052 5333 5717 5768 5877 5730 5618 5407 5069 4926 4421 4167 3511 2917 2257 1660 1006 306 
469 1482 2247 3076 3710 4297 5021 5446 5640 5931 6159 6175 6302 6002 5936 5549 5381 4805 4504 3796 3173 2495 1765 1113 373 
506 1475 2387 3176 4034 4729 5342 5746 6056 6397 6923 6544 6683 6581 6377 6047 5795 5410 4599 4135 3448 2825 1967 1207 372 
511 1531 2557 3561 4209 5068 5690 6107 6667 6876 7206 7486 7374 7326 6911 6564 6176 5520 5009 4472 3615 3000 2201 1354 398 
544 1644 2671 3608 4649 5445 6156 6595 7142 7628 7702 8057 7827 7840 7484 6993 6673 5835 5477 4786 3906 3158 2394 1395 460 
783 664 522 485 476 553 577 487 635 628 573 605 605 600 580 590 513 438 397 348 334 267 217 124 38 
575 1047 1098 1174 1130 1206 1219 1345 1471 1492 1450 1514 1363 1381 1456 1274 1187 1131 1066 938 815 701 487 297 76 
440 837 1114 1201 1366 1396 1594 1686 1800 1962 1924 1864 1774 1840 1753 1735 1595 1539 1299 1304 1076 852 607 326 112 
314 901 1178 1282 1538 1733 1851 2049 2068 2283 2170 2070 2230 2176 2046 2003 1990 1897 1643 1510 1204 959 698 410 133 
270 864 1181 1344 1740 2038 2264 2339 2374 2443 2481 2552 2506 2538 2550 2351 2349 2085 1840 1710 1348 1077 798 537 151 
283 913 1348 1731 2042 2432 2530 2765 2751 2891 2917 3049 3003 3223 2921 2800 2686 2414 2274 2006 1618 1327 949 552 198 
294 969 1581 2023 2411 2679 2939 3131 3290 3530 3366 3676 3645 3567 3427 3276 3124 2638 2399 2270 1850 1527 1054 676 223 
340 1064 1730 2344 2709 3068 3205 3654 3808 4116 3927 3929 4036 3738 3745 3605 3458 3250 2769 2510 2016 1785 1219 753 223 
359 1086 1718 2390 2862 3387 3710 4014 4155 4404 4336 4498 4477 4286 4179 4133 3841 3537 3186 2607 2321 1765 1281 766 250 
391 1175 1869 2667 3163 3594 4147 4342 4448 4794 5016 4956 4966 4992 4700 4520 4258 3975 3596 2945 2541 2032 1493 920 295 
449 1234 2086 2767 3321 3969 4359 4755 5064 5258 5507 5552 5417 5344 5080 4836 4665 4327 3891 3271 2651 2072 1673 992 312 
468 1382 2305 2930 3691 4362 4828 5249 5501 5802 5754 5754 5995 5843 5594 5354 5016 4806 3984 3661 2973 2448 1829 1063 345 
470 1466 2424 3080 3916 4656 5183 5467 6040 6220 6523 6500 6375 6321 6199 5839 5584 5022 4532 3951 3335 2631 1742 1183 335 
477 1503 2474 3368 4231 5085 5554 5882 6396 6687 6793 6807 6826 6767 6645 6567 6066 5358 4756 4058 3539 2871 1930 1163 369 
557 1716 2658 3515 4470 5375 6019 6503 6866 7111 7440 7587 7560 7449 7201 6860 6392 5782 5083 4476 3856 2901 2146 1295 449 
576 1772 2686 3774 4599 5662 6333 7069 7398 7710 7993 8210 8202 7979 7874 7066 6775 6184 5474 4768 4226 3248 2217 1419 484 
779 733 618 559 543 570 614 568 746 642 698 653 702 627 681 582 548 510 480 385 365 277 214 136 52 
648 1086 1247 1248 1312 1379 1444 1515 1559 1606 1645 1686 1631 1648 1540 1467 1299 1181 1126 936 871 679 481 286 101 
361 880 1315 1369 1552 1664 1771 2032 1951 1990 1989 1995 2000 1938 1984 1769 1766 1582 1443 1334 1143 898 594 391 109 
298 825 1280 1457 1785 1942 2165 2242 2219 2417 2458 2408 2420 2376 2341 2290 2215 1823 1716 1474 1240 956 762 498 160 
300 859 1237 1618 1909 2297 2442 2543 2766 2706 2762 2858 2897 2908 2828 2643 2534 2227 2084 1859 1503 1167 858 527 171 
323 904 1449 1847 2193 2516 2876 3057 3176 3269 3387 3449 3389 3474 3237 3260 2977 2812 2413 2162 1651 1373 1053 640 209 
326 984 1639 2139 2536 3092 3163 3597 3661 3877 3912 4021 4004 3879 3807 3578 3342 3059 2708 2335 1968 1573 1176 722 198 
355 1104 1751 2276 2638 3348 3714 3949 4238 4329 4357 4288 4375 4262 4227 3980 3819 3448 2975 2563 2315 1845 1276 767 299 
449 1171 1795 2545 3204 3721 4118 4454 4628 4807 4833 5003 5077 4812 4727 4453 4221 3838 3390 3125 2481 1971 1508 861 323 
426 1286 2043 2829 3428 3934 4513 4817 5171 5401 5503 5523 5382 5251 5181 5064 4619 4324 3838 3309 2730 2143 1571 971 311 
478 1414 2133 2940 3698 4458 4910 5208 5498 5721 6108 6128 5999 5798 5686 5467 5141 4676 4148 3524 3002 2383 1739 1096 324 
473 1441 2461 3252 3873 4746 5291 5805 6097 6166 6581 6689 6431 6305 6274 6080 5575 5092 4589 3763 3279 2589 1866 1120 365 
552 1565 2552 3427 4303 5060 5634 6236 6408 6763 7079 7038 7089 7052 6675 6631 6087 5401 4896 4239 3669 2799 2018 1202 442 
603 1684 2731 3805 4631 5484 6121 6749 7133 7408 7554 7790 7682 7521 7425 6844 6520 5924 5338 4657 3813 3070 2163 1363 426 
567 1762 2806 3807 4771 5800 6596 7381 7465 7864 8177 8260 8291 8041 7852 7401 7177 6340 5843 4974 4337 3293 2261 1385 480 
596 1868 3008 4073 5033 6241 6875 7533 8273 8457 8924 9019 8999 8883 8480 7932 7508 6852 6126 5291 4635 3539 2316 1519 452 
920 741 639 635 633 663 610 642 729 734 739 695 690 746 698 721 629 574 478 475 427 346 253 131 50 
692 1251 1309 1281 1356 1438 1504 1621 1722 1764 1732 1688 1777 1690 1632 1533 1490 1297 1199 1088 949 770 530 355 111 
423 1029 1291 1589 1654 1801 1843 1918 2173 2109 2232 2145 2162 2122 2146 2124 1888 1761 1615 1346 1176 907 633 401 157 
334 980 1305 1581 1934 2148 2256 2444 2512 2523 2564 2549 2601 2674 2504 2350 2325 1965 1817 1578 1277 1061 824 439 155 
330 887 1345 1774 2181 2411 2676 2828 2856 2892 3162 3063 3118 2988 2952 2699 2642 2397 2142 1906 1530 1283 953 497 176 
368 1069 1577 1920 2401 2932 3111 3257 3391 3465 3774 3670 3582 3621 3411 3388 3034 2832 2545 2328 1861 1414 1007 655 236 
394 1086 1800 2327 2884 3155 3379 3724 3995 4102 4277 4261 4274 4101 3917 3815 3402 3238 2842 2457 2135 1827 1170 803 237 
410 1132 1861 2360 2865 3492 3785 4208 4409 4612 4860 4791 4690 4562 4372 4220 3892 3586 3290 2970 2410 1938 1362 838 287 
393 1252 1911 2676 3277 3786 4322 4612 4880 5115 5235 5329 5265 5233 5116 4794 4429 4105 3681 3148 2762 2069 1563 922 384 
425 1355 2189 2974 3642 4142 4690 4966 5450 5620 5778 5852 5810 5493 5458 5062 4703 4420 4003 3534 2983 2326 1714 952 367 
517 1395 2293 3233 3883 4507 5145 5771 5971 6287 6219 6240 6399 6330 6029 5804 5312 5024 4410 3919 3342 2575 1847 1104 418 
524 1528 2739 3470 4306 4943 5542 6034 6260 6934 6874 7171 6985 6961 6795 6257 6077 5412 4919 4274 3535 2772 1925 1253 399 
566 1680 2737 3804 4613 5316 5800 6417 7026 7401 7673 7802 7627 7443 7250 7003 6400 5799 5435 4656 3846 3024 2154 1245 419 
665 1757 2842 4107 4740 5789 6446 7032 7590 7799 8278 8323 8387 8166 8058 7416 6856 6210 5728 5037 4102 3150 2393 1478 461 
650 1800 3046 4189 5256 6099 7120 7778 8203 8594 8914 8902 8973 8674 8659 7654 7505 6675 6190 5129 4458 3471 2623 1516 524 
726 1953 3231 4532 5657 6510 7265 8179 8959 9102 9461 9103 9448 9044 8758 8372 7961 7264 6475 5828 4792 3913 2570 1506 557 
992 835 738 707 713 731 752 782 853 879 884 854 894 892 834 818 810 681 600 531 480 379 283 147 64 
712 1392 1388 1584 1671 1731 1721 1968 2132 2106 2218 1999 2112 2026 1967 1909 1752 1625 1402 1308 1054 894 625 398 143 
466 1268 1456 1693 1914 2114 2349 2286 2645 2494 2621 2473 2545 2476 2463 2325 2267 2060 1957 1627 1351 1142 823 508 160 
390 992 1568 1884 2238 2552 2754 2837 2806 3077 2960 2868 2918 2967 2926 2708 2633 2319 2164 1791 1618 1266 934 526 187 
367 1149 1645 2033 2594 2892 3145 3289 3202 3404 3609 3645 3607 3561 3355 3341 3017 2799 2636 2187 1853 1441 1138 646 221 
390 1203 1882 2327 3017 3242 3615 3702 3928 4109 4230 4328 4258 4229 4114 3864 3574 3269 2891 2598 2066 1746 1216 795 241 
466 1311 2010 2830 3260 3708 4017 4294 4631 4924 5043 5117 4988 4830 4688 4410 4193 3624 3373 2963 2466 2053 1428 822 310 
481 1438 2259 2813 3387 3913 4481 5017 5164 5566 5627 5621 5491 5377 5143 4897 4474 4066 3732 3292 2769 2318 1611 951 309 
449 1503 2330 3106 4035 4403 5098 5468 5717 6001 6305 6329 6140 5928 5980 5559 5163 4781 4237 3681 3115 2518 1781 1094 355 
519 1589 2533 3458 4007 4924 5550 5930 6285 6639 6865 6837 6634 6628 6262 6202 5887 5307 4699 4124 3584 2865 2035 1209 427 
591 1670 2718 3716 4572 5125 5789 6677 6865 6928 7383 7448 7400 7100 6982 6612 6329 5672 5143 4467 3829 3100 2138 1294 484 
630 1772 3013 3996 4833 5713 6483 7248 7300 7758 8165 8242 8045 8082 7869 7369 6890 6362 5585 5027 4309 3282 2402 1431 445 
623 1940 3247 4381 5298 6351 7078 7661 8159 8468 8811 9113 9031 8864 8368 8005 7421 6998 6269 5454 4727 3628 2624 1642 526 
671 2123 3413 4605 5714 6629 7536 8108 9019 9234 9737 9867 9698 9598 9129 8617 8262 7466 6722 5860 4826 3817 2683 1727 552 
772 2205 3726 5011 5976 7254 7965 8872 9360 10220 10279 10639 10549 10034 10061 9306 8620 7998 7247 6191 5143 4090 3002 1782 553 
829 2318 3879 5357 6512 7667 8649 9499 10135 10641 11107 11139 10890 10745 10191 9836 9341 8495 7442 6759 5495 4293 2956 1873 608 
1036 815 729 715 705 697 774 798 832 852 873 912 884 841 879 807 666 658 646 553 494 383 254 155 50 
726 1323 1414 1456 1692 1804 1821 2019 1969 2044 2145 2237 2114 2028 1986 1938 1906 1709 1599 1381 1134 878 613 384 147 
514 1174 1508 1750 1981 2084 2324 2502 2568 2594 2728 2587 2616 2664 2537 2430 2254 2053 1921 1676 1386 1142 866 563 163 
414 1107 1516 1806 2214 2556 2786 2954 3000 3037 3054 3289 3180 3032 2882 2803 2671 2431 2213 1877 1658 1373 930 554 181 
373 1100 1673 2132 2606 2947 3240 3511 3640 3760 3932 3923 3963 3768 3564 3420 3203 2893 2678 2461 2011 1491 1119 713 238 
380 1157 1952 2553 3038 3412 3575 3828 4219 4478 4406 4565 4395 4342 4235 3862 3848 3488 3189 2757 2248 1812 1319 721 274 
431 1312 2126 2870 3281 3729 4051 4528 4842 4959 5395 4899 4971 4800 4893 4617 4175 3961 3499 3159 2672 2087 1538 880 314 
520 1486 2321 2919 3562 4138 4709 5156 5308 5403 5632 5548 5716 5633 5264 4981 4745 4343 3782 3386 3062 2338 1571 928 338 
516 1465 2437 3391 4041 4730 5179 5733 6043 6161 6397 6376 6354 6119 6015 5850 5363 4888 4359 3948 3170 2571 1903 1182 388 
570 1666 2561 3750 4513 5154 5635 6144 6465 6861 6812 7058 6999 6768 6486 6124 5797 5511 4869 4329 3646 2859 2060 1186 405 
549 1777 2921 3980 4751 5544 6153 6752 7011 7465 7684 7673 7624 7644 7375 6918 6529 6219 5200 4736 3858 3172 2268 1298 427 
608 1902 3128 4168 5009 5904 6730 7101 7774 8078 8159 8365 8421 8154 8026 7554 6978 6567 5791 5270 4316 3417 2386 1439 514 
635 1959 3357 4459 5539 6371 7146 7764 8536 8750 9086 9457 8990 8945 8672 8179 7676 7090 6288 5490 4703 3670 2770 1610 566 
750 2141 3524 4716 5978 7145 7902 8618 9194 9298 9815 9874 9933 9668 9364 8730 8076 7655 6704 5886 5050 4090 2911 1833 631 
774 2281 3725 5102 6278 7412 8184 8921 9853 10210 10762 11005 10843 10269 10101 9419 8938 8165 7353 6489 5470 4253 3120 1885 603 
754 2384 4000 5475 6717 7958 8778 9670 10346 10845 11318 11447 11245 10864 10677 10087 9387 8739 7840 6687 5691 4416 3175 1936 682 
1182 885 821 795 785 875 898 867 954 1067 969 965 932 1003 957 911 872 776 723 576 497 428 305 166 60 
845 1586 1677 1639 1757 1874 2014 2287 2330 2337 2303 2348 2354 2253 2280 2173 2007 1891 1661 1483 1194 968 762 409 147 
510 1336 1614 1945 2192 2338 2465 2687 2698 2790 2851 2784 2894 2829 2786 2704 2513 2388 2053 1758 1496 1180 850 561 165 
427 1196 1740 2074 2524 2900 2927 3140 3277 3314 3415 3461 3492 3365 3219 3119 2880 2704 2339 2037 1667 1443 1002 591 194 
443 1213 1874 2431 2960 3302 3607 3863 3789 4133 4064 4211 4067 4174 3812 3707 3507 3175 2954 2558 2058 1672 1244 662 249 
430 1373 2009 2790 3349 3814 3997 4348 4505 4717 4864 5053 5002 4912 4651 4276 4157 3658 3343 2995 2485 1861 1344 862 333 
489 1432 2268 2977 3704 4080 4408 4896 5310 5551 5712 5610 5636 5508 5101 4811 4606 4194 3791 3399 2644 2219 1535 952 336 
548 1517 2368 3162 3849 4571 5048 5637 6147 6183 6333 6266 6326 6361 5974 5680 5315 4974 4392 3837 3151 2440 1761 1101 400 
504 1596 2543 3510 4440 5205 5621 6134 6688 6877 7014 7088 6904 6845 6657 6377 5987 5352 4688 4150 3567 2740 2051 1255 426 
557 1798 2844 3998 4758 5620 6133 6709 7432 7446 7714 7875 7735 7697 7418 6890 6450 6045 5516 4722 3883 3074 2170 1371 477 
713 1848 3023 4218 5132 5972 6845 7470 7809 8360 8231 8496 8381 8257 7953 7545 7045 6579 5805 5248 4279 3206 2502 1558 523 
700 1936 3308 4587 5633 6686 7349 8170 8654 8890 9151 9218 9278 8841 8737 8305 7952 7137 6234 5443 4696 3680 2634 1659 538 
774 2194 3542 4793 5924 7227 7963 8674 9155 9507 10007 10006 10024 9825 9636 9064 8242 7707 6995 5910 5159 4107 2975 1816 565 
795 2313 3777 5275 6651 7631 8425 9251 9994 10301 10906 11075 11061 10623 10215 9823 9100 8266 7357 6476 5585 4558 3279 1926 653 
872 2469 3961 5583 6910 8007 9266 10008 10770 11247 11835 11819 11820 11405 10868 10330 9899 9014 7941 6908 5856 4735 3374 1995 626 
913 2740 4216 5877 7251 8650 9417 10621 11307 11926 12319 12725 12409 11958 11868 11385 10353 9567 8445 7467 6551 4957 3598 2139 720 
1098 1015 854 829 814 920 909 959 953 981 1063 1099 1043 1048 976 918 898 800 737 628 516 459 328 202 79 
829 1561 1746 1802 2062 1998 2315 2319 2381 2594 2551 2598 2469 2497 2386 2394 2087 2015 1848 1647 1338 1091 819 474 151 
607 1327 1789 2093 2347 2516 2743 2974 3107 3114 3120 3090 3188 3299 3120 3042 2751 2428 2234 1925 1695 1315 1037 615 199 
487 1372 1791 2147 2634 3108 3276 3494 3568 3711 3754 3820 3710 3711 3563 3533 3061 2864 2707 2425 2127 1588 1118 701 205 
496 1381 2024 2558 3089 3528 4112 4087 4273 4506 4831 4799 4594 4685 4431 4129 3959 3585 3215 2858 2295 1849 1374 734 271 
526 1475 2213 2913 3533 4289 4362 4768 5055 5545 5595 5593 5370 5309 4972 4856 4385 4087 3601 3221 2714 2151 1543 917 319 
529 1662 2514 3313 3951 4435 5074 5653 5813 6119 6175 6126 5955 5899 5717 5614 5155 4784 4000 3654 3107 2421 1728 1103 348 
605 1692 2773 3593 4300 5168 5631 6039 6354 6591 6982 6879 6892 6705 6498 6192 5790 5499 4641 4070 3553 2727 1977 1263 416 
559 1847 3009 4060 4815 5504 6347 6731 7074 7489 7635 7697 7813 7463 7163 6867 6472 5922 5422 4505 3938 3103 2303 1418 452 
589 1936 3195 4276 5198 6128 6972 7432 7941 8426 8577 8740 8528 8389 7960 7573 7188 6665 5832 5027 4125 3435 2430 1487 500 
689 2087 3429 4626 5533 6768 7576 8129 8667 9202 9220 9126 9241 9262 8935 8436 7865 7260 6411 5514 4804 3686 2593 1672 571 
751 2261 3552 5080 6080 7232 8057 8760 9313 9895 10045 9807 10251 9942 9687 9228 8690 7846 6807 6194 5063 3943 2977 1930 585 
825 2450 3929 5328 6638 7787 8866 9559 10309 10644 10938 11211 11116 10829 10800 9869 9024 8643 7656 6543 5542 4472 3165 1900 669 
897 2671 4331 5519 7116 8505 9366 10457 11027 11521 11751 12285 11756 11796 11418 10685 9892 9320 8219 7021 5959 4768 3379 2181 700 
910 2633 4448 5937 7529 8770 10091 10974 12036 12392 12778 12737 12941 12565 12210 11473 10889 9858 8817 7323 6358 4958 3622 2157 773 
1001 2924 4670 6578 8005 9523 10593 11605 12560 13147 13390 13729 13358 13267 12793 12310 11569 10493 9152 8061 6547 5442 3781 2379 800 
1161 932 883 847 886 985 957 1077 1095 1148 1149 1130 1145 1061 1057 994 980 813 815 642 581 452 366 230 73 
945 1656 1778 1859 2100 2210 2432 2590 2717 2678 2809 2699 2637 2600 2596 2507 2351 2091 2021 1803 1371 1077 813 521 203 
556 1359 1801 2194 2374 2602 2933 3134 3234 3355 3171 3240 3294 3225 3212 3040 2846 2550 2400 2037 1776 1371 973 588 206 
483 1392 1842 2321 2936 3432 3401 3649 3679 3826 3847 3952 3937 4094 3910 3701 3440 3143 2845 2539 2012 1490 1194 769 229 
513 1407 2152 2712 3424 3829 4108 4300 4353 4685 4702 4829 5011 4683 4621 4391 4172 3718 3418 2929 2427 1817 1356 815 269 
594 1545 2374 3183 3710 4231 4649 5129 5429 5376 5749 5452 5601 5446 5262 4978 4746 4520 3892 3294 2768 2214 1553 961 362 
618 1584 2579 3520 4178 4780 5430 5667 5986 6100 6323 6325 6361 6269 6125 5816 5283 4970 4323 3709 3305 2539 1788 1060 332 
580 1718 2873 3835 4615 5375 6006 6478 6854 7030 7141 7144 7134 7150 6867 6563 6139 5600 4792 4352 3656 2922 2187 1302 414 
668 1884 2886 4200 5128 5955 6585 7191 7435 7899 7919 7996 8138 8194 7643 7053 6647 6242 5431 4747 4088 3130 2400 1456 500 
653 1942 3151 4424 5590 6576 7102 7972 8539 8726 8783 8811 9148 8812 8217 8043 7373 6869 6142 5075 4360 3634 2592 1462 486 
745 2163 3679 4797 5817 7064 7905 8647 9059 9805 9673 9613 9586 9842 9300 8699 8064 7403 6709 5840 4846 3923 2935 1664 568 
716 2219 3886 5261 6229 7562 8257 9111 9910 10440 10563 10719 10604 10592 10237 9286 8724 8277 7273 6464 5238 4183 3032 1834 625 
857 2599 4117 5575 6755 8152 9102 9754 10959 11258 11145 11546 11442 11733 11156 10529 9511 8785 8066 6965 5896 4688 3314 2066 628 
910 2796 4376 5778 7337 8649 9630 10526 11623 12385 12337 12466 12804 12394 11892 11042 10193 9706 8705 7352 6227 5068 3469 2158 737 
873 2852 4775 6311 7840 9226 10277 11438 12615 13084 13529 13220 13345 13145 12748 11934 11018 10152 9158 7856 6614 5259 3877 2326 769 
999 2986 5063 6731 8318 9864 11101 12140 13138 13819 14096 14300 14302 13692 13075 12526 11864 10673 9487 8371 7033 5745 4337 2449 797 
1173 1013 890 917 836 942 943 1019 1056 1084 1022 1157 1153 1078 1066 1059 999 869 805 748 616 457 332 183 78 
946 1645 1916 2004 2103 2212 2401 2407 2547 2673 2747 2672 2678 2678 2669 2532 2504 2322 2051 1682 1451 1129 811 479 171 
617 1466 1894 2216 2433 2731 3016 3144 3326 3234 3369 3377 3282 3440 3226 3177 2995 2835 2544 2125 1808 1432 1093 624 234 
521 1390 1994 2453 2923 3299 3519 3693 3813 3949 4042 4026 4125 4145 3908 3820 3545 3322 2955 2511 2239 1676 1223 716 251 
475 1401 2223 2848 3439 3906 4255 4360 4555 4801 4921 5034 4938 4849 4810 4720 4252 3814 3511 3156 2554 1972 1494 943 329 
477 1431 2479 3390 4081 4446 4771 5180 5441 5725 5794 5785 5763 5713 5515 5363 5054 4416 4005 3476 2925 2434 1769 1036 340 
553 1668 2701 3738 4435 4855 5706 5890 6379 6549 6294 6736 6673 6502 6220 5843 5666 5127 4624 4041 3381 2664 2007 1257 436 
632 1850 2902 3806 4919 5682 6403 6582 7040 7200 7593 7585 7514 7585 7153 6935 6396 5817 5188 4511 3846 3137 2265 1409 477 
643 1953 3235 4387 5138 6146 6883 7373 8031 8224 8303 8561 8459 8157 7839 7551 7236 6540 5477 5103 4298 3442 2473 1505 506 
795 2165 3413 4745 5645 6776 7419 8211 8672 9109 9298 9399 9549 9200 8763 8441 7832 7241 6317 5371 4634 3680 2701 1586 582 
821 2284 3813 4985 6361 7380 8306 8734 9568 10010 10283 10104 10237 10220 9650 9441 8647 7847 6954 6113 5013 4083 2955 1804 647 
902 2593 4116 5436 6635 7897 9057 9673 10429 10779 11214 11027 11427 10918 10515 9940 9284 8700 7617 6659 5408 4361 3198 1945 665 
965 2796 4432 5956 7052 8602 9613 10580 11155 11773 12193 11874 12184 12327 11697 10732 10078 9427 8327 7223 6057 4881 3415 2044 715 
1006 2788 4651 6101 7557 9130 10311 11323 12093 12711 13003 13051 13168 13037 12279 11570 10881 9990 8845 7656 6292 5079 3758 2297 795 
1041 2977 4822 6601 8215 9737 10820 11867 13245 13845 13981 14189 14046 13860 13444 12343 11731 10285 9333 8154 6927 5400 3892 2376 810 
1140 3191 5263 6843 8815 10417 11652 12656 13624 14616 14840 15090 14967 14752 13933 13159 12030 10921 10121 8645 7547 5734 4205 2493 833 
1162 1091 1008 927 1004 1015 1072 1220 1217 1215 1201 1271 1116 1153 1108 1126 1018 914 903 759 662 520 395 223 81 
1044 1812 2067 2160 2398 2448 2661 2714 2869 2900 2884 2855 2853 2808 2706 2729 2472 2288 2148 1900 1564 1215 924 562 199 
653 1513 2059 2435 2631 3013 3186 3428 3447 3610 3523 3508 3611 3606 3566 3357 3077 2895 2604 2230 1969 1441 1150 701 239 
589 1459 2122 2697 3109 3398 3675 4008 4008 4347 4507 4331 4425 4356 4104 3986 3829 3569 3039 2695 2234 1730 1311 824 240 
543 1542 2254 3152 3555 4061 4552 4585 4781 5212 5334 5242 5324 5025 5047 4777 4646 4210 3637 3088 2719 2046 1428 950 307 
565 1707 2715 3560 4153 4638 5070 5493 5906 6011 6166 6225 6056 5766 5816 5594 5089 4705 4415 3683 3122 2410 1743 1111 344 
650 1792 2881 3893 4593 5224 5833 6209 6503 6814 7020 7032 7087 6835 6716 6428 5945 5340 4915 4283 3614 2800 2084 1292 417 
673 1944 2963 3982 5149 6034 6502 7064 7305 7860 8045 8128 8113 7917 7711 7280 6676 6114 5588 4863 4031 3258 2420 1523 501 
716 2060 3341 4488 5624 6476 7303 7881 8327 8762 8883 8993 8997 8813 8517 7874 7416 6858 6023 5527 4532 3601 2702 1596 514 
771 2143 3684 4892 6291 7058 7899 8928 9106 9783 9791 9768 9965 9849 9385 8814 8439 7717 6879 5953 5125 4008 2826 1653 595 
823 2368 3822 5409 6639 7652 8684 9444 10230 10713 10935 11166 10755 10692 10376 9936 9035 8478 7439 6409 5531 4526 3277 1984 634 
888 2746 4250 5865 7261 8365 9285 10221 11049 11345 12084 12321 12036 11936 11473 10539 9872 9214 7959 7186 6086 4937 3458 2064 652 
998 2977 4562 6247 7771 9092 10282 11172 11944 12805 13108 13303 13278 13046 12381 11833 10447 9872 8946 7668 6384 5150 3662 2257 734 
1004 3001 5036 6750 8382 9632 10817 12093 13023 13640 14167 14071 14213 13866 13259 12297 11744 10615 9493 8338 6753 5433 3902 2271 780 
1088 3147 5229 7153 8780 10446 11597 12872 14014 14750 14953 15065 14884 14684 13936 13355 12251 11266 10077 8821 7320 5794 4202 2453 829 
1173 3468 5847 7632 9235 10927 12012 13526 14750 15526 15781 15911 15972 15533 15011 13956 13294 11948 10694 9163 7735 6158 4443 2500 847 
1295 1134 985 993 1035 1081 1223 1132 1264 1256 1203 1277 1289 1201 1197 1167 1062 992 923 791 699 522 377 235 60 
1025 1772 2021 2287 2487 2599 2826 2779 3004 3087 3149 3107 3190 3204 3047 2995 2764 2463 2287 2077 1673 1296 937 632 188 
706 1570 2166 2578 2906 3264 3470 3589 3735 3704 3912 3837 3828 3828 3690 3577 3257 3080 2736 2450 2026 1548 1130 677 224 
556 1554 2240 2790 3353 3743 4157 4311 4386 4675 4717 4719 4948 4693 4385 4462 4105 3604 3292 2959 2435 1927 1410 787 294 
586 1646 2507 3229 3810 4558 4826 5085 5475 5468 5769 5671 5839 5660 5414 5238 4657 4465 3917 3475 2755 2207 1634 1000 329 
587 1726 2771 3778 4464 4989 5322 5879 6438 6457 6691 6748 6824 6505 6256 5929 5399 5146 4611 4010 3452 2709 1872 1090 388 
686 1883 3142 4082 4916 5770 6328 6872 7188 7537 7728 7815 7460 7382 7385 7039 6423 5859 5251 4760 3924 2970 2222 1390 471 
687 1938 3197 4475 5385 6174 7068 7647 8119 8368 8764 8731 8421 8561 8152 7639 7133 6598 5851 5136 4363 3516 2564 1453 511 
717 2219 3568 4781 6065 6871 7654 8601 8993 9147 9643 9617 9331 9175 8964 8611 8061 7401 6652 5740 4782 3819 2677 1655 599 
782 2429 3866 5406 6641 7560 8673 9483 9869 9969 10152 10147 10728 10197 9994 9525 8831 8081 7413 6439 5443 4221 3068 1742 642 
850 2489 4296 5880 7099 8436 9148 10101 10704 11294 11309 11444 11430 11240 11039 10332 9398 8699 7977 6983 5773 4534 3388 1959 659 
1024 2756 4483 6449 7600 9014 10184 10888 11754 12086 12358 12306 12464 12235 11981 11270 10650 9344 8623 7534 6206 5025 3551 2109 685 
991 3077 4975 6779 8163 9607 10867 11938 12691 12971 13375 13635 13588 13313 12992 12077 11399 10395 9291 8109 6960 5438 3962 2380 814 
1090 3080 5266 7114 9019 10268 11276 12577 13574 14186 14521 14375 14507 14515 13797 13089 12294 11256 9945 8601 7298 5943 4186 2516 841 
1128 3274 5623 7508 9517 10697 12404 13510 14606 15231 15536 15623 15707 15369 14973 13903 12684 12363 10686 9236 7883 6236 4554 2621 814 
1178 3585 5830 7998 9884 11443 13013 14229 15332 16142 16595 16545 16608 16282 15625 14616 13642 12774 11186 9864 8169 6398 4602 2844 961 
1229 1220 982 1127 1143 1321 1300 1326 1441 1478 1479 1390 1393 1424 1336 1274 1202 1134 1024 868 770 628 434 273 83 
1188 2098 2288 2437 2652 2869 3248 3226 3500 3621 3592 3485 3403 3476 3233 3087 2927 2766 2398 2145 1805 1474 1032 679 226 
760 1701 2326 2677 3025 3530 3688 3913 4281 4258 4150 4433 4165 4066 3949 3778 3617 3372 2932 2593 2088 1667 1316 816 255 
646 1707 2450 3200 3812 4130 4522 4774 5085 5096 5165 5230 5244 5157 4890 4591 4513 4172 3654 3225 2722 2008 1489 858 319 
705 1828 2831 3598 4168 4811 5140 5353 5770 5989 6213 6221 6193 6254 5969 5629 5320 4773 4265 3756 3149 2454 1806 1052 355 
676 1895 3104 3965 4946 5330 5849 6607 6895 7142 6892 7284 7167 6898 6706 6536 6010 5502 4775 4342 3552 2868 2034 1131 434 
774 2134 3282 4229 5320 6124 6719 7468 7694 8004 8219 8318 8188 8055 8115 7321 6797 6306 5615 5016 4268 3178 2365 1498 511 
776 2242 3494 4860 6052 6971 7675 8247 8638 9011 9443 9191 9221 8952 8660 8275 7726 7196 6476 5705 4747 3751 2727 1617 534 
761 2351 3898 5441 6472 7502 8435 9529 9560 10054 10227 10336 10151 9937 9906 9182 8599 7939 7238 6084 5030 4130 2876 1805 616 
824 2633 4126 5776 6969 8159 9161 10033 10569 10864 11419 11520 11327 11157 10940 10257 9525 8717 7938 6666 5859 4622 3258 2030 618 
907 2680 4564 6346 7728 9031 9953 11044 11481 12084 12492 12838 12533 12297 11962 11332 10431 9423 8559 7482 6096 4773 3458 2292 775 
1071 3049 4868 6941 8377 9682 10916 11765 12807 13159 13570 13854 13445 13310 12858 12376 11355 10117 9188 8240 6838 5255 3726 2340 751 
1085 3240 5389 7164 8814 10651 11620 13010 13539 14260 14386 15054 14634 14348 14108 13537 12355 11225 9859 8738 7305 5860 4225 2645 861 
1146 3393 5637 7566 9508 10907 12446 14033 14579 15339 15719 15553 15293 15120 14917 14332 13094 11906 10823 9328 7906 6182 4466 2773 916 
1170 3624 5973 7959 10081 11539 13062 14847 15787 15935 16384 16328 16447 16339 15643 15280 13992 12871 11342 9697 8223 6668 4576 2893 1017 
1417 3788 6082 8713 10694 12314 14131 15873 16528 17100 17258 17463 17285 17279 16901 15941 14595 13520 12072 10526 8768 6971 5148 2930 1013 
1387 1193 1084 1123 1297 1303 1307 1512 1567 1505 1574 1506 1415 1462 1383 1328 1287 1216 1124 927 764 616 458 299 104 
1172 2013 2330 2636 2821 3117 3276 3421 3665 3832 3735 3852 3713 3687 3392 3421 3072 2971 2633 2219 1958 1492 1151 743 239 
734 1827 2372 2953 3381 3771 3911 4350 4310 4428 4347 4576 4387 4403 4232 3990 3832 3439 3290 2698 2246 1747 1337 812 282 
737 1705 2500 3355 4033 4385 4815 5070 5300 5377 5667 5826 5594 5505 5259 4955 4509 4394 3868 3327 2865 2202 1651 1012 361 
683 1879 2981 3765 4550 5128 5471 5796 6334 6654 6801 6984 6833 6475 6158 5901 5863 5299 4632 3906 3410 2632 1910 1240 422 
742 2035 3128 4399 5140 5522 6309 6905 7584 7883 7593 7902 7800 7751 7116 7048 6537 6065 5396 4663 3854 3077 2278 1349 436 
811 2228 3412 4699 5599 6387 7306 7955 8397 8780 9011 9140 8939 8765 8297 8094 7437 6907 6250 5469 4530 3566 2620 1552 530 
796 2331 3697 5041 6412 7582 8028 8748 9404 9866 9894 10048 10115 9629 9284 8928 8418 7789 7015 5993 5139 4057 2938 1738 635 
906 2632 4208 5541 7067 8174 9308 9864 10469 10966 11320 11308 11250 10954 10580 9882 9298 8492 7548 6769 5662 4391 3087 1977 678 
1010 2833 4600 6274 7735 9024 9994 10620 11389 12111 12248 12399 12120 12021 11554 11073 10183 9567 8337 7406 6358 4942 3651 2184 710 
982 3072 4813 6911 8484 9822 10857 11684 12608 12846 13624 13453 13540 13082 12918 11922 11178 10568 9477 8206 6621 5245 3956 2345 798 
1129 3284 5324 7322 9116 10550 11686 12754 13664 14085 14768 14672 15115 14710 14193 13474 12184 11241 10150 8783 7371 5872 4074 2515 861 
1249 3509 5706 7813 9505 11055 12586 13576 14810 15596 16082 16066 15996 15610 15037 14358 13352 12353 10923 9319 7969 6255 4572 2844 972 
1274 3651 6031 8456 10293 12144 13431 15059 16187 16631 17230 17297 17335 16938 16277 15019 14356 12820 11606 9976 8481 6709 4842 2894 1009 
1307 4005 6499 8712 10969 12990 14440 15978 16929 17719 18302 18506 18264 18110 17356 15870 15247 13806 12394 10734 9035 7220 5118 3203 1090 
1446 4125 6773 9283 11580 13521 15270 16654 18004 18984 19190 19165 19149 18910 18146 17082 15868 14173 12948 11293 9306 7509 5536 3239 1156 
