51430
51430
51430
50 16 25
2.000  12.000 0.200 
0.900  4.100  0.200 
0.000  1.000  0.040 
11 8 14 7 11 7 5 6 1 8 3 4 6 7 3 6 1 1 1 3 5 3 4 0 0 
9 17 11 7 9 11 13 9 12 8 9 6 8 7 8 6 5 5 8 4 4 4 8 1 0 
6 13 13 10 17 18 12 6 13 14 7 12 6 10 6 10 3 6 6 7 9 2 4 4 1 
0 4 12 11 15 12 10 16 9 5 11 9 6 7 9 12 13 9 5 6 5 4 4 6 2 
6 5 7 8 12 10 9 9 7 11 8 13 9 11 12 18 11 10 8 9 7 2 3 1 1 
0 12 14 13 2 11 13 8 12 11 8 11 8 10 15 15 11 8 10 11 4 6 6 3 0 
1 9 7 10 14 13 12 12 8 12 10 13 11 14 6 13 10 9 11 6 5 7 2 4 0 
4 6 10 7 8 16 23 16 16 12 11 13 10 14 12 11 10 10 7 6 6 2 8 1 3 
5 9 3 15 13 17 17 10 15 16 15 15 14 11 13 14 13 14 13 8 8 6 8 6 1 
2 2 11 11 15 13 21 8 14 12 14 13 15 18 13 12 12 11 8 16 10 4 4 8 0 
3 6 5 7 12 7 14 21 15 18 9 10 13 16 12 17 23 9 11 15 10 6 10 2 2 
2 5 7 8 9 14 17 12 18 7 18 13 17 16 15 20 14 16 6 22 9 5 4 6 3 
3 9 7 12 15 17 17 16 14 18 19 15 12 12 12 25 15 10 11 12 9 15 6 6 4 
3 8 10 13 14 11 24 21 16 15 24 25 28 24 16 20 15 16 16 7 11 7 9 11 4 
1 9 6 9 17 14 16 25 15 26 23 33 24 21 17 25 17 20 15 19 15 12 8 4 3 
2 10 10 17 25 10 15 23 24 22 24 29 26 17 25 28 25 24 17 12 10 13 10 5 1 
21 21 5 5 10 12 7 6 5 3 7 5 9 7 2 4 7 2 5 2 7 2 2 1 0 
11 16 23 20 11 20 10 12 4 7 12 11 7 6 10 13 6 6 4 6 8 7 3 6 0 
5 10 19 15 20 13 15 15 14 6 5 15 15 12 14 17 20 7 5 15 10 6 4 5 0 
4 10 18 17 15 11 12 17 15 9 14 9 9 15 10 9 17 9 8 6 7 8 4 5 1 
3 12 15 12 14 16 16 17 12 11 5 12 10 16 18 11 14 14 7 10 15 6 5 6 0 
2 9 14 7 16 20 16 13 14 18 7 22 16 17 8 14 18 5 8 14 7 7 5 4 0 
6 7 16 14 12 23 14 24 13 19 10 18 19 16 11 15 10 10 11 15 13 4 5 6 2 
3 7 12 13 15 22 19 14 27 20 18 29 20 19 19 20 11 8 16 12 11 13 10 5 5 
3 9 14 12 16 13 15 13 19 23 28 26 20 13 20 15 18 17 14 8 13 10 6 2 2 
3 7 13 15 12 18 17 20 22 20 17 13 16 25 16 14 10 21 15 11 15 5 6 5 3 
0 9 11 14 20 9 17 20 19 20 19 20 20 22 17 25 19 24 21 12 11 11 5 7 2 
4 9 11 21 20 16 22 15 20 26 35 32 32 22 21 18 24 19 18 16 20 11 15 2 2 
8 10 12 19 17 21 13 19 24 23 28 27 26 36 25 20 19 20 21 22 18 8 12 6 4 
3 7 12 13 19 23 22 28 26 37 24 28 23 25 25 24 28 24 25 20 20 23 10 7 7 
3 7 8 19 19 29 28 22 26 29 35 37 41 31 27 32 24 35 28 21 18 23 8 7 3 
3 12 15 21 21 21 22 28 29 35 37 29 32 24 26 26 19 22 23 11 18 11 13 4 2 
28 23 14 4 8 8 8 7 5 7 5 12 3 7 4 8 6 5 5 5 3 1 1 1 0 
17 26 23 27 15 14 18 13 15 10 18 23 15 14 12 16 8 13 13 7 12 8 6 6 2 
8 18 20 25 23 24 19 17 23 10 10 15 13 15 16 14 16 13 18 12 23 15 6 6 0 
6 17 18 12 20 15 23 18 18 7 10 16 22 16 15 11 14 10 13 10 9 8 6 4 5 
2 13 22 16 18 21 22 17 27 12 18 19 13 13 17 22 21 12 12 11 12 10 11 5 1 
1 4 15 19 19 18 22 22 12 19 23 17 18 20 20 23 17 7 18 18 12 9 9 5 0 
6 13 30 26 20 14 18 19 19 18 30 21 17 21 17 20 16 13 14 16 10 8 14 5 3 
2 13 22 20 15 28 32 27 22 22 27 23 21 23 18 20 17 15 17 27 17 6 10 8 4 
9 7 13 20 15 22 21 23 23 26 31 25 25 17 23 13 34 25 20 19 13 13 11 5 4 
4 16 20 20 25 16 26 20 18 28 19 14 20 24 21 24 18 22 25 20 14 13 10 6 0 
3 12 16 14 19 24 19 25 27 24 21 28 36 26 18 18 25 21 24 18 21 13 11 8 5 
6 9 11 30 28 28 34 25 26 29 33 29 30 24 37 31 27 30 23 27 23 17 13 7 4 
5 16 16 15 28 23 19 30 21 24 34 27 33 42 33 40 29 30 25 31 28 14 19 8 3 
7 13 11 19 32 31 28 27 41 39 28 34 29 37 33 35 34 29 27 25 21 15 8 7 3 
2 12 20 21 23 32 32 39 36 47 29 29 28 42 40 26 38 30 30 24 26 15 20 7 5 
7 14 20 37 26 42 36 38 41 38 35 37 39 36 34 37 46 31 29 31 26 19 16 14 4 
26 16 11 4 15 6 4 7 8 1 11 4 17 9 10 2 11 2 4 4 5 4 0 2 1 
14 27 19 21 17 18 23 11 19 19 19 16 13 13 17 11 7 11 17 6 9 10 8 4 3 
4 19 21 18 28 20 27 20 27 16 18 17 15 17 16 14 16 13 17 7 18 4 2 4 3 
1 13 14 16 18 25 16 19 20 16 17 19 14 22 22 16 6 16 13 13 9 7 7 3 1 
7 8 10 13 22 14 23 21 22 21 12 21 16 20 14 19 18 9 14 12 17 10 7 7 0 
5 13 19 20 16 24 26 26 16 19 22 19 23 21 24 23 16 29 10 11 18 10 13 9 3 
7 7 18 21 24 11 22 19 27 23 20 30 27 21 24 25 24 18 23 16 17 9 8 7 3 
3 7 16 16 20 20 25 30 28 25 27 23 22 20 28 27 26 23 16 18 18 13 12 3 1 
3 10 12 23 17 30 30 27 28 28 20 18 30 23 27 23 30 34 17 21 21 11 7 10 1 
2 12 18 26 19 32 30 37 17 28 22 29 23 27 31 34 26 24 25 19 19 21 16 5 1 
8 17 23 21 26 31 30 35 30 26 32 22 32 36 43 35 30 26 32 22 14 11 9 12 4 
3 13 11 18 24 36 31 40 39 41 27 31 37 31 42 33 31 30 37 31 22 18 24 17 6 
3 9 19 28 25 36 31 38 49 32 34 46 33 36 38 29 33 37 19 26 20 18 17 9 2 
3 16 16 28 22 36 35 40 38 39 37 35 37 34 39 40 38 43 33 21 27 20 19 13 3 
4 10 25 27 36 38 35 41 43 39 45 29 47 30 45 37 49 31 36 44 28 29 12 9 4 
8 17 13 24 36 37 42 40 42 34 52 33 45 46 45 47 39 41 39 40 35 30 17 13 1 
33 28 18 10 12 17 9 7 13 9 7 9 9 7 10 6 6 6 8 6 4 5 4 3 1 
24 31 36 32 19 20 25 14 16 17 26 17 21 14 13 12 20 21 15 11 14 9 7 6 2 
13 18 14 26 25 27 33 20 29 18 15 19 19 14 8 13 16 16 19 19 13 7 7 5 1 
10 21 18 25 29 25 19 27 13 26 28 22 22 14 22 23 24 20 30 13 13 7 12 4 2 
6 21 17 22 22 18 18 24 28 30 25 29 36 26 23 10 26 12 14 12 21 7 9 3 1 
8 13 19 25 25 24 18 24 31 29 45 17 24 30 20 16 24 25 21 15 23 17 13 6 2 
8 18 19 31 26 34 27 29 31 31 28 33 30 30 26 19 33 21 26 21 15 19 14 6 2 
3 11 20 31 28 32 18 32 35 22 22 19 25 37 28 33 25 19 29 20 18 14 12 9 5 
5 14 20 18 26 30 18 32 31 33 25 28 39 27 35 33 31 34 33 31 20 15 8 6 5 
2 11 25 23 29 35 38 32 37 43 46 45 39 36 34 29 27 43 28 21 18 17 16 9 3 
5 15 23 21 33 22 33 47 25 37 48 53 43 39 44 41 45 46 42 28 24 25 10 11 3 
4 17 29 25 40 28 33 28 48 45 37 57 51 41 47 37 39 42 36 26 27 29 20 15 2 
8 15 15 28 44 55 38 52 55 54 44 36 57 57 44 43 47 43 48 39 30 30 22 17 4 
8 6 22 26 35 47 50 39 57 47 64 52 42 54 60 49 51 58 40 47 35 22 22 10 5 
10 17 25 26 49 50 51 51 57 59 48 57 57 45 54 41 66 40 48 49 44 29 8 17 4 
4 14 36 35 38 57 48 53 60 53 61 38 59 52 50 51 50 46 44 45 40 39 24 11 10 
29 25 13 12 11 7 14 13 8 17 10 11 5 11 6 10 6 8 12 12 10 16 4 3 0 
18 34 36 33 26 35 22 21 31 21 26 25 12 19 10 20 21 19 15 10 9 11 10 5 3 
10 16 20 29 26 25 16 29 24 24 24 21 23 22 18 13 13 23 20 19 13 13 11 6 4 
12 23 31 21 31 27 27 20 25 37 31 33 20 25 26 23 20 18 12 22 30 13 11 3 1 
13 23 33 32 28 24 23 34 33 27 29 31 22 24 25 47 17 28 24 30 17 11 9 1 3 
6 27 24 26 30 24 31 28 27 35 36 33 34 26 36 24 30 28 29 20 20 19 17 10 0 
7 21 15 33 32 24 28 33 30 38 25 29 29 31 35 30 38 28 30 20 15 33 12 6 2 
8 17 31 26 28 27 54 40 37 30 30 36 47 35 40 27 31 26 28 33 21 22 12 9 5 
3 15 26 42 35 31 35 40 45 44 37 40 40 35 29 41 47 43 31 25 38 21 21 10 0 
4 13 28 33 44 41 42 43 45 38 47 40 51 34 40 43 45 30 36 34 19 23 15 14 5 
7 17 29 24 43 34 36 44 32 49 45 45 55 50 68 47 49 49 50 24 29 29 9 13 4 
6 12 35 27 35 52 59 52 43 61 54 69 50 52 53 47 51 32 40 35 25 41 16 15 2 
8 16 28 39 39 48 57 49 69 55 53 56 59 58 47 51 54 53 40 39 35 28 32 12 4 
3 22 38 37 46 39 60 65 48 66 63 62 56 57 61 60 73 54 50 42 30 28 18 11 3 
9 17 31 31 45 46 53 52 60 60 59 74 57 65 54 57 59 54 60 48 34 27 24 18 6 
7 14 43 41 51 48 61 74 69 65 58 47 64 71 76 78 87 54 50 55 48 25 34 12 2 
37 24 16 24 18 9 14 15 7 12 10 12 14 14 10 9 11 8 8 13 3 7 6 11 0 
18 39 34 25 35 40 26 25 25 21 23 29 31 30 26 15 14 17 16 7 14 9 13 6 1 
8 34 44 39 31 32 40 26 23 31 23 25 34 32 17 18 21 15 23 14 21 13 12 6 3 
12 22 22 33 20 26 42 27 36 32 36 17 31 36 35 34 24 20 29 23 23 14 12 12 2 
9 22 29 38 29 37 36 46 22 24 18 37 38 27 32 28 32 26 30 30 14 18 20 7 2 
18 27 19 26 26 22 38 39 51 34 41 25 39 34 27 36 43 26 25 21 20 21 19 7 5 
6 16 29 29 29 35 38 38 40 32 48 29 39 40 43 51 38 39 24 33 30 23 16 12 1 
8 16 33 35 39 47 36 36 35 47 41 43 46 41 53 38 35 38 35 27 48 21 16 18 4 
9 21 24 50 38 39 49 52 37 51 55 53 56 55 38 48 46 51 36 37 30 28 21 9 7 
6 23 32 28 32 49 65 47 58 60 46 47 59 49 63 57 58 67 43 37 33 31 14 15 3 
9 20 27 43 38 46 41 57 61 67 58 59 68 71 55 51 53 52 53 50 44 32 19 12 6 
8 21 34 46 47 64 61 66 69 62 74 73 55 72 81 60 66 59 45 43 42 29 28 19 5 
6 27 33 52 45 66 66 73 64 74 65 58 86 63 78 77 73 52 58 46 34 37 28 21 5 
13 16 41 42 48 66 59 67 85 69 81 110 97 72 66 82 75 67 53 44 39 54 25 25 7 
9 23 37 52 60 63 81 73 83 87 99 98 82 88 85 89 75 67 62 57 60 40 33 20 6 
9 26 36 58 59 66 82 100 77 92 90 92 93 109 93 70 81 87 68 53 59 43 42 26 9 
53 34 36 22 13 8 14 15 23 13 8 14 6 11 14 10 14 9 9 8 7 9 8 5 0 
17 39 37 35 37 42 35 20 32 29 27 32 27 30 19 33 25 14 17 14 26 13 18 5 2 
12 36 24 37 37 34 31 36 37 22 36 31 36 30 20 18 26 25 28 24 36 18 15 8 4 
11 30 45 38 32 39 38 35 34 36 37 38 32 28 30 28 30 28 29 33 22 17 12 13 3 
7 29 25 34 37 38 31 43 36 41 30 36 32 42 49 36 37 25 30 23 30 35 18 6 5 
10 33 28 28 29 33 42 34 36 36 51 52 42 45 45 46 41 41 35 37 28 23 21 6 3 
6 28 46 36 41 36 44 57 45 54 59 53 57 47 47 42 46 45 32 39 37 27 20 16 3 
8 22 47 42 48 51 46 64 42 69 45 48 46 50 57 63 51 50 56 45 53 28 19 19 6 
13 15 40 45 45 51 62 53 64 54 62 58 85 60 49 56 66 57 54 37 35 31 27 18 4 
8 28 40 45 56 53 48 65 62 90 65 66 60 71 68 54 71 72 60 53 53 34 29 18 3 
7 25 39 42 48 67 60 61 54 76 62 77 63 79 84 75 72 66 45 77 49 33 29 17 3 
10 24 46 65 70 74 86 71 101 70 77 58 91 74 79 96 81 66 65 54 47 37 40 24 5 
17 24 35 64 57 76 77 83 81 93 100 87 73 84 96 88 82 88 77 56 62 40 44 26 4 
8 31 48 51 78 90 89 101 97 78 95 125 125 107 85 89 88 100 74 75 67 46 43 26 13 
10 37 45 57 86 58 88 95 97 112 139 102 122 103 105 105 91 111 77 78 68 73 40 30 8 
9 29 47 72 75 92 106 110 101 119 118 115 114 141 116 122 99 107 95 92 72 55 42 22 5 
40 28 27 27 23 14 20 19 18 16 13 17 25 9 15 13 10 5 7 10 9 9 7 1 2 
34 42 33 40 37 37 36 28 40 44 37 29 29 28 27 31 15 19 16 25 17 16 15 9 6 
6 31 36 40 35 35 55 34 45 37 45 38 26 31 51 40 35 12 21 24 23 17 17 6 3 
17 28 40 44 39 38 40 37 48 43 50 49 47 43 40 44 29 25 34 28 21 22 21 6 5 
13 25 25 28 28 52 45 37 53 53 47 42 51 39 48 44 41 42 40 34 34 19 18 9 0 
9 30 33 31 38 52 65 53 53 34 43 41 45 44 37 47 50 46 42 38 32 21 26 15 6 
12 31 31 30 33 49 53 49 55 47 54 49 55 66 57 55 48 50 55 29 47 32 26 11 5 
7 28 37 42 54 52 58 47 66 70 72 67 70 54 79 59 50 65 55 50 49 34 25 7 7 
10 25 29 54 54 69 66 59 59 75 64 65 75 60 56 72 77 81 58 66 31 40 36 22 7 
6 28 40 51 64 48 56 96 66 79 66 76 82 74 75 78 78 78 69 62 55 36 27 16 6 
9 32 38 51 66 89 79 80 80 77 97 84 82 103 79 78 74 76 77 69 70 42 36 20 10 
10 30 48 55 70 84 82 79 101 89 99 89 94 104 90 86 90 94 70 65 67 44 36 23 7 
13 24 50 69 78 95 99 92 104 108 102 109 105 117 87 97 81 105 102 88 65 49 51 44 13 
17 39 52 74 86 98 87 94 99 113 108 117 115 110 118 96 101 92 96 85 63 55 52 19 8 
9 28 62 79 92 99 111 103 104 120 127 114 122 119 131 113 100 118 114 84 89 49 57 19 14 
15 39 53 85 75 106 94 116 134 128 136 123 149 152 144 134 136 122 109 88 80 87 48 37 10 
39 38 31 18 21 11 22 17 14 18 12 17 19 18 12 16 18 11 10 14 13 10 10 6 1 
28 53 46 43 50 32 41 37 30 34 32 32 45 42 38 38 42 28 25 31 22 17 17 20 2 
10 40 54 54 36 53 53 42 52 46 49 35 35 31 48 38 39 39 33 38 28 30 20 10 6 
20 30 56 46 50 44 58 42 47 51 56 49 56 42 52 39 41 39 40 35 44 34 27 19 4 
13 28 28 37 60 56 59 41 57 54 94 60 46 51 46 52 48 49 34 44 35 38 20 10 5 
17 40 43 51 51 43 63 52 59 67 77 57 68 64 60 70 67 49 46 51 41 22 30 17 5 
18 34 39 59 69 54 63 61 64 81 83 72 84 78 72 67 51 74 48 42 46 35 37 22 4 
12 41 51 58 64 61 76 66 88 78 84 83 92 76 90 75 63 69 63 56 56 43 34 20 14 
13 40 67 60 55 59 96 91 93 103 97 114 78 89 92 85 79 83 81 76 61 40 40 24 5 
14 30 43 67 66 92 67 93 95 91 119 112 88 93 95 87 87 78 99 78 56 48 47 24 2 
12 40 44 61 70 96 79 117 101 105 100 106 98 95 115 118 95 87 82 77 56 51 44 37 14 
14 42 58 76 81 80 106 102 96 107 110 137 103 136 108 114 128 97 92 86 70 64 49 24 7 
21 42 54 84 105 104 95 129 129 124 121 128 118 128 118 123 134 111 102 79 78 61 44 25 14 
11 48 64 77 124 123 114 133 120 145 126 135 149 131 164 131 132 120 118 91 87 86 52 26 7 
9 50 65 95 90 101 145 131 132 142 174 151 173 196 161 151 167 138 121 98 95 78 77 38 16 
22 52 71 85 115 118 140 145 181 187 181 165 179 198 167 169 160 162 153 130 104 66 70 38 15 
57 30 22 22 18 14 20 19 13 8 28 24 11 9 16 12 18 13 10 14 8 15 5 2 1 
37 57 56 59 47 44 52 48 36 44 35 35 36 36 44 47 42 33 20 20 22 29 17 10 4 
22 55 48 52 48 58 37 47 44 54 51 47 39 40 58 47 33 39 32 35 27 23 23 8 2 
12 31 42 34 49 47 49 50 53 62 55 52 62 65 45 47 48 44 37 45 29 31 20 16 5 
15 26 44 38 51 70 63 54 54 58 50 55 59 65 87 56 52 45 52 48 34 36 19 8 0 
6 44 42 38 63 61 72 78 67 68 53 73 65 72 66 73 64 49 50 52 45 50 31 19 3 
8 38 38 47 55 68 75 87 71 74 72 87 90 93 69 71 79 66 85 68 49 48 23 17 9 
10 33 42 58 63 69 79 78 100 100 99 92 81 89 88 80 99 95 78 69 63 58 43 24 12 
12 38 57 68 69 76 89 84 107 93 99 101 105 78 85 100 92 67 82 70 70 45 40 21 6 
2 27 49 69 75 80 110 109 81 108 105 116 122 100 91 115 91 89 71 74 68 57 49 34 19 
14 41 63 83 113 108 112 100 114 118 129 133 119 137 97 125 133 126 104 98 78 53 46 32 13 
14 34 84 72 107 107 111 118 127 115 147 152 143 128 144 118 123 93 95 79 91 81 54 30 7 
21 46 74 94 110 95 123 134 132 158 163 148 158 132 135 110 120 110 112 104 86 80 53 32 12 
10 38 72 90 84 131 160 137 149 147 165 165 152 174 166 171 160 154 131 115 116 85 58 29 17 
27 66 69 103 121 141 131 135 146 173 177 163 188 181 176 167 154 163 153 119 105 86 58 46 13 
22 52 76 104 108 124 144 160 186 194 184 159 210 186 206 210 174 177 144 134 106 106 58 42 13 
51 36 28 27 23 17 23 11 11 24 17 27 24 21 28 18 12 13 15 10 18 2 13 3 0 
39 62 73 60 50 45 61 48 54 52 56 48 51 47 40 44 32 38 39 40 28 28 26 10 2 
19 42 54 50 46 56 61 65 45 53 50 57 60 53 45 43 57 46 46 37 37 37 27 11 5 
16 45 60 40 48 66 64 71 72 55 55 77 81 72 59 56 55 56 40 55 39 46 29 24 5 
16 47 48 58 55 61 66 74 74 79 68 70 84 83 80 78 58 58 56 49 34 38 34 17 6 
6 35 50 68 59 67 73 91 90 93 88 98 81 73 78 78 70 81 79 56 44 47 49 20 7 
11 55 57 64 77 81 79 96 89 100 87 87 91 83 97 92 75 82 89 63 57 66 32 23 4 
12 38 60 85 67 83 94 100 104 101 121 96 104 93 88 102 101 81 90 69 72 58 33 16 9 
17 47 70 73 82 85 107 114 94 112 101 101 121 117 121 116 117 119 87 79 83 73 44 30 15 
15 49 68 67 111 111 103 108 110 132 133 149 150 106 133 125 128 126 112 107 75 62 37 35 11 
17 52 81 59 119 109 134 132 123 156 143 137 147 153 117 121 126 138 106 93 100 78 67 40 11 
13 42 99 91 104 137 125 154 147 169 161 184 137 144 181 139 145 135 125 120 104 95 70 48 15 
13 40 90 93 117 134 148 129 141 158 176 151 181 179 186 192 186 142 127 140 133 103 69 27 13 
26 47 88 107 156 155 146 173 195 196 191 187 174 200 224 181 195 179 162 113 108 106 84 34 20 
18 55 93 116 126 160 165 201 201 198 204 215 212 201 202 218 192 197 179 168 120 98 85 56 21 
23 60 115 127 155 167 208 198 242 215 218 255 245 246 206 213 209 185 177 170 121 102 76 62 18 
57 42 53 37 28 33 20 27 42 23 18 25 25 29 33 20 24 24 27 13 14 14 13 10 3 
34 91 76 66 53 53 44 45 53 47 58 68 58 46 62 56 51 47 44 54 35 27 22 18 4 
21 55 61 62 54 67 70 71 69 71 55 64 67 64 53 59 63 55 44 45 45 35 20 10 3 
19 44 56 60 64 100 68 88 68 64 64 81 80 70 68 65 78 48 64 42 48 34 26 22 6 
16 50 65 65 78 85 70 94 83 81 109 79 73 74 86 89 64 78 66 65 58 40 32 32 6 
23 45 67 74 74 87 82 89 88 107 108 99 103 111 100 100 105 97 68 59 65 52 39 23 12 
19 46 60 84 91 99 92 100 115 104 105 106 116 113 119 110 99 103 91 93 72 57 39 23 12 
14 35 57 70 90 97 117 119 123 108 123 120 120 120 136 133 116 112 96 84 74 67 47 29 9 
19 41 81 79 112 116 144 139 133 144 140 129 157 145 132 119 122 131 103 100 87 76 57 34 13 
21 47 65 97 113 129 133 151 152 171 163 163 135 166 130 150 128 122 116 107 86 94 66 44 15 
23 57 91 98 125 155 144 149 147 156 152 162 152 174 179 187 146 155 144 132 116 87 62 42 14 
18 51 78 113 114 168 146 162 169 180 165 204 178 195 210 211 169 155 175 145 118 86 71 24 17 
23 52 105 127 125 152 160 196 210 197 224 237 211 217 189 203 175 196 184 166 134 103 80 48 12 
24 64 106 123 150 156 174 239 214 248 230 234 242 221 224 230 213 206 169 164 130 109 75 61 29 
27 70 119 123 183 185 204 218 214 229 256 243 248 258 269 246 224 190 183 195 136 114 80 57 15 
27 66 104 164 188 232 212 257 253 255 285 294 314 268 293 277 270 223 206 188 152 126 75 61 21 
61 60 43 28 35 35 27 22 18 27 32 22 32 24 24 27 28 22 20 11 22 13 13 9 1 
39 66 76 67 86 63 60 70 67 71 75 63 76 71 66 70 60 58 42 51 43 30 20 19 3 
14 54 67 68 67 88 74 65 86 81 73 78 79 69 84 60 66 60 70 55 37 38 24 15 9 
21 58 61 70 86 70 90 104 83 95 102 90 98 94 85 74 79 73 72 49 56 40 25 17 4 
26 43 59 70 90 107 88 100 104 93 88 116 99 85 101 103 96 81 78 77 56 46 48 27 6 
24 48 60 76 106 95 124 118 115 132 110 112 118 104 116 136 101 95 109 85 63 63 45 25 4 
19 41 79 97 94 102 122 101 122 139 130 136 114 135 143 130 124 111 123 86 83 59 54 29 6 
19 47 72 82 107 130 128 124 147 131 140 136 157 118 132 138 133 136 120 116 85 72 56 29 11 
15 43 63 98 118 148 179 165 159 156 157 175 188 153 169 152 143 155 126 119 106 87 47 35 6 
21 68 84 119 138 143 156 156 148 193 194 184 163 156 172 176 177 159 131 152 102 87 62 33 14 
14 58 93 113 154 166 175 183 167 184 197 201 211 243 188 224 168 178 168 153 129 97 69 44 24 
18 58 86 133 151 186 174 202 202 238 251 224 249 215 217 229 178 182 189 146 155 122 78 51 12 
22 63 119 148 149 199 203 223 221 246 261 236 240 264 253 256 244 200 201 156 143 143 94 49 28 
20 58 107 159 183 205 208 269 242 281 266 260 282 267 256 256 258 232 222 148 166 127 92 72 26 
19 69 103 164 196 225 218 275 285 250 321 333 331 303 271 277 267 269 249 201 191 127 113 53 22 
39 71 138 189 204 218 262 307 273 334 345 348 366 299 315 323 292 248 245 222 204 141 99 60 29 
55 43 51 35 34 39 35 37 32 31 34 37 33 25 40 33 30 16 21 18 29 12 12 8 1 
48 85 92 62 67 72 72 63 69 77 95 82 71 65 67 63 57 57 72 58 48 35 23 16 9 
21 61 66 78 86 78 92 92 101 62 74 86 89 82 78 67 80 59 68 57 58 46 36 20 6 
14 77 67 75 100 99 92 100 99 97 93 105 91 84 106 102 89 88 90 69 63 56 52 22 11 
21 54 69 73 95 98 114 106 113 113 158 111 110 104 117 110 86 89 88 70 83 66 67 31 14 
17 45 97 103 105 97 112 115 124 124 153 139 134 143 138 135 143 98 96 85 80 84 64 25 9 
22 58 75 108 105 118 145 146 136 155 152 141 144 129 126 129 135 148 121 116 96 69 60 29 7 
19 58 84 109 133 114 150 162 161 154 200 158 165 149 181 166 154 132 133 123 109 88 68 34 7 
26 80 109 103 125 161 168 161 145 183 179 193 195 215 166 196 170 167 159 121 107 80 52 52 13 
29 90 118 118 140 166 189 191 206 204 202 189 220 222 191 225 187 204 154 143 118 118 76 48 19 
19 74 111 136 169 189 204 208 231 244 214 238 261 237 248 245 216 225 211 146 141 127 95 68 23 
17 74 106 161 175 195 218 227 235 274 284 265 284 269 254 284 225 240 184 183 148 123 80 52 16 
26 67 114 162 178 228 238 284 292 285 296 307 291 314 269 272 264 240 187 189 155 126 107 74 17 
32 71 124 164 196 258 260 289 293 300 340 368 325 312 293 321 266 261 230 231 168 141 106 72 20 
31 95 136 185 222 257 269 303 297 330 349 355 316 317 355 324 296 279 270 235 181 136 104 68 12 
40 103 161 183 224 263 317 355 345 330 345 364 354 376 365 382 358 314 287 231 207 189 128 79 28 
81 66 50 38 38 47 38 29 43 38 18 32 28 51 33 39 25 37 23 28 11 14 18 8 3 
46 75 93 120 82 90 103 58 90 76 88 84 98 77 77 68 77 67 73 60 34 41 34 16 4 
39 68 75 83 99 91 102 92 106 92 99 80 125 99 96 86 102 83 56 80 57 56 34 25 2 
27 68 86 100 97 134 109 115 101 120 139 121 119 127 112 108 111 76 92 75 84 58 37 30 12 
24 61 82 100 106 111 118 150 138 146 134 140 153 143 110 118 130 112 98 108 103 76 54 29 13 
22 64 75 108 120 112 152 155 159 161 139 165 151 164 134 137 127 116 121 122 110 82 73 25 10 
19 57 94 106 128 139 164 154 169 175 211 204 195 166 169 180 165 132 122 136 98 70 65 30 14 
21 56 103 127 121 175 156 162 198 209 160 179 193 204 185 183 156 180 153 155 124 106 76 51 11 
28 72 116 124 156 158 175 195 215 214 205 217 239 222 208 229 209 188 182 128 118 94 89 46 11 
32 74 138 176 161 167 235 233 242 263 237 207 291 250 274 213 239 193 179 177 148 121 69 46 14 
20 83 117 178 167 208 208 251 263 298 266 257 299 271 285 291 256 230 242 164 164 141 88 68 17 
23 85 118 191 214 246 253 286 265 292 286 302 291 325 277 299 268 277 220 206 160 135 111 63 18 
33 94 141 162 207 238 282 309 344 320 310 355 317 381 364 314 331 288 268 245 182 163 142 76 27 
22 90 133 186 222 248 307 352 336 395 344 365 376 353 394 341 348 331 283 246 209 163 134 73 30 
29 71 173 191 266 312 329 341 391 365 400 418 429 420 410 419 402 342 322 267 232 199 123 92 17 
32 101 173 229 258 331 376 399 429 439 467 433 471 408 451 400 400 369 334 307 275 213 150 94 30 
71 49 51 61 41 46 53 42 44 44 26 21 34 40 39 31 48 27 34 25 28 26 7 5 1 
51 99 98 101 86 71 84 88 80 84 81 83 74 92 96 86 73 88 72 54 49 51 30 13 4 
43 75 73 96 81 96 92 90 102 94 96 88 90 112 96 104 62 115 96 69 81 64 40 27 12 
23 71 93 104 120 118 122 89 114 126 141 140 132 139 133 109 104 107 100 93 89 75 54 29 6 
30 68 84 110 136 126 146 128 151 144 124 148 145 120 159 146 151 130 130 84 102 94 44 44 13 
15 63 103 116 107 145 148 182 150 180 156 191 183 172 162 148 151 156 128 122 102 104 77 43 14 
14 71 98 128 154 133 179 172 189 213 217 235 212 196 198 203 199 155 169 134 107 89 87 38 9 
28 70 130 137 160 185 172 196 228 225 214 213 228 217 233 246 177 172 177 163 146 113 70 47 18 
22 77 127 163 185 214 214 234 257 239 244 269 238 239 248 255 217 216 193 188 152 118 105 41 12 
37 78 149 154 191 222 272 263 252 261 301 307 294 262 271 265 285 269 218 206 141 145 117 63 15 
32 97 134 153 229 216 261 302 279 325 304 307 335 346 293 287 277 260 228 186 165 142 106 68 25 
24 96 141 195 241 238 285 286 316 328 351 369 361 359 337 327 330 300 245 241 221 169 121 78 24 
34 98 163 226 255 309 347 326 359 380 437 404 458 386 365 386 375 313 312 246 216 178 110 102 26 
23 115 155 206 259 308 339 355 392 440 456 427 427 441 404 389 351 369 336 300 248 217 148 81 38 
36 120 192 212 267 326 371 425 432 437 454 445 465 453 443 434 391 371 352 341 275 226 165 88 31 
39 121 184 242 316 343 425 435 446 469 507 445 480 511 454 525 466 400 405 361 277 231 171 117 36 
101 69 49 53 50 42 32 55 40 42 38 52 50 43 40 45 44 41 28 27 33 25 15 10 6 
73 123 116 109 101 110 99 92 95 96 94 98 68 95 86 87 86 86 57 57 45 55 38 21 9 
36 77 92 100 124 125 113 123 106 111 114 113 128 117 109 103 109 113 90 86 87 57 72 30 10 
26 72 105 104 125 125 118 116 129 140 159 170 145 152 135 112 120 140 114 94 79 82 53 25 9 
26 79 100 112 150 117 142 160 176 178 147 163 181 135 168 177 134 154 112 136 115 92 52 26 18 
24 76 97 107 141 151 162 190 198 190 204 235 194 198 211 181 200 161 161 149 115 89 78 45 16 
26 81 113 140 188 166 183 184 226 248 238 225 263 243 226 207 178 180 176 160 138 118 82 59 12 
33 101 118 140 189 179 240 253 254 249 251 249 243 263 253 231 279 230 228 209 178 136 95 42 20 
22 87 132 172 192 237 245 261 267 280 261 272 332 290 286 275 287 253 232 220 178 142 109 65 18 
31 75 148 199 231 246 234 284 320 368 336 341 309 338 280 313 311 249 268 225 189 161 125 70 18 
33 101 153 195 247 262 335 333 324 363 356 375 391 405 376 369 317 311 277 268 226 166 119 69 25 
31 119 197 246 312 335 368 342 368 416 433 452 434 428 418 405 357 333 309 263 255 187 161 81 24 
34 104 161 254 283 296 358 388 460 465 425 470 470 446 426 416 404 364 346 320 264 222 179 102 27 
42 124 208 273 327 341 401 427 475 490 504 506 475 490 487 445 466 396 344 352 276 217 152 109 35 
34 125 212 257 345 399 429 457 483 504 500 540 495 523 499 515 480 413 428 363 301 290 202 92 49 
39 131 219 307 346 410 459 498 559 565 562 566 640 561 581 594 509 493 470 379 347 275 206 139 40 
98 98 63 65 55 56 57 45 43 44 51 45 51 57 43 55 46 42 42 49 39 24 29 14 9 
83 137 111 126 121 120 104 109 108 132 136 101 120 110 120 98 104 102 95 65 63 57 37 25 9 
58 128 138 113 138 145 134 131 158 131 145 140 153 125 138 127 137 153 117 104 106 68 43 36 9 
33 98 129 133 150 147 178 147 161 175 181 215 172 172 171 167 151 158 138 122 106 99 75 42 16 
26 97 111 152 181 161 155 188 227 194 182 230 197 185 197 191 179 171 144 148 125 89 78 48 14 
37 89 151 153 163 191 195 218 234 259 240 252 239 215 259 219 222 196 197 147 149 107 89 57 18 
29 78 125 170 214 220 248 227 240 276 239 277 305 283 293 267 247 228 204 205 165 118 106 78 19 
40 85 162 180 229 230 255 293 305 326 291 300 280 327 269 287 273 279 215 216 194 163 121 65 20 
41 108 162 214 232 277 304 362 344 304 327 353 365 371 348 317 314 273 267 214 195 174 119 88 37 
37 113 161 211 268 304 306 305 371 420 393 395 395 427 399 399 341 337 320 279 244 183 166 82 24 
41 120 180 243 274 337 348 398 427 437 446 425 478 456 467 369 403 386 342 337 301 186 146 93 26 
47 135 207 287 291 346 362 474 461 494 486 574 545 475 472 428 443 414 383 364 262 217 181 99 31 
41 154 198 261 332 393 434 458 504 571 559 548 552 526 545 471 489 428 383 350 290 240 176 101 51 
63 155 241 310 380 465 479 489 502 563 611 584 591 604 558 537 559 504 436 405 332 270 194 124 37 
45 169 246 356 407 480 551 502 619 635 623 607 688 666 590 597 573 518 485 434 369 289 217 141 34 
52 152 250 369 461 491 536 594 629 678 696 681 754 763 684 671 633 596 496 459 397 301 221 148 41 
130 76 73 67 63 48 59 45 51 62 49 70 63 68 41 64 47 50 52 58 45 27 14 18 7 
61 124 116 123 114 140 114 103 143 137 128 104 107 142 124 100 122 113 93 87 82 74 49 28 10 
39 121 124 147 132 132 169 137 168 156 173 159 173 181 162 157 156 140 117 100 93 86 73 47 10 
42 91 104 158 180 159 178 179 183 216 212 219 186 180 184 198 184 160 146 157 114 81 76 50 14 
38 85 147 143 165 166 209 230 240 234 203 233 223 212 204 215 199 202 163 134 149 113 91 53 22 
42 86 155 171 202 240 226 230 213 275 246 254 262 242 249 214 224 218 203 163 143 122 91 48 27 
35 104 162 169 213 244 265 270 286 276 318 301 313 318 266 299 302 266 252 206 194 144 110 58 22 
41 117 147 225 241 264 293 282 321 333 361 356 363 363 345 326 275 330 240 228 177 159 107 63 25 
41 105 178 198 251 298 309 323 399 401 374 403 421 424 397 357 378 297 318 266 226 164 129 89 19 
44 144 183 230 283 360 371 385 448 475 479 481 441 458 442 404 406 374 345 351 283 198 135 97 27 
43 122 192 268 323 377 366 434 465 458 518 521 515 538 495 474 418 425 411 338 279 223 177 97 40 
39 142 224 281 323 402 470 463 519 581 559 549 539 529 537 504 514 458 393 393 314 241 189 108 31 
39 134 213 299 382 430 477 525 548 592 575 635 556 627 593 564 548 484 506 402 357 266 178 128 58 
48 157 222 387 445 506 512 578 616 608 618 712 659 677 661 618 572 584 528 460 398 308 236 155 57 
58 159 252 384 488 495 610 605 677 692 733 768 706 743 719 664 664 564 509 491 385 310 228 146 55 
67 193 296 404 509 549 635 664 751 769 738 892 761 865 741 695 664 651 581 482 424 371 259 155 51 
129 83 70 64 50 63 57 67 57 62 65 77 55 62 59 53 49 45 49 39 32 27 21 11 3 
88 147 146 128 156 138 138 149 139 155 147 143 154 129 151 149 140 104 130 110 102 74 57 40 17 
57 95 136 132 163 165 175 165 172 170 184 175 174 157 175 152 175 140 129 147 119 94 77 35 17 
43 100 144 155 180 164 190 205 201 214 204 230 214 225 221 187 212 190 167 167 174 119 96 39 21 
27 100 140 158 179 227 212 229 250 259 255 258 241 247 227 218 231 231 208 165 153 119 78 58 14 
35 92 170 212 219 217 265 287 272 287 266 276 271 296 266 297 257 248 218 228 206 140 109 63 22 
49 119 173 218 227 271 279 280 297 324 343 350 368 355 333 336 343 254 270 251 190 145 111 77 20 
41 122 210 239 257 310 315 340 365 385 390 358 386 387 370 375 318 327 296 270 253 210 143 79 29 
49 124 219 266 310 325 371 393 432 409 393 422 445 419 397 428 388 354 336 276 259 231 154 90 33 
36 131 201 322 333 377 430 427 431 497 443 460 489 466 482 400 392 409 366 347 282 244 180 90 35 
53 152 211 321 360 376 436 478 519 492 573 529 566 575 564 509 517 454 445 361 298 273 201 131 33 
59 126 235 341 403 447 470 515 574 605 600 629 611 609 621 591 522 450 451 447 349 251 207 112 34 
47 172 283 368 398 486 474 538 642 649 634 634 665 677 648 628 595 577 520 427 339 310 252 123 50 
55 185 313 368 470 519 612 675 696 679 735 755 733 701 701 694 651 585 550 489 421 342 255 139 56 
67 181 315 392 514 580 609 691 757 762 850 758 837 823 795 792 757 697 600 546 431 357 334 194 66 
65 212 333 429 544 593 704 757 755 852 865 931 882 861 891 859 786 738 692 613 500 437 284 173 58 
119 93 79 74 61 68 63 56 85 78 68 64 72 53 48 58 59 48 46 55 36 30 27 24 6 
85 160 143 143 140 161 172 152 172 199 157 185 160 143 146 141 142 154 119 111 90 75 57 45 9 
52 126 139 165 139 186 178 198 208 191 224 195 217 184 216 190 181 159 135 134 107 80 76 59 20 
58 139 165 167 180 159 192 221 225 227 252 241 220 246 202 242 206 188 192 169 158 92 84 55 19 
32 105 172 174 218 207 251 270 248 311 315 300 257 285 286 290 239 215 224 177 191 140 109 63 15 
52 92 163 207 258 262 295 307 293 313 341 311 325 338 322 310 292 264 260 223 179 182 139 73 14 
49 120 176 213 252 294 335 349 350 352 343 339 379 381 361 371 345 320 268 247 205 176 120 79 22 
56 118 172 241 283 331 371 408 399 426 422 434 475 444 436 405 383 350 345 256 267 232 152 97 29 
46 148 231 281 302 376 415 422 470 522 493 499 476 509 502 442 429 414 345 353 298 220 153 87 24 
48 158 221 298 372 415 450 490 516 504 555 577 547 579 507 545 492 504 425 410 342 232 160 93 45 
43 173 263 301 381 405 495 558 578 583 620 587 613 641 605 545 578 552 447 438 344 280 205 115 43 
54 150 296 343 422 507 551 584 636 671 651 669 696 721 720 607 637 579 487 419 384 309 244 139 52 
53 192 306 392 495 561 605 658 708 728 712 737 724 746 743 679 659 604 583 503 411 354 249 140 49 
55 159 318 438 541 616 683 683 797 813 829 889 857 888 812 743 714 640 661 510 492 348 250 174 61 
78 172 297 480 555 624 737 765 845 906 921 994 919 894 897 875 842 772 674 614 502 384 326 178 84 
70 219 394 451 563 688 784 802 905 953 962 999 1011 969 967 927 838 840 774 682 578 434 338 183 61 
151 96 72 86 80 76 70 80 94 68 64 85 81 67 75 68 63 68 65 53 51 33 18 21 8 
113 203 177 170 189 180 198 150 195 193 194 198 217 206 188 171 183 154 142 132 103 82 58 39 15 
59 145 182 150 211 201 219 238 220 241 227 226 223 229 232 246 214 203 172 172 127 120 97 35 22 
50 139 172 233 208 223 275 275 257 264 271 278 312 273 276 255 213 250 192 161 142 158 102 62 8 
36 123 167 223 246 281 299 292 330 319 338 321 308 324 330 303 313 264 245 236 176 170 130 72 17 
59 93 186 231 263 317 317 360 363 362 360 380 390 337 405 370 349 309 300 260 223 192 146 88 21 
44 123 201 262 327 319 358 410 429 405 411 437 466 414 449 394 386 343 328 278 261 219 147 89 36 
49 146 219 267 335 402 427 451 437 534 510 501 509 498 452 472 461 439 377 314 269 240 174 104 32 
46 170 255 324 371 434 478 516 521 540 584 591 590 591 532 531 533 487 440 361 336 280 177 116 37 
49 185 300 332 422 435 533 551 601 642 664 675 647 644 633 608 632 540 476 461 394 307 209 131 53 
59 185 287 360 412 550 580 579 662 689 703 701 775 706 729 711 617 698 499 476 421 328 214 156 44 
72 185 313 416 481 606 658 649 758 794 809 844 794 787 809 788 767 717 624 540 457 359 272 159 65 
61 205 369 436 547 644 775 824 852 842 868 863 934 897 920 891 761 783 670 612 505 392 273 171 68 
72 216 346 516 611 736 774 877 936 916 1013 1012 1007 960 1002 945 873 840 715 580 580 441 342 204 65 
94 235 402 533 598 759 889 927 1030 1030 1112 1105 1159 1110 1093 1027 937 922 814 727 577 452 376 225 98 
84 248 400 564 703 880 931 1031 1091 1113 1214 1251 1188 1190 1163 1055 1071 947 933 803 670 554 372 222 79 
154 109 89 76 58 76 87 80 112 82 71 71 93 84 68 90 60 55 57 54 68 38 37 23 5 
100 183 201 178 171 162 176 176 181 165 191 183 207 216 202 153 158 172 145 139 100 81 91 59 14 
64 135 169 201 203 213 215 218 221 239 237 216 239 235 220 216 224 196 182 187 145 135 86 50 29 
34 134 159 198 233 240 268 271 251 300 310 254 299 281 274 285 220 224 212 173 184 130 126 59 25 
40 125 184 208 235 258 283 289 328 320 358 330 341 376 377 338 310 282 237 238 196 162 135 72 28 
51 144 203 245 278 316 335 364 369 376 398 440 409 410 423 408 364 316 317 291 230 212 141 95 30 
64 142 202 293 299 361 407 465 464 481 462 489 479 470 439 439 401 368 326 313 256 191 160 118 31 
58 163 255 275 353 393 473 486 536 522 540 529 522 544 581 492 483 438 422 369 330 259 168 121 36 
55 180 257 334 373 451 513 525 548 573 607 594 616 624 635 594 497 502 456 453 346 275 209 124 50 
58 187 273 368 431 479 525 636 672 686 692 672 719 700 650 588 583 555 474 462 356 299 239 128 46 
76 194 303 400 440 549 622 705 698 747 724 777 838 745 741 735 667 585 590 514 427 373 269 160 48 
77 210 306 479 548 584 642 716 813 852 843 841 871 906 834 785 726 671 663 588 490 399 246 170 52 
78 215 352 539 549 681 704 812 840 912 884 923 923 899 865 923 846 823 693 585 536 439 321 173 61 
83 252 379 501 575 702 785 880 980 991 1049 1056 1127 992 974 1011 907 885 803 691 582 446 343 200 61 
75 263 418 571 698 760 862 990 962 1046 1147 1085 1185 1141 1169 1085 1035 949 868 702 594 494 364 234 77 
92 268 454 587 729 916 993 1076 1117 1188 1225 1327 1206 1174 1268 1219 1128 1045 923 800 644 538 381 255 80 
152 127 87 78 83 75 111 101 104 90 105 102 109 102 75 77 73 63 75 73 57 41 32 21 10 
121 189 198 206 209 190 204 225 216 231 249 222 240 234 267 219 214 176 181 160 145 131 83 63 11 
61 155 178 204 249 248 260 275 297 241 277 258 281 256 246 267 248 238 203 188 147 128 96 81 19 
48 160 217 228 266 266 302 312 307 357 350 341 325 384 318 279 298 274 264 259 185 171 127 70 16 
59 167 234 234 293 357 356 332 368 405 429 388 408 398 399 386 346 341 310 249 226 188 132 86 31 
61 157 263 289 299 392 377 472 439 448 477 470 489 459 466 446 382 371 344 305 261 214 154 77 28 
59 172 247 296 353 408 435 466 509 540 498 545 581 560 514 503 488 432 440 387 332 266 188 115 47 
69 173 271 365 410 441 528 559 627 612 595 714 652 647 642 575 590 494 500 425 319 286 192 116 46 
58 193 322 375 480 493 569 612 680 709 782 747 794 768 697 666 637 579 570 502 427 358 222 146 52 
72 175 304 413 485 525 649 751 813 861 736 785 785 810 777 756 716 614 637 558 485 398 272 161 48 
72 212 343 465 645 665 708 749 829 824 969 1019 869 888 885 867 802 721 620 556 530 426 289 164 68 
91 227 370 486 615 675 779 905 903 958 1001 1012 1013 1004 990 900 898 822 700 689 616 419 331 191 71 
83 232 391 597 707 806 881 945 1037 996 1117 1042 1125 1128 1096 1067 948 928 897 779 584 489 369 221 81 
100 283 496 650 732 819 971 1092 1135 1222 1248 1236 1277 1233 1120 1112 1105 1009 948 828 661 590 374 229 88 
97 276 500 659 761 882 1026 1126 1202 1282 1332 1381 1426 1319 1329 1338 1279 1161 1083 887 723 575 433 260 107 
112 308 509 760 876 994 1112 1213 1271 1454 1558 1522 1539 1449 1485 1380 1292 1165 1098 932 766 589 453 304 109 
138 115 103 95 105 92 88 95 109 87 109 98 83 108 112 81 73 69 66 48 44 48 41 28 12 
119 210 207 195 230 159 207 224 217 236 195 205 237 236 226 249 179 173 173 150 127 96 80 49 20 
70 160 187 212 219 257 233 242 253 280 300 296 265 261 282 253 226 228 198 160 141 144 108 59 21 
62 159 225 224 243 295 325 287 339 354 383 339 331 318 355 305 319 289 273 243 196 160 118 76 31 
38 139 219 239 265 341 357 374 384 404 359 354 417 395 398 389 379 337 304 246 218 189 139 81 28 
75 154 209 287 300 363 403 404 436 422 445 493 460 498 463 418 369 390 379 290 284 219 159 85 24 
59 150 211 294 384 420 462 490 492 517 600 566 587 581 584 498 442 452 417 398 348 250 187 105 42 
57 187 258 364 428 481 539 567 608 668 618 639 645 686 648 608 580 545 464 429 359 292 196 129 43 
75 193 288 362 443 485 547 679 685 705 728 718 721 707 736 703 682 596 553 506 417 327 237 135 68 
62 209 319 413 529 564 630 735 804 772 793 814 841 777 797 752 711 630 648 544 451 365 273 158 48 
58 206 350 489 559 655 768 810 830 850 914 1005 918 926 905 841 852 806 657 619 498 407 322 174 57 
81 233 386 542 608 750 840 874 947 973 1039 1049 984 1012 981 958 946 868 826 708 572 451 318 206 77 
81 252 435 589 719 741 879 921 1034 1099 1079 1126 1206 1149 1074 1071 983 911 861 719 649 511 368 248 73 
117 273 437 605 749 879 1028 1054 1105 1170 1305 1328 1230 1251 1313 1177 1174 1054 1013 871 679 543 426 254 99 
83 300 486 635 795 1041 1080 1200 1265 1324 1326 1399 1331 1376 1372 1264 1168 1167 1056 876 730 614 458 248 91 
101 317 544 722 937 1023 1159 1226 1451 1433 1401 1448 1534 1541 1481 1383 1308 1258 1112 979 855 635 504 289 102 
190 127 105 80 119 97 107 138 116 114 111 108 106 105 104 113 89 99 88 64 75 66 37 36 6 
141 244 217 240 240 234 267 270 259 266 313 258 292 315 300 268 240 239 203 222 146 132 103 71 29 
87 202 258 245 252 305 306 309 357 332 388 360 370 298 338 307 308 286 241 264 203 164 128 73 28 
61 200 231 312 298 328 421 375 394 422 433 393 413 393 368 360 325 353 311 283 220 201 141 97 24 
70 183 265 305 348 431 406 452 452 489 488 503 486 490 507 493 486 433 441 371 317 254 176 86 27 
77 204 270 365 418 445 490 516 531 572 705 578 566 645 549 540 473 487 432 417 349 287 195 106 35 
85 201 287 394 463 477 522 636 635 630 702 676 701 663 691 690 591 593 532 449 393 323 261 131 44 
83 216 362 444 482 609 642 703 750 742 821 796 757 756 743 776 698 663 603 554 461 386 233 174 55 
71 232 356 500 637 633 738 811 785 818 924 939 955 885 892 830 774 761 704 593 539 402 309 180 58 
59 242 418 572 636 724 809 879 930 1029 1071 1059 1058 960 967 965 916 863 797 701 585 479 360 188 65 
81 268 451 592 677 810 926 966 1072 1113 1180 1199 1203 1132 1097 1046 1086 902 924 758 655 551 361 217 87 
93 324 487 681 773 936 999 1053 1103 1250 1351 1421 1386 1254 1238 1221 1137 1071 1027 896 693 568 423 273 97 
117 302 546 698 894 1009 1138 1186 1273 1383 1459 1524 1454 1398 1387 1325 1227 1189 1043 923 804 623 422 286 89 
112 349 556 774 958 1089 1259 1352 1432 1475 1625 1545 1613 1534 1572 1508 1366 1206 1225 1016 903 699 457 345 120 
122 376 678 798 1059 1249 1327 1411 1571 1603 1686 1736 1750 1705 1693 1585 1527 1349 1265 1164 1016 756 529 366 105 
149 355 650 907 1147 1311 1426 1668 1705 1777 1910 1852 1933 1981 1801 1852 1701 1471 1405 1231 1098 800 612 363 120 
184 153 144 118 125 101 153 116 105 134 125 126 117 111 113 109 118 114 112 95 82 64 59 28 10 
141 270 242 254 273 285 293 293 307 311 320 312 307 310 299 306 272 232 214 197 200 144 104 66 24 
99 196 222 295 314 327 305 354 375 406 403 367 386 401 397 350 349 318 298 289 232 187 121 81 29 
80 176 269 328 337 352 407 409 458 458 456 478 453 447 495 419 428 432 366 309 255 211 164 101 24 
88 207 250 341 400 445 495 532 541 515 528 566 547 581 551 475 481 452 420 357 315 253 179 112 30 
83 203 324 372 437 485 600 562 599 658 629 632 699 729 655 572 581 540 484 446 388 306 226 124 49 
78 206 342 451 505 568 600 705 771 729 736 794 740 791 771 691 643 621 584 488 420 350 230 132 60 
87 217 380 494 609 632 675 801 870 858 865 905 920 939 881 800 746 739 664 564 518 421 280 194 48 
81 232 399 503 644 711 755 910 946 995 1001 1021 994 1037 1025 972 917 797 698 641 572 423 339 183 62 
82 273 440 593 693 777 871 1008 1130 1082 1132 1141 1132 1123 1108 1035 1043 987 844 709 604 487 356 226 80 
102 314 496 606 769 872 953 1134 1206 1185 1276 1268 1264 1247 1267 1222 1121 1032 948 818 740 547 416 223 100 
118 270 519 734 824 1022 1128 1255 1269 1310 1431 1441 1466 1411 1342 1231 1216 1227 1035 899 810 641 455 271 96 
126 350 586 759 899 1079 1261 1362 1410 1491 1574 1585 1612 1552 1591 1448 1410 1373 1174 1061 867 688 490 308 98 
120 381 602 835 1027 1237 1361 1424 1540 1628 1766 1775 1823 1758 1776 1630 1509 1441 1295 1184 945 716 567 357 114 
151 384 653 885 1106 1316 1436 1553 1814 1889 1946 1863 1994 1871 1861 1700 1675 1588 1413 1195 1035 856 604 362 128 
155 406 746 984 1168 1457 1657 1716 1966 1947 2108 2092 2243 2095 2112 1918 1858 1726 1578 1386 1173 888 664 375 128 
227 161 166 121 127 136 125 135 130 127 160 131 142 145 126 165 113 92 89 101 80 82 52 28 11 
149 287 269 262 290 308 318 328 331 311 347 335 350 341 335 311 290 286 267 236 198 182 132 87 28 
91 238 253 289 338 346 359 390 382 384 413 417 433 408 405 416 350 358 289 263 263 195 152 90 20 
93 233 280 347 377 419 446 467 487 483 466 501 491 484 468 493 451 404 362 304 281 240 162 109 27 
91 217 315 351 428 470 509 516 566 584 565 573 618 643 604 571 533 496 459 412 297 243 211 107 43 
69 275 334 433 489 554 604 602 712 676 757 806 755 699 700 681 638 616 523 423 446 331 225 148 62 
91 271 401 451 539 622 720 752 779 891 931 875 825 933 816 761 739 704 609 561 472 374 265 145 54 
76 257 391 457 585 733 758 827 903 949 1003 977 1010 1026 928 902 845 830 806 641 541 424 314 229 72 
85 269 394 567 685 797 925 1015 1119 1087 1047 1072 1094 1116 1127 1060 977 941 804 734 658 534 333 252 56 
89 301 420 588 745 904 949 1056 1141 1196 1186 1238 1258 1295 1173 1127 1090 1041 953 865 737 526 406 247 94 
118 313 541 712 880 1045 1083 1234 1337 1356 1364 1430 1406 1411 1304 1267 1247 1106 1087 828 826 623 485 242 71 
117 336 560 755 1042 1086 1277 1285 1421 1538 1522 1658 1549 1599 1461 1431 1428 1346 1146 1023 860 657 465 327 105 
137 413 615 885 1028 1254 1346 1437 1515 1714 1742 1806 1712 1767 1636 1632 1555 1473 1322 1086 970 748 610 333 111 
130 426 681 957 1180 1278 1494 1594 1696 1797 1821 1868 1855 1924 1790 1690 1660 1590 1442 1280 1097 823 616 379 100 
165 461 727 1042 1197 1488 1638 1736 1853 2059 2022 2167 2176 2101 2107 2002 1853 1781 1543 1398 1125 877 677 403 127 
132 477 788 1091 1330 1642 1799 1897 2043 2189 2321 2445 2337 2318 2234 2210 2040 1938 1757 1510 1294 982 774 463 147 
243 183 153 161 124 150 155 133 188 139 184 137 141 137 148 135 125 133 132 104 83 91 54 41 23 
191 324 328 325 366 372 328 380 354 345 428 412 386 359 367 331 347 325 264 244 235 158 141 91 25 
103 223 287 348 359 396 374 460 477 468 461 460 435 419 442 426 376 401 346 331 274 189 143 90 32 
82 250 312 380 409 471 497 502 527 530 529 558 495 544 536 539 478 469 429 367 321 271 193 135 39 
95 244 315 439 475 500 527 577 581 657 645 678 678 677 671 627 561 558 498 503 373 270 232 143 47 
107 239 353 453 536 584 660 700 720 809 751 833 773 792 785 726 685 662 605 536 490 381 254 193 44 
97 276 413 511 630 654 812 808 815 873 891 992 947 865 872 873 793 770 724 577 516 407 315 202 75 
93 241 443 562 689 748 838 965 979 1099 1066 1072 1145 1094 1020 959 901 862 794 681 606 517 338 230 68 
116 320 445 658 774 859 984 1034 1120 1205 1186 1163 1247 1171 1148 1093 1088 971 953 790 708 587 390 233 70 
123 324 528 727 877 926 1081 1176 1237 1335 1337 1348 1328 1339 1325 1288 1216 1101 1012 916 797 626 367 266 83 
117 390 618 731 968 1131 1134 1262 1421 1444 1526 1521 1580 1593 1568 1491 1351 1262 1209 967 841 706 531 281 98 
155 398 648 839 1020 1187 1336 1478 1607 1588 1760 1806 1790 1826 1719 1640 1474 1456 1339 1117 1008 796 563 344 121 
148 413 727 930 1192 1350 1483 1624 1781 1948 1927 1908 1903 1901 1881 1789 1722 1558 1356 1212 1039 759 624 335 125 
154 438 751 1083 1257 1380 1614 1810 1917 2020 2069 2108 2135 2144 2051 2049 1809 1692 1544 1383 1146 941 679 371 150 
149 445 872 1051 1365 1653 1770 1952 2110 2230 2355 2417 2406 2330 2223 2232 2040 1988 1753 1475 1196 982 719 431 168 
171 606 835 1213 1500 1751 1973 2192 2291 2463 2512 2495 2503 2541 2621 2425 2376 2144 1932 1660 1441 1124 828 536 189 
242 206 168 145 149 142 145 173 193 160 197 200 164 141 157 170 162 154 139 119 103 63 67 55 12 
202 333 336 317 311 341 362 411 406 422 413 393 389 421 386 388 382 353 307 266 284 197 176 81 32 
100 282 313 375 385 419 453 481 466 552 536 567 482 513 512 452 473 408 389 351 311 246 152 116 27 
97 285 370 399 484 468 544 575 614 648 614 606 611 642 592 626 599 515 447 368 339 295 208 128 48 
92 252 375 466 550 569 619 635 687 676 707 742 755 778 793 666 653 650 556 497 443 358 254 141 44 
113 266 427 513 607 710 739 808 806 884 819 887 872 932 881 846 799 754 705 581 489 402 312 172 64 
100 307 479 555 648 779 895 947 993 934 1121 1028 1052 1023 1056 978 913 863 769 679 640 477 367 208 61 
98 287 492 583 748 890 929 1081 1136 1104 1184 1179 1221 1184 1159 1125 1048 1006 899 789 613 536 385 227 64 
124 335 496 705 862 978 1108 1240 1276 1309 1339 1348 1420 1454 1358 1236 1145 1108 993 837 730 554 458 255 97 
117 361 592 800 988 1110 1275 1323 1471 1510 1512 1551 1586 1626 1420 1425 1272 1308 1118 953 893 710 451 355 104 
137 420 659 901 1038 1224 1308 1472 1676 1754 1659 1695 1812 1732 1764 1547 1525 1394 1325 1196 934 755 546 309 121 
134 436 721 968 1128 1407 1469 1629 1754 1878 1902 1956 1985 1953 1870 1879 1733 1551 1439 1221 1056 788 586 339 130 
122 492 745 968 1269 1463 1557 1815 1975 2147 2150 2178 2166 2133 2121 2052 1804 1733 1608 1341 1148 877 684 401 131 
180 502 801 1102 1368 1641 1804 2042 2114 2207 2425 2356 2493 2414 2285 2241 2144 1999 1729 1623 1276 1015 741 464 165 
191 552 936 1277 1533 1796 2007 2208 2382 2564 2636 2585 2586 2688 2462 2471 2350 2133 1988 1678 1371 1143 861 538 148 
203 560 947 1299 1648 1916 2104 2465 2548 2799 2780 3023 2887 2820 2697 2618 2554 2348 2115 1814 1575 1204 909 507 207 
246 231 169 165 182 146 166 198 221 169 229 189 193 191 163 199 206 152 146 145 110 76 75 41 10 
196 359 389 341 382 394 386 441 425 424 478 527 446 426 405 430 401 354 373 337 254 238 156 110 31 
121 267 370 426 458 493 462 599 537 509 562 619 539 599 581 510 515 443 379 384 336 262 193 142 40 
91 258 329 435 536 588 557 644 702 693 725 727 725 741 718 668 586 566 484 469 412 293 234 142 46 
125 254 407 518 633 616 685 772 844 827 815 835 807 853 837 799 743 713 621 544 455 370 265 183 67 
110 285 448 601 628 716 901 916 914 1007 1027 1065 989 1001 980 919 831 838 729 642 576 466 342 183 71 
117 310 518 618 758 839 969 1047 1028 1185 1160 1186 1202 1137 1096 1075 1028 952 849 734 631 547 417 234 70 
141 327 526 691 810 966 1063 1176 1254 1309 1319 1351 1320 1309 1295 1170 1192 1014 986 884 707 546 428 225 104 
121 365 584 780 970 1084 1230 1316 1362 1442 1526 1549 1611 1545 1465 1423 1363 1235 1071 987 810 633 465 289 114 
140 416 664 834 1016 1245 1341 1449 1543 1778 1760 1795 1768 1708 1697 1620 1547 1440 1251 1075 931 758 541 346 133 
151 441 757 934 1165 1290 1501 1623 1831 1848 1948 1972 1938 1955 1861 1845 1759 1634 1370 1253 1072 864 676 399 136 
157 541 769 1043 1298 1446 1738 1908 1959 2066 2129 2076 2224 2097 2154 1991 1921 1794 1529 1383 1170 971 725 438 127 
194 471 783 1134 1378 1625 1882 1993 2124 2245 2386 2432 2332 2398 2359 2239 2143 1912 1783 1530 1265 1020 704 487 153 
192 564 913 1218 1481 1860 2118 2283 2472 2567 2562 2790 2696 2711 2632 2611 2359 2152 1943 1652 1448 1085 799 529 173 
228 601 980 1318 1648 1924 2279 2417 2690 2733 2917 2791 2985 2995 2798 2805 2543 2376 2209 1763 1577 1270 894 582 172 
257 740 1142 1511 1810 2137 2450 2818 2986 3140 3237 3287 3237 3198 3086 2887 2872 2549 2276 2131 1645 1298 979 557 198 
309 233 187 177 177 181 171 202 233 203 183 207 208 213 218 204 173 193 165 135 121 82 71 46 15 
256 380 392 351 437 427 451 421 474 457 506 476 535 510 482 443 431 422 389 349 313 241 162 114 37 
159 313 372 446 504 512 570 553 615 553 613 612 658 638 611 567 545 530 487 431 364 324 218 139 37 
133 285 408 487 557 608 708 699 691 757 806 805 791 815 779 703 716 629 551 501 416 355 262 151 48 
101 332 465 603 625 689 745 847 876 950 945 920 932 905 877 863 817 713 715 578 547 447 328 228 48 
118 285 488 656 753 792 950 1012 1055 1070 1209 1133 1055 1089 1064 1054 968 931 795 732 639 488 351 225 68 
124 357 570 708 869 956 1013 1096 1149 1260 1233 1345 1359 1258 1261 1190 1135 1019 948 797 717 539 449 248 90 
130 368 569 785 876 1107 1217 1299 1348 1512 1532 1535 1530 1432 1479 1359 1311 1151 1170 990 887 689 484 285 111 
129 428 665 829 1030 1205 1367 1464 1515 1665 1699 1724 1655 1722 1721 1513 1515 1380 1229 1119 983 770 562 319 97 
154 492 747 987 1151 1368 1502 1658 1814 1790 1908 1953 1932 1956 1895 1741 1655 1581 1435 1195 1047 867 600 342 111 
158 493 764 1048 1313 1423 1719 1799 1924 2062 2162 2230 2132 2099 2017 2012 1892 1766 1603 1365 1199 988 702 412 129 
189 558 891 1221 1483 1661 1879 2050 2252 2284 2350 2538 2460 2386 2371 2194 2104 2053 1822 1584 1333 1074 795 457 190 
218 546 941 1355 1569 1824 2016 2237 2378 2615 2520 2665 2747 2686 2628 2412 2317 2221 1990 1777 1504 1127 853 538 179 
192 642 1091 1392 1639 2093 2252 2487 2684 2762 2938 3045 2940 2954 2902 2722 2603 2445 2119 1956 1617 1287 900 574 216 
205 648 1162 1537 1845 2287 2531 2551 3000 3115 3286 3232 3320 3254 3121 3050 2943 2764 2408 2071 1761 1398 1035 627 187 
251 709 1275 1664 2072 2411 2697 2987 3235 3422 3460 3561 3541 3611 3435 3457 3114 2836 2685 2315 1900 1542 1030 697 241 
323 294 195 203 248 210 182 206 266 223 240 227 232 224 226 222 228 208 182 142 130 102 85 36 9 
248 408 405 423 490 442 511 477 566 568 525 585 579 553 529 540 492 470 455 382 296 258 171 109 35 
152 313 410 477 547 557 614 642 668 687 678 730 729 665 651 624 598 603 493 448 342 289 206 151 39 
114 350 431 519 633 685 749 808 816 870 902 861 903 832 845 826 787 641 601 539 494 384 261 143 52 
116 297 490 648 740 812 801 932 993 959 967 1024 1017 1053 1052 932 923 886 743 637 547 483 318 218 79 
112 368 495 726 804 918 1029 1062 1106 1187 1339 1263 1278 1216 1169 1130 1071 1006 920 776 655 535 397 259 79 
117 351 551 747 898 1104 1180 1288 1378 1429 1521 1464 1487 1324 1341 1313 1284 1230 1074 906 778 652 458 318 86 
137 367 604 824 1034 1223 1252 1432 1546 1626 1647 1701 1683 1525 1647 1473 1388 1301 1184 1081 880 771 498 314 114 
139 411 694 898 1162 1340 1508 1575 1567 1814 1869 1915 1886 1884 1801 1705 1630 1519 1384 1187 1049 791 576 366 140 
183 475 841 1046 1301 1512 1673 1829 1908 1996 2146 2155 2149 2135 2075 2003 1923 1728 1537 1396 1203 856 670 405 124 
194 554 849 1122 1420 1716 1797 1979 2247 2303 2341 2398 2404 2357 2394 2256 2085 1931 1758 1589 1388 993 754 464 162 
217 570 954 1262 1559 1788 2074 2290 2384 2602 2656 2698 2659 2648 2543 2478 2306 2149 1950 1705 1444 1156 800 531 171 
225 626 1063 1426 1731 1997 2326 2594 2694 2775 2904 3145 2991 3013 2906 2776 2554 2416 2224 1930 1622 1270 887 562 203 
277 651 1046 1544 1959 2247 2506 2737 2953 3097 3250 3488 3230 3276 3148 2959 2894 2683 2395 2035 1783 1379 1009 605 212 
217 769 1191 1755 2117 2415 2715 3059 3297 3514 3463 3720 3519 3607 3520 3338 3195 3035 2589 2343 1870 1524 1102 702 233 
272 846 1263 1840 2229 2606 2921 3227 3559 3749 3740 3939 3921 3958 3824 3790 3504 3076 2842 2447 2126 1680 1265 730 222 
318 269 227 185 221 226 207 226 307 251 251 277 275 226 234 223 224 201 174 169 154 119 95 65 23 
243 440 438 459 509 468 566 572 606 619 614 616 618 610 562 572 538 508 472 412 329 262 189 120 31 
142 334 450 503 569 619 707 675 715 707 729 765 798 762 755 722 690 580 553 477 377 325 258 172 49 
143 338 479 582 701 716 801 897 884 878 894 924 941 915 885 920 814 715 712 591 519 413 305 203 58 
125 347 533 621 775 860 923 985 1042 1063 1072 1195 1145 1126 1032 1027 914 898 842 754 633 529 387 214 84 
145 387 566 743 891 1040 1089 1146 1293 1388 1287 1411 1348 1320 1305 1274 1191 1038 1009 868 714 599 438 250 84 
137 374 627 846 940 1186 1215 1334 1450 1541 1459 1519 1575 1572 1500 1431 1350 1236 1164 939 812 672 471 284 105 
156 460 675 896 1108 1227 1501 1543 1666 1655 1734 1779 1777 1802 1745 1595 1557 1458 1234 1093 957 784 512 357 129 
183 485 749 1016 1280 1390 1653 1797 1885 1972 2096 2123 2089 2068 1998 1922 1751 1624 1522 1327 1067 903 676 363 135 
207 540 859 1186 1439 1663 1746 1968 2115 2240 2315 2344 2337 2344 2281 2292 2030 1903 1754 1550 1276 1013 728 443 142 
186 579 914 1248 1529 1796 2055 2192 2409 2611 2511 2617 2693 2597 2507 2337 2379 2179 1818 1617 1439 1085 840 537 145 
214 586 1011 1344 1611 1946 2224 2559 2641 2860 2940 2887 2985 2873 2767 2762 2685 2381 2147 1864 1592 1228 904 581 216 
245 681 1042 1482 1912 2167 2469 2780 2859 3032 3247 3255 3329 3330 3153 3079 2925 2629 2429 1938 1746 1438 1014 614 197 
253 731 1298 1658 2120 2528 2835 2961 3196 3461 3573 3595 3575 3668 3585 3297 3265 2983 2684 2303 1943 1516 1121 700 239 
255 792 1306 1771 2198 2614 3126 3413 3523 3835 3808 3871 3936 3856 3845 3717 3540 3235 2895 2635 2077 1673 1251 724 241 
280 940 1426 2003 2486 2906 3328 3642 3991 4143 4106 4196 4290 4448 4251 4089 3804 3515 3128 2793 2338 1831 1374 789 253 
317 305 222 231 207 227 230 271 274 253 262 243 254 225 271 250 221 213 211 158 160 134 92 64 21 
232 433 471 477 513 508 570 611 608 611 617 591 587 570 605 603 599 496 463 407 320 278 196 138 42 
149 385 558 545 604 650 685 665 708 757 768 789 805 747 761 718 689 604 607 578 447 323 266 164 47 
147 360 482 628 712 750 775 842 877 956 970 958 972 967 977 940 854 759 709 636 552 468 336 198 64 
149 320 501 738 763 925 900 1031 1094 1140 1181 1186 1215 1169 1165 1077 1006 1010 883 753 658 493 384 229 75 
151 422 592 774 923 1029 1154 1224 1315 1361 1406 1409 1413 1330 1416 1310 1254 1151 1088 912 776 618 397 295 81 
156 418 609 910 975 1205 1334 1419 1523 1574 1568 1601 1675 1593 1623 1551 1449 1415 1190 1079 900 732 497 289 94 
157 466 689 954 1208 1337 1499 1638 1744 1813 1858 1863 1881 1906 1768 1727 1655 1564 1372 1241 1018 787 580 351 128 
173 539 841 1042 1373 1568 1704 1891 1985 2039 2080 2136 2170 2103 2132 2012 1942 1755 1559 1318 1157 945 701 414 156 
180 549 930 1232 1562 1810 1949 2058 2225 2310 2492 2470 2496 2538 2400 2327 2218 2047 1846 1554 1296 1020 813 458 137 
197 569 950 1325 1626 1960 2049 2318 2482 2687 2699 2715 2874 2878 2754 2648 2371 2287 2100 1800 1514 1244 929 560 161 
190 623 1076 1479 1811 2122 2452 2675 2852 3048 3002 3162 3141 3092 3079 2884 2835 2509 2307 2013 1628 1286 958 582 207 
249 705 1172 1512 1964 2409 2729 2905 3296 3338 3469 3582 3574 3595 3280 3308 3079 2839 2536 2294 1787 1548 1075 642 244 
285 792 1324 1751 2219 2642 2872 3266 3470 3666 3748 3761 3871 3776 3710 3640 3453 3157 2785 2531 2074 1674 1224 741 240 
267 906 1382 1879 2462 2779 3278 3615 3665 4032 4212 4302 4238 4150 4182 3846 3788 3417 3003 2782 2269 1813 1341 780 273 
304 1009 1517 2083 2655 3093 3554 3948 4229 4316 4439 4659 4522 4613 4410 4248 3963 3824 3286 2977 2508 1950 1414 862 288 
346 282 259 248 238 233 291 297 297 267 293 306 309 274 306 267 259 275 219 222 182 143 98 74 24 
293 500 540 524 610 565 681 621 719 734 729 696 730 689 727 735 687 645 541 489 441 333 241 159 48 
180 417 570 633 691 712 786 811 891 810 943 916 927 944 903 857 851 741 689 617 557 404 330 184 67 
177 455 543 712 810 906 963 999 1096 1028 1016 1145 1149 1109 1173 1054 996 905 878 744 597 500 384 226 78 
165 457 664 819 947 1098 1073 1239 1281 1326 1338 1450 1483 1434 1345 1278 1220 1145 1048 850 784 598 424 282 85 
174 459 729 925 1078 1256 1412 1449 1535 1590 1567 1591 1587 1592 1551 1502 1431 1364 1243 1030 904 738 532 291 100 
170 522 835 990 1164 1360 1604 1695 1814 1753 1746 1859 1911 1874 1774 1740 1635 1531 1464 1257 1064 784 560 354 115 
184 537 868 1124 1417 1577 1812 1867 2023 2078 2058 2155 2221 2198 2139 2074 1903 1780 1626 1437 1190 938 687 451 155 
199 568 957 1218 1577 1775 1981 2073 2263 2420 2435 2469 2557 2442 2411 2381 2198 2045 1842 1607 1253 1107 789 420 152 
215 653 1054 1433 1752 2031 2156 2480 2571 2785 2761 2817 2902 2831 2778 2647 2609 2297 2069 1858 1544 1197 857 509 190 
220 672 1122 1509 1933 2235 2499 2672 2835 3045 3089 3189 3250 3150 3070 2958 2817 2553 2339 2081 1753 1351 1002 533 218 
251 727 1241 1805 2121 2543 2833 3085 3218 3395 3645 3589 3678 3466 3529 3423 3171 2956 2784 2258 1967 1571 1088 686 219 
311 838 1360 1823 2266 2641 3074 3350 3545 3769 3985 4009 4014 4012 3950 3879 3538 3349 2940 2626 2201 1646 1280 762 249 
294 888 1503 1984 2540 3020 3346 3784 3975 4263 4329 4442 4484 4470 4352 4128 3841 3501 3251 2773 2418 1915 1337 854 286 
323 934 1608 2225 2809 3259 3721 4140 4471 4569 4860 4867 4964 4780 4637 4578 4159 3858 3431 3107 2648 2185 1466 889 313 
356 1028 1772 2452 3092 3650 4083 4593 4861 4989 5216 5325 5283 5338 5161 4957 4688 4226 3866 3445 2825 2272 1679 949 322 
376 293 256 241 247 274 260 278 296 322 330 324 322 303 306 298 300 260 226 235 214 159 115 67 21 
311 507 572 601 582 617 662 742 783 789 707 831 865 790 773 722 670 630 588 507 433 369 291 157 47 
200 479 584 613 719 788 911 909 842 936 916 1004 1012 1035 907 918 814 739 712 601 569 412 327 213 78 
172 447 590 702 853 897 1042 1139 1130 1158 1207 1265 1259 1278 1182 1127 1014 964 872 806 676 519 424 235 69 
175 421 724 830 1048 1106 1248 1399 1421 1492 1500 1564 1448 1450 1420 1381 1223 1244 1092 973 788 696 535 267 102 
185 500 796 942 1094 1268 1375 1583 1640 1794 1851 1767 1756 1648 1718 1601 1530 1427 1238 1110 945 773 552 322 113 
159 578 795 1036 1189 1463 1643 1782 1818 1980 2091 2029 2079 1948 1974 1906 1779 1659 1409 1235 1084 872 695 423 129 
215 573 900 1198 1447 1584 1894 2036 2112 2249 2284 2342 2405 2306 2275 2140 2059 1897 1825 1487 1222 1010 700 476 155 
196 672 1029 1371 1642 1901 2124 2334 2345 2577 2596 2654 2632 2691 2666 2535 2429 2226 2022 1725 1442 1158 876 496 182 
231 714 1148 1484 1797 2126 2398 2615 2806 2858 3037 2999 3028 3060 2966 2832 2734 2510 2317 1989 1705 1340 1013 555 206 
253 768 1178 1584 1967 2353 2666 2884 3133 3255 3236 3284 3431 3350 3282 3286 2953 2816 2481 2146 1875 1437 1096 674 233 
283 850 1365 1770 2296 2706 3073 3223 3473 3578 3782 3759 3877 3951 3821 3604 3437 3169 2842 2451 2060 1651 1171 742 265 
331 895 1485 1891 2534 2956 3295 3659 3841 4149 4207 4243 4368 4461 4296 4075 3742 3596 3144 2853 2400 1810 1303 757 283 
318 1006 1612 2276 2793 3221 3561 4109 4345 4630 4676 4706 4910 4740 4713 4544 4092 3912 3437 3074 2474 2039 1516 960 336 
365 1101 1790 2383 2959 3549 3985 4407 4821 5001 5249 5338 5318 5269 5107 4945 4607 4108 3651 3334 2878 2176 1569 960 345 
416 1177 1837 2520 3283 3829 4345 4914 5333 5521 5551 5799 5683 5799 5558 5462 4974 4508 4143 3789 3185 2622 1761 1009 356 
437 323 260 250 292 279 318 358 342 359 361 333 339 368 351 308 302 278 281 243 174 130 108 66 21 
347 529 584 597 646 691 757 831 796 828 798 878 885 753 790 795 749 695 593 571 438 360 264 179 51 
203 507 616 717 759 884 871 951 1018 1076 1078 1051 1021 1021 1010 930 870 899 775 740 594 437 362 210 58 
178 449 630 758 927 1053 1077 1132 1222 1274 1313 1396 1312 1349 1259 1159 1124 1081 956 822 726 594 477 278 68 
159 472 730 920 1068 1205 1267 1384 1546 1587 1646 1653 1634 1506 1605 1443 1369 1215 1246 1090 890 666 533 322 93 
154 496 775 1011 1239 1314 1503 1709 1732 1868 1902 1891 1900 1827 1822 1779 1701 1517 1352 1207 1035 816 589 351 126 
189 544 881 1168 1417 1516 1706 1934 2086 2190 2220 2232 2182 2199 2079 2116 1943 1733 1611 1441 1186 945 731 446 157 
208 611 920 1269 1542 1773 2011 2177 2256 2429 2581 2524 2579 2504 2523 2358 2249 2131 1925 1577 1327 1000 771 536 182 
217 732 1110 1469 1808 2068 2378 2470 2675 2758 2858 2986 2909 2852 2874 2725 2613 2248 2173 1915 1513 1209 942 547 183 
248 762 1241 1683 1934 2303 2550 2859 2960 3162 3331 3335 3338 3286 3231 3169 2850 2755 2392 2110 1727 1431 1039 634 223 
290 775 1314 1719 2174 2595 2965 3268 3337 3590 3641 3798 3764 3773 3611 3484 3321 3025 2638 2419 1990 1635 1169 714 246 
313 925 1437 1927 2488 2812 3310 3540 3779 3998 4119 4277 4132 4061 4035 3900 3689 3273 3034 2659 2240 1746 1368 824 266 
375 1017 1451 2052 2739 3156 3561 3906 4138 4386 4529 4600 4656 4599 4556 4435 4095 3880 3330 2992 2552 2014 1450 888 327 
365 1045 1740 2333 2912 3403 3918 4335 4685 4814 5135 5369 5302 5191 4979 4846 4397 4041 3801 3247 2734 2230 1615 957 374 
396 1155 1904 2628 3116 3770 4220 4784 5144 5374 5660 5559 5618 5511 5373 5318 5014 4746 4090 3666 3115 2342 1807 1025 355 
454 1257 2044 2723 3561 4182 4754 5234 5480 5807 5930 6426 6092 6197 6006 5726 5480 5125 4517 3946 3334 2662 1955 1183 376 
419 344 264 282 311 294 315 366 353 367 350 388 359 324 370 360 339 323 280 251 192 176 116 54 19 
363 623 598 686 690 744 737 835 868 839 873 902 891 850 894 811 834 713 672 574 449 371 312 170 46 
204 488 617 737 812 947 980 1088 1013 1115 1121 1188 1123 1175 1156 1008 1028 875 841 728 676 475 368 267 72 
154 516 649 872 1045 1153 1129 1208 1388 1315 1363 1464 1453 1402 1456 1270 1252 1163 1116 945 753 662 476 272 85 
160 550 831 1015 1184 1256 1457 1509 1661 1706 1774 1751 1747 1619 1634 1571 1474 1375 1324 1184 969 726 554 315 100 
161 518 812 1084 1285 1469 1717 1737 1897 1932 2039 1923 2058 2006 1999 1859 1786 1650 1576 1343 1130 848 648 367 145 
176 586 909 1193 1478 1740 1924 2059 2166 2235 2330 2423 2294 2296 2285 2159 1993 1922 1687 1579 1313 986 813 504 143 
248 648 1043 1486 1710 1901 2085 2387 2534 2586 2814 2831 2760 2790 2704 2548 2415 2190 2028 1787 1505 1192 935 546 179 
227 770 1118 1642 1998 2175 2450 2678 2899 2982 3114 3190 3141 3139 2969 2968 2833 2538 2368 2018 1755 1386 1003 575 179 
253 774 1331 1791 2160 2496 2755 3083 3254 3419 3581 3599 3549 3702 3534 3284 3233 2972 2611 2295 1956 1583 1179 728 242 
299 910 1385 1954 2432 2698 3063 3379 3751 3874 3944 4163 4083 4243 3991 3904 3475 3344 2995 2640 2350 1773 1293 779 262 
325 1030 1595 2074 2662 3033 3588 3838 4156 4324 4492 4521 4509 4557 4402 4379 4030 3484 3366 2871 2509 2020 1380 900 284 
365 1104 1681 2413 2923 3452 3975 4206 4694 4843 4926 5076 5126 5147 4983 4791 4458 4224 3635 3299 2694 2196 1582 945 306 
351 1154 2000 2582 3165 3836 4157 4945 5078 5324 5490 5375 5676 5602 5597 5271 5021 4544 4201 3682 2983 2495 1706 1033 381 
426 1329 2104 2946 3590 4082 4562 5260 5672 5835 6041 6016 6195 6028 5944 5805 5461 5022 4543 3989 3340 2711 1938 1156 378 
462 1352 2328 3160 3751 4504 5212 5737 6204 6443 6610 6611 6859 6585 6543 6114 6075 5446 5034 4368 3660 2956 2176 1238 428 
421 335 307 291 301 381 333 370 415 362 386 401 410 376 368 401 364 323 290 279 219 181 145 80 31 
348 600 680 707 780 808 888 902 863 953 962 956 1006 945 931 865 853 841 740 659 497 465 344 192 77 
221 606 707 850 844 996 1073 1126 1096 1229 1231 1266 1260 1201 1196 1117 1053 976 914 796 679 504 357 218 69 
220 524 741 963 1100 1116 1258 1346 1519 1509 1565 1546 1561 1550 1446 1435 1352 1223 1205 1022 836 669 493 313 88 
214 545 877 1021 1232 1373 1528 1636 1767 1835 1795 1940 1855 1843 1760 1796 1686 1463 1432 1166 1046 801 565 334 103 
214 610 879 1273 1421 1566 1768 1941 1996 2127 2339 2160 2198 2195 2127 2007 1957 1776 1607 1370 1257 961 679 424 135 
225 644 971 1324 1611 1894 2029 2254 2376 2511 2536 2557 2527 2479 2442 2363 2359 2030 1946 1717 1413 1148 833 505 170 
208 630 1163 1576 1810 2218 2414 2525 2690 2801 2870 3012 2926 2976 2980 2800 2710 2503 2131 1943 1614 1277 958 567 197 
250 789 1264 1726 2077 2416 2645 2887 3006 3227 3380 3428 3460 3402 3341 3273 3086 2817 2477 2272 1851 1470 1099 623 220 
262 839 1403 1818 2327 2676 3063 3233 3622 3683 3833 3905 3884 3808 3640 3700 3368 3233 2859 2476 2139 1671 1225 727 273 
308 947 1598 2147 2582 3107 3470 3830 3997 4085 4389 4366 4322 4338 4215 4205 3818 3533 3351 2812 2356 1863 1329 825 306 
370 1056 1722 2329 2815 3396 3865 4166 4300 4613 4817 4945 4954 4804 4746 4567 4452 4032 3677 3101 2548 2139 1439 954 338 
383 1138 1825 2600 3130 3775 4141 4578 4950 5146 5454 5595 5609 5571 5282 5172 4809 4370 3972 3560 2865 2280 1675 1018 372 
426 1202 2053 2759 3446 4079 4641 5129 5409 5814 6104 6076 6260 6270 6012 5679 5373 5028 4443 3873 3372 2592 1873 1108 417 
481 1338 2199 3110 3896 4602 5102 5611 5931 6535 6721 6643 6765 6653 6248 6201 5970 5535 4849 4261 3523 2851 2058 1194 457 
523 1438 2396 3313 4079 4871 5480 6094 6710 7054 7244 7296 7446 7276 6974 6669 6357 5965 5430 4716 3836 3019 2293 1330 445 
465 372 341 325 321 331 384 393 388 393 397 373 411 379 396 389 395 330 315 282 222 187 135 62 24 
352 656 677 692 767 796 839 891 916 942 976 937 996 999 972 986 867 839 754 641 568 450 342 211 67 
231 601 683 748 897 1001 1080 1093 1145 1162 1287 1272 1225 1292 1243 1266 1160 1043 983 882 694 569 454 270 91 
203 546 779 980 1115 1159 1323 1350 1499 1540 1579 1740 1613 1570 1591 1477 1310 1300 1185 1042 836 733 497 286 124 
188 532 880 1099 1269 1498 1596 1633 1854 1931 1962 1928 1981 1969 1878 1777 1725 1617 1399 1243 1055 855 632 366 115 
171 591 938 1248 1447 1727 1906 1991 2226 2176 2291 2357 2275 2312 2255 2127 1981 1868 1614 1462 1234 984 716 407 153 
234 665 1054 1461 1713 1892 2148 2401 2456 2601 2759 2669 2818 2675 2592 2558 2373 2191 1934 1746 1467 1143 869 526 181 
255 785 1158 1557 1975 2210 2447 2792 2874 3058 3159 3062 3254 3042 3129 2831 2735 2542 2268 1994 1739 1384 1019 626 198 
293 806 1297 1779 2112 2527 2792 2954 3200 3528 3541 3650 3591 3583 3573 3316 3194 3030 2653 2310 1958 1551 1173 643 243 
293 911 1437 1907 2326 2822 3203 3555 3730 3840 3981 4098 4010 4083 4141 3794 3533 3335 2867 2609 2212 1754 1292 818 253 
335 943 1588 2199 2674 3124 3469 3942 4311 4340 4485 4589 4550 4633 4472 4364 4009 3634 3479 3013 2551 1961 1418 909 322 
375 1152 1767 2392 2995 3494 4017 4404 4784 4869 5106 5131 5241 5176 5084 4771 4494 4198 3826 3314 2768 2174 1586 968 375 
388 1267 1951 2722 3220 3990 4267 4873 5232 5484 5680 5857 5822 5731 5585 5427 4889 4653 4256 3707 3138 2456 1805 1094 352 
418 1339 2079 2969 3580 4213 4831 5437 5663 6168 6273 6367 6476 6241 6253 5994 5656 5281 4590 4065 3461 2698 1905 1166 447 
480 1459 2355 3139 4074 4741 5253 5850 6271 6628 6840 6883 6938 6933 6905 6488 6138 5755 5083 4390 3659 2910 2288 1404 444 
582 1578 2468 3577 4409 5105 5709 6399 6986 7147 7452 7460 7777 7594 7314 7172 6887 6212 5539 4826 4055 3275 2375 1469 485 
494 395 382 361 404 432 449 468 497 474 462 430 463 457 440 402 426 407 407 292 262 217 156 90 30 
391 717 717 837 856 950 982 1046 1063 1111 1178 1137 1168 1159 1086 1110 1009 927 832 761 617 520 378 202 77 
241 650 848 901 1051 1140 1205 1307 1388 1350 1410 1477 1530 1498 1434 1328 1168 1138 1057 938 847 657 462 285 102 
218 653 890 1118 1326 1340 1538 1648 1696 1764 1911 1826 1938 1837 1783 1686 1601 1455 1271 1143 1027 813 545 364 113 
220 633 944 1261 1469 1659 1809 1956 2080 2276 2261 2243 2268 2216 2200 1982 1999 1777 1613 1472 1239 939 649 457 146 
227 680 1047 1435 1574 1872 2167 2373 2468 2499 2660 2677 2635 2639 2602 2470 2262 2064 1942 1670 1371 1104 787 514 151 
236 756 1198 1531 1888 2141 2448 2694 2837 2995 3053 3119 3065 3082 2990 2815 2712 2480 2182 2024 1725 1360 996 561 201 
285 812 1398 1731 2056 2639 2824 3161 3260 3470 3565 3669 3643 3598 3470 3339 3051 2929 2632 2303 1952 1511 1131 723 213 
312 942 1566 2066 2382 2849 3095 3492 3726 3902 4027 4101 4055 4266 4209 3836 3596 3313 2902 2609 2284 1750 1295 743 242 
356 977 1578 2194 2728 3201 3601 4092 4346 4403 4693 4721 4800 4612 4611 4425 4206 3766 3395 2943 2540 1955 1540 868 296 
369 1067 1808 2514 3061 3630 4016 4618 4869 5113 5261 5300 5213 5117 5124 4834 4674 4232 3815 3341 2756 2277 1803 1054 336 
411 1299 2018 2776 3417 4003 4450 5034 5355 5473 5714 6035 5966 5927 5714 5469 5182 4688 4326 3735 3179 2556 1854 1115 394 
446 1378 2294 3049 3686 4429 5189 5334 5929 6332 6370 6565 6654 6524 6360 6245 5798 5264 4787 4217 3446 2737 1986 1172 389 
458 1504 2314 3353 4074 4778 5581 6236 6618 6879 7204 7294 7160 7197 6943 6748 6560 5909 5200 4606 3973 3108 2246 1286 477 
573 1645 2702 3594 4604 5374 6111 6717 7028 7552 7676 7651 7896 7963 7733 7268 6970 6479 5837 5030 4399 3370 2584 1465 498 
614 1959 2927 3863 4930 5821 6625 7287 7794 8309 8440 8839 8815 8604 8293 8154 7620 7072 6344 5504 4800 3655 2752 1582 548 
486 402 371 354 408 424 469 445 447 454 492 526 533 494 492 491 433 431 377 331 298 220 153 98 28 
413 725 812 823 918 1015 1097 1092 1128 1206 1221 1208 1236 1213 1192 1153 1041 993 925 802 681 581 435 227 86 
258 645 826 1015 1123 1172 1378 1406 1427 1578 1559 1595 1610 1562 1563 1446 1385 1216 1162 1042 900 702 471 308 96 
241 635 923 1158 1345 1501 1615 1744 1802 1940 2003 2055 2010 1955 1925 1899 1737 1593 1454 1250 1086 838 625 381 114 
216 682 1071 1333 1511 1780 1987 2053 2246 2343 2273 2255 2340 2308 2286 2234 2048 1993 1713 1514 1297 956 768 434 161 
217 726 1151 1515 1764 2040 2285 2519 2579 2606 2781 2842 2844 2842 2701 2634 2339 2309 2004 1838 1573 1191 846 526 178 
278 835 1273 1686 2057 2420 2701 2880 3031 3205 3266 3422 3344 3198 3311 3029 2959 2669 2412 2156 1821 1444 998 620 202 
287 845 1480 1920 2367 2712 3102 3161 3549 3678 3791 3870 3825 3939 3831 3532 3365 3058 2842 2459 2048 1644 1204 703 231 
326 1003 1600 2187 2567 3045 3321 3872 4082 4151 4334 4367 4460 4334 4347 4057 3944 3618 3096 2776 2369 1879 1395 861 258 
354 1106 1704 2379 2911 3515 3893 4388 4616 4798 4916 5001 5042 4918 4780 4687 4403 4115 3675 3233 2678 2225 1586 931 338 
394 1163 1928 2748 3247 3821 4339 4795 5098 5403 5546 5603 5824 5673 5455 5344 5022 4508 4111 3564 2931 2408 1765 1160 379 
424 1325 2214 2950 3648 4282 4996 5302 5593 6166 6225 6385 6293 6331 6239 5951 5639 5092 4631 4013 3323 2701 1937 1202 409 
461 1412 2412 3294 3935 4792 5385 5835 6311 6703 6775 7103 7007 7053 6785 6699 6153 5610 4916 4461 3686 2978 2157 1310 411 
551 1633 2649 3522 4425 5213 6003 6728 7006 7564 7611 8017 7867 7620 7455 7343 6845 6249 5655 4894 4191 3334 2352 1471 468 
603 1746 2847 3753 4890 5624 6561 7247 7745 7942 8438 8529 8568 8625 8273 8080 7636 6950 6217 5516 4560 3652 2615 1504 559 
697 1956 3129 4229 5284 6283 6999 7951 8251 8956 9183 9503 9426 9456 9173 8657 8225 7633 6835 6059 5008 3985 2921 1688 615 
506 411 387 435 450 447 497 462 494 488 532 497 502 559 551 485 465 420 436 337 302 256 178 111 38 
401 756 828 900 965 1054 1077 1176 1211 1300 1286 1352 1316 1309 1306 1208 1085 1004 990 909 704 565 381 248 79 
274 654 870 1007 1189 1361 1316 1487 1541 1549 1647 1628 1747 1612 1627 1552 1468 1244 1197 1065 960 787 502 316 118 
278 652 933 1266 1444 1636 1747 1907 1856 2048 2010 2135 2133 2042 2061 1960 1827 1751 1580 1338 1117 923 684 365 139 
231 698 1042 1397 1633 1913 2064 2207 2380 2371 2443 2569 2570 2467 2446 2336 2207 1990 1837 1632 1363 1111 750 519 150 
245 815 1209 1630 1775 2152 2414 2568 2794 2924 2875 2980 3050 3052 2890 2891 2607 2413 2144 1868 1668 1289 912 560 208 
266 799 1393 1759 2099 2609 2852 2954 3305 3405 3504 3619 3393 3619 3420 3254 3118 2773 2654 2230 1965 1512 1112 692 229 
322 923 1540 2072 2564 2855 3230 3511 3866 3877 3998 4077 4142 4026 4111 3826 3570 3236 2923 2605 2274 1696 1264 748 282 
347 1031 1729 2281 2807 3202 3721 4032 4223 4492 4639 4733 4715 4504 4391 4280 4182 3747 3360 3057 2606 1914 1505 888 263 
386 1131 1900 2540 3090 3653 4165 4618 4742 5089 5196 5223 5300 5303 5284 5014 4767 4372 4007 3348 2805 2267 1664 1036 336 
446 1207 2117 2872 3549 3976 4725 4965 5436 5719 5809 5995 6093 5949 5881 5765 5249 4969 4465 3778 3297 2661 1829 1149 375 
499 1458 2306 3173 3841 4416 5139 5681 6259 6371 6566 6621 6715 6632 6438 6198 5778 5302 4836 4281 3559 2764 1993 1206 416 
521 1553 2466 3506 4287 5074 5884 6397 6774 7025 7263 7591 7634 7366 7198 6868 6564 6091 5477 4768 4007 3153 2290 1339 457 
548 1658 2698 3735 4868 5694 6255 6879 7397 7808 8180 8338 8303 8232 7896 7539 7191 6730 5978 5266 4491 3488 2499 1596 465 
608 1917 3023 4138 5192 6008 6804 7595 8202 8521 8884 9162 9109 9003 8688 8223 7886 7413 6587 5872 4899 3929 2719 1693 560 
675 1927 3299 4493 5561 6622 7605 8164 8741 9434 9833 9895 10051 9960 9732 9186 8739 7917 7274 6409 5252 4178 3142 1924 614 
548 415 382 423 410 461 502 529 546 564 607 608 615 647 600 564 506 453 384 388 351 247 193 119 47 
429 843 922 992 1062 1152 1208 1292 1327 1416 1416 1415 1419 1402 1458 1358 1286 1105 1103 935 775 643 492 297 80 
314 715 1058 1091 1295 1402 1576 1596 1729 1790 1829 1821 1810 1879 1795 1642 1604 1607 1322 1156 1023 828 616 346 117 
263 757 1118 1435 1591 1815 1908 2011 2076 2222 2301 2395 2302 2322 2234 2232 1984 1947 1800 1501 1298 1045 700 442 156 
280 776 1183 1490 1812 2085 2324 2418 2665 2651 2668 2777 2755 2804 2772 2685 2338 2214 2083 1759 1521 1220 830 535 182 
287 819 1317 1711 2149 2339 2692 2932 3032 3162 3288 3318 3360 3287 3249 3105 2993 2643 2471 2164 1771 1418 1085 665 240 
325 983 1475 1984 2458 2810 3256 3349 3621 3787 3792 3986 3924 3900 3693 3647 3460 3212 2979 2508 2026 1674 1242 745 242 
340 1057 1734 2295 2912 3116 3672 3837 4162 4385 4490 4638 4439 4477 4362 4011 3981 3512 3396 2906 2499 1973 1468 911 267 
421 1107 1892 2519 3128 3639 4014 4400 4679 4838 5029 5141 5251 4980 5073 4748 4639 4242 3735 3286 2790 2248 1613 988 312 
420 1240 2138 2885 3547 4055 4578 4933 5327 5647 5887 6005 6047 5836 5811 5462 5074 4780 4191 3841 3175 2588 1947 1138 359 
520 1484 2226 3107 4007 4554 5042 5533 5961 6485 6650 6868 6699 6748 6412 6201 5699 5346 4863 4212 3624 2818 2086 1262 412 
506 1619 2560 3478 4400 4973 5771 6296 6700 7101 7364 7494 7553 7558 7338 6790 6510 6054 5486 4606 4030 3240 2293 1369 479 
563 1821 2832 3804 4684 5682 6174 7028 7552 7945 8161 8191 8341 8207 7890 7783 7343 6732 6022 5259 4519 3462 2542 1544 495 
602 1881 3101 4137 5230 6079 6849 7529 8261 8721 9035 9080 9126 9021 8914 8378 8090 7246 6761 5817 4948 3889 2798 1750 583 
656 2127 3453 4579 5675 6800 7573 8520 8953 9435 9841 10003 10132 9966 9711 9400 8882 8162 7223 6473 5371 4235 3111 1844 621 
723 2240 3662 5047 6203 7341 8423 9197 9897 10313 10880 11110 11300 10744 10775 10009 9469 8826 8115 6901 5820 4682 3356 1995 675 
675 512 436 513 450 540 568 575 589 659 609 613 629 626 633 591 520 575 454 414 355 290 192 103 46 
453 879 996 1040 1155 1301 1296 1421 1468 1575 1426 1522 1573 1597 1520 1471 1417 1335 1142 1103 829 689 490 301 98 
331 760 1065 1305 1465 1566 1649 1684 1768 2014 2012 2043 2026 2051 1965 1923 1848 1633 1492 1248 1149 840 629 333 130 
299 860 1193 1492 1675 1942 2083 2239 2409 2481 2511 2595 2546 2559 2518 2315 2231 2082 1863 1608 1430 1125 801 487 169 
338 866 1310 1723 1961 2262 2539 2687 2821 2977 3026 3066 3021 3079 2952 2831 2700 2464 2181 1996 1685 1402 922 585 185 
298 891 1456 1935 2324 2739 2956 3297 3339 3526 3729 3676 3760 3600 3475 3404 3209 2955 2592 2361 1960 1611 1159 724 230 
342 1024 1596 2153 2708 3062 3423 3645 3992 4140 4476 4420 4270 4235 4120 3909 3777 3445 3139 2887 2384 1833 1381 812 285 
349 1064 1865 2447 3004 3493 3839 4195 4594 4670 4922 5005 4973 5054 4652 4727 4514 4116 3567 3300 2723 2129 1556 970 326 
459 1229 2130 2745 3400 3938 4497 4829 5243 5476 5674 5820 5717 5739 5639 5433 4879 4485 4204 3676 3072 2476 1823 1113 340 
453 1405 2377 3166 3732 4451 5078 5334 5902 6147 6426 6497 6485 6654 6409 6124 5805 5313 4742 4068 3535 2780 1999 1201 429 
512 1589 2550 3528 4357 5160 5796 6223 6744 7032 7160 7454 7372 7358 7182 6721 6449 5928 5290 4765 3912 3200 2323 1309 422 
594 1765 2812 3923 4797 5522 6219 7097 7576 8000 7997 8397 8236 8298 8175 7675 7267 6621 6096 5268 4463 3513 2540 1492 536 
627 1904 3073 4217 5286 6079 7011 7622 8336 8703 9086 9346 9189 9238 8928 8562 8125 7386 6772 5835 4834 3890 2832 1712 554 
721 2085 3484 4701 5575 6804 7777 8526 9294 9683 9862 10040 10136 10092 9757 9508 8980 8232 7277 6417 5457 4305 3104 1922 642 
781 2181 3722 5052 6374 7367 8451 9355 10063 10587 10971 11151 11293 10979 10849 10589 9687 9137 8136 7145 5875 4726 3466 2110 712 
748 2412 4129 5518 6944 8295 9371 10284 10888 11479 12113 12364 12311 12365 11877 11228 10632 9899 9010 7619 6644 5158 3799 2217 816 
572 549 481 500 595 573 644 557 605 627 641 650 645 665 687 585 533 545 463 430 366 287 205 115 45 
477 872 1036 1103 1142 1339 1344 1443 1409 1467 1539 1625 1647 1615 1510 1527 1337 1315 1234 1130 878 718 517 324 96 
328 796 1066 1264 1472 1691 1755 1870 1892 2124 2146 2136 2107 2014 2091 1920 1875 1709 1547 1331 1144 949 638 414 138 
300 811 1218 1530 1747 2046 2138 2270 2471 2544 2606 2628 2603 2705 2587 2407 2332 2142 2002 1720 1454 1092 858 519 154 
290 815 1338 1719 1894 2266 2558 2762 2920 3063 3158 3211 3058 3126 3095 2968 2865 2521 2298 2038 1717 1368 939 602 209 
317 899 1535 1984 2379 2775 3066 3375 3368 3622 3808 3776 3856 3809 3717 3634 3398 3079 2775 2401 2016 1730 1172 754 223 
343 1037 1694 2260 2759 3261 3521 3795 4177 4295 4506 4573 4628 4383 4398 4187 4023 3678 3292 2881 2359 1861 1417 897 276 
409 1191 1857 2633 3167 3688 4098 4411 4714 5041 5079 5123 5346 5159 5148 4854 4550 4348 3866 3383 2869 2231 1648 1012 315 
451 1325 2138 2811 3456 4198 4807 5173 5390 5795 5769 5806 6119 5877 5903 5642 5448 4893 4425 3795 3249 2542 1803 1099 388 
506 1389 2374 3159 4033 4716 5324 5843 6153 6561 6584 6726 6932 6967 6917 6648 6230 5534 4961 4361 3724 2960 2162 1243 417 
550 1599 2725 3568 4488 5273 5948 6603 7082 7336 7621 7658 7902 7590 7435 7210 6706 6205 5607 5070 4021 3232 2427 1440 446 
619 1872 2845 4128 4980 6111 6828 7582 8022 8161 8548 8631 8683 8453 8425 8147 7526 7060 6237 5621 4749 3652 2768 1686 534 
659 1957 3202 4425 5542 6357 7583 8125 8753 8930 9374 9737 9461 9499 9364 8985 8540 7926 7008 6344 5133 4079 3013 1783 621 
729 2089 3501 4835 6036 7243 8099 8865 9637 10089 10164 10694 10707 10613 10254 9848 9206 8564 7969 6860 5640 4545 3292 2016 676 
782 2331 3959 5304 6739 7810 8769 9804 10528 11064 11581 11875 11726 11784 11343 10871 10306 9537 8650 7383 6279 4979 3650 2263 757 
823 2612 4240 5753 7250 8753 9654 10714 11474 12221 12607 12679 12961 12833 12410 12020 11295 10414 9345 8288 6918 5595 4004 2378 780 
727 553 524 555 583 579 599 679 661 662 696 739 755 724 651 656 654 558 529 469 429 304 246 120 42 
559 955 1080 1217 1241 1447 1582 1594 1624 1823 1722 1795 1776 1798 1697 1607 1517 1386 1405 1149 963 801 578 313 115 
362 900 1203 1363 1583 1751 1931 2010 2108 2220 2277 2299 2249 2173 2256 2063 1927 1809 1646 1486 1242 1043 665 480 132 
324 833 1276 1668 1870 2039 2387 2544 2672 2733 2782 2835 2799 2975 2799 2732 2601 2359 2111 1915 1504 1276 922 563 189 
341 920 1435 1814 2207 2524 2790 2929 3109 3285 3453 3559 3442 3383 3299 3117 2957 2877 2555 2151 1905 1480 1120 648 234 
310 1014 1626 2234 2512 2871 3356 3703 3840 3998 4101 4179 4059 4081 3952 3850 3675 3405 3087 2575 2314 1813 1267 722 283 
376 1131 1888 2435 3011 3556 3819 4130 4330 4806 4920 4973 4798 4851 4715 4517 4309 3973 3609 3185 2640 2061 1474 913 340 
447 1233 2084 2825 3404 3878 4275 4839 5106 5345 5489 5576 5802 5590 5596 5164 4985 4683 4100 3675 2939 2401 1723 1023 380 
494 1452 2339 3089 3900 4560 5137 5485 5806 6248 6460 6483 6555 6509 6396 6138 5560 5338 4898 4137 3497 2793 1982 1191 409 
537 1639 2592 3538 4422 5145 5702 6294 6726 7030 7084 7314 7389 7245 7195 6771 6317 5973 5439 4848 4061 3313 2348 1436 441 
592 1673 2876 4007 4829 5831 6400 7169 7563 7896 8136 8314 8532 8552 7968 7676 7290 6727 6191 5377 4485 3538 2554 1600 530 
661 1903 3124 4363 5432 6374 7005 7882 8508 8995 9299 9447 9400 9372 9134 8545 8305 7585 6900 6088 5097 4106 2921 1733 548 
719 2078 3447 4749 6051 7062 7782 8599 9324 9971 10426 10470 10638 10450 10147 9632 9243 8339 7533 6711 5578 4396 3298 2030 682 
781 2319 3892 5309 6689 7789 8688 9562 10486 11050 11245 11780 11328 11673 11210 10628 10108 9622 8716 7377 6195 4909 3586 2218 755 
842 2610 4321 5837 7192 8530 9678 10459 11497 12099 12333 12960 12869 12509 12295 11812 11158 10223 9512 8034 6875 5586 3866 2360 803 
962 2726 4571 6269 8012 9228 10708 11439 12455 13117 13699 13861 13950 13630 13188 12851 12020 11202 10035 8874 7424 5922 4343 2575 909 
695 551 533 554 599 666 606 640 687 659 714 747 781 748 686 645 642 604 575 478 403 330 267 122 48 
557 994 1143 1275 1388 1589 1642 1553 1707 1841 1832 1960 1910 1857 1879 1767 1635 1522 1392 1228 1027 870 642 387 138 
390 934 1172 1406 1730 1897 2028 2134 2224 2332 2410 2393 2406 2275 2199 2217 2135 1988 1839 1558 1295 969 743 473 150 
357 888 1404 1726 1923 2164 2472 2623 2826 2957 2962 2968 2963 2986 2944 2838 2601 2419 2178 1896 1592 1276 989 541 194 
336 1040 1571 1980 2257 2733 2810 3175 3253 3471 3457 3593 3689 3585 3551 3418 3064 2931 2607 2286 1904 1471 1200 675 249 
323 1088 1690 2235 2784 3108 3453 3851 3973 4107 4262 4502 4283 4219 4193 4133 3720 3479 3083 2723 2437 1880 1419 834 288 
441 1276 1971 2669 3171 3697 4125 4407 4611 4955 5137 5065 5112 5030 4990 4784 4446 4160 3792 3232 2773 2101 1641 1014 325 
446 1291 2062 2840 3621 3996 4716 4987 5377 5640 5794 5980 5876 5967 5815 5490 5110 4797 4432 3740 3316 2446 1858 1112 360 
498 1555 2377 3231 3909 4686 5380 5762 6200 6417 6832 6921 6891 6867 6713 6530 6164 5643 4948 4356 3664 2886 2089 1293 419 
580 1695 2665 3638 4457 5292 6084 6707 7182 7398 7685 7923 7758 7950 7691 7229 6855 6289 5786 4980 4200 3357 2441 1500 499 
638 1913 2984 4113 5148 5835 6648 7425 8037 8508 8784 8678 9185 8799 8754 8130 7813 6805 6293 5578 4703 3684 2636 1679 566 
709 2094 3198 4584 5706 6675 7799 8345 9086 9556 9735 9933 9824 9773 9547 9283 8616 7989 7141 6320 5174 4066 2961 1844 593 
707 2282 3710 5042 6215 7562 8364 9289 9953 10393 10690 11040 10943 11144 10669 10266 9572 8769 7904 6904 5938 4637 3412 1991 640 
844 2430 4019 5536 6871 7979 9265 10290 10899 11696 11771 12149 12161 11916 11814 11268 10605 9673 8741 7644 6483 5236 3628 2231 733 
920 2761 4391 6096 7421 8850 10112 11160 12005 12597 13283 13234 13374 13561 12921 12488 11356 10837 9491 8483 7239 5546 4100 2603 809 
1013 2847 4706 6605 8213 9504 10992 12232 13226 13979 14207 14831 14664 14423 14126 13574 12803 11568 10583 9280 7719 6252 4507 2717 894 

