10683
10683
10000
50 16 25
2.000  12.000 0.200 
0.900  4.100  0.200 
0.000  1.000  0.040 
75 0 2 2 1 0 1 0 1 0 0 4 7 3 2 8 4 0 0 0 4 0 0 1 0 
3 5 6 5 3 1 11 0 5 5 1 2 4 2 6 7 6 3 1 3 2 0 5 4 0 
0 5 4 0 5 8 16 1 3 4 5 6 3 6 2 5 7 6 8 5 1 1 0 1 0 
0 3 4 3 19 3 5 5 12 3 6 9 3 17 5 5 4 4 0 4 3 2 3 2 0 
1 0 1 0 12 9 6 8 6 9 9 3 10 6 5 12 6 7 3 3 8 9 4 5 4 
3 0 5 3 6 5 7 13 7 14 9 17 9 14 14 12 8 5 2 0 3 7 1 4 0 
2 5 2 14 17 5 7 9 10 12 14 16 4 13 12 10 18 5 5 10 9 4 0 0 1 
0 3 1 2 1 11 10 24 7 9 20 22 13 15 11 10 8 8 16 17 10 5 6 0 0 
2 3 9 6 4 8 19 13 15 12 15 18 19 22 19 24 12 9 18 13 18 12 14 7 4 
4 8 15 5 5 7 18 14 18 22 15 20 18 29 22 18 14 23 17 16 16 12 6 6 0 
3 1 5 12 12 14 10 17 32 24 22 24 26 13 15 16 28 19 14 19 23 6 3 6 3 
1 0 7 13 24 16 18 15 36 24 37 30 17 32 14 23 16 12 19 18 10 13 1 0 2 
0 4 10 27 15 20 17 24 14 23 27 25 32 43 34 20 18 21 23 14 8 3 12 7 7 
8 16 11 20 28 21 31 21 21 44 23 18 28 16 25 36 35 37 19 17 15 10 2 3 6 
2 9 8 20 17 18 18 25 33 27 32 24 30 44 40 26 17 29 30 14 15 12 7 10 2 
3 6 12 25 20 24 24 29 30 34 25 42 31 45 35 25 30 44 21 24 16 15 9 11 0 
84 3 3 4 2 6 3 3 8 3 2 6 2 4 4 8 1 5 0 5 2 0 0 2 0 
3 2 7 1 5 8 2 4 7 10 4 5 11 9 4 9 12 4 5 4 3 3 1 0 0 
0 0 3 1 15 8 12 8 13 19 10 12 8 6 9 8 7 4 4 7 5 0 7 3 0 
0 4 2 8 10 16 11 13 11 8 9 12 10 11 8 9 5 10 2 14 3 1 4 0 0 
2 5 5 3 7 13 14 8 16 12 16 16 13 12 19 13 13 5 16 9 6 2 6 0 0 
3 2 5 11 13 13 11 13 11 17 33 13 28 12 9 21 17 5 16 11 8 4 7 0 2 
1 1 7 9 8 8 11 23 21 15 24 19 36 12 16 16 18 18 8 11 6 2 6 5 1 
0 9 7 15 6 18 20 16 20 36 15 14 23 16 28 18 28 23 22 11 18 10 7 6 0 
0 5 3 11 14 15 25 16 15 22 14 24 26 27 34 29 23 21 10 24 21 11 8 3 2 
0 7 10 10 23 22 11 30 42 31 34 32 37 36 34 19 28 27 19 13 28 14 8 7 0 
2 7 5 20 11 29 29 33 27 36 30 44 17 39 36 24 29 33 21 20 17 14 13 8 8 
4 8 7 11 25 25 31 33 40 27 31 27 44 54 23 23 20 31 23 15 18 9 6 1 1 
3 8 11 27 26 32 30 27 51 50 35 60 43 55 31 38 49 38 27 40 11 15 18 2 2 
3 12 15 29 26 30 32 30 35 54 49 35 46 68 60 23 45 39 26 14 14 25 14 9 6 
0 10 20 30 19 33 32 35 35 71 60 57 64 47 41 47 31 23 21 17 23 28 12 13 1 
12 15 14 16 31 44 46 33 59 58 75 69 61 55 30 48 36 54 43 31 34 12 15 14 5 
101 6 5 0 7 5 2 6 2 1 4 1 6 4 4 2 2 6 3 1 2 0 0 0 0 
5 7 11 5 9 4 8 5 7 14 10 10 9 6 3 6 14 6 10 10 8 0 1 3 0 
3 2 4 6 7 6 9 11 16 15 9 9 6 22 11 5 6 7 15 5 3 7 9 1 0 
1 11 9 10 15 8 13 11 13 15 15 18 8 14 16 21 7 15 11 14 9 4 4 4 0 
2 3 9 18 12 5 19 11 12 9 5 20 19 18 18 14 22 19 2 13 5 7 2 0 0 
1 0 9 15 12 8 15 16 26 24 29 30 22 20 12 10 28 11 9 13 7 9 13 2 4 
2 3 6 27 9 18 27 25 23 32 24 29 18 27 30 21 19 20 18 11 11 11 9 1 2 
0 12 9 16 18 22 20 20 15 36 25 43 25 38 32 35 24 24 25 12 16 9 8 2 4 
2 6 14 20 17 27 20 34 34 26 34 28 37 23 26 31 39 39 20 35 16 19 8 10 3 
0 4 7 10 18 24 28 34 27 38 40 40 33 46 29 38 34 32 29 23 25 19 9 8 0 
5 12 17 19 23 29 45 36 39 31 70 56 51 43 50 55 37 30 16 27 20 17 15 8 4 
2 9 6 18 28 33 42 38 42 53 44 71 39 47 51 43 34 47 34 22 35 15 24 8 0 
4 10 29 28 31 45 48 63 47 41 56 44 51 55 67 45 48 31 38 31 30 16 11 14 7 
7 16 15 35 25 43 32 41 54 57 55 62 53 48 49 50 60 50 45 33 21 24 12 2 2 
6 7 22 30 23 55 54 53 81 52 66 45 82 71 86 64 64 69 52 56 24 23 28 4 4 
4 25 19 38 33 36 52 49 63 58 80 76 51 85 76 80 69 58 42 29 35 43 17 14 2 
114 3 7 0 8 2 3 4 0 5 2 6 3 4 11 2 6 4 2 2 2 4 0 0 0 
7 6 4 6 6 12 8 8 4 5 10 12 11 11 8 12 10 4 3 3 4 10 0 1 2 
0 5 4 8 9 16 12 6 16 18 23 14 9 18 10 13 11 7 4 12 10 4 1 2 1 
0 3 11 13 6 18 18 16 19 21 19 8 18 16 14 17 11 7 5 13 5 6 4 6 1 
5 3 4 10 14 15 11 20 10 30 18 31 27 22 16 23 16 11 9 17 16 9 4 3 0 
0 5 8 7 12 21 20 22 34 36 21 39 34 21 23 28 34 24 29 12 11 6 4 9 4 
3 4 14 14 9 15 20 24 31 37 29 27 45 30 27 17 34 22 20 15 24 14 9 7 2 
1 6 9 13 11 26 23 26 32 41 34 47 35 35 45 27 23 31 19 29 16 16 15 4 6 
3 9 10 27 14 30 37 33 37 55 51 39 46 45 43 44 45 30 30 17 24 18 3 10 8 
2 4 16 16 42 27 34 44 50 39 48 57 52 49 47 33 34 40 41 33 29 25 11 4 1 
8 13 25 29 23 40 30 48 48 50 51 44 56 59 33 54 48 40 37 26 31 30 13 5 2 
6 8 14 26 33 42 57 48 61 70 72 70 81 62 55 56 47 50 44 36 34 16 12 14 5 
8 15 23 25 30 35 42 52 41 83 56 65 45 69 68 58 65 65 40 25 29 31 24 18 8 
12 11 20 42 45 51 60 48 63 62 71 87 94 65 64 62 76 50 57 43 50 21 25 18 7 
1 9 25 40 46 48 62 69 80 84 93 67 80 71 81 78 111 52 43 48 42 42 30 24 6 
3 11 37 33 47 68 72 82 76 70 75 88 79 83 92 62 80 61 63 51 37 32 34 11 6 
145 13 8 6 12 5 12 1 4 6 10 10 12 11 12 5 2 0 3 6 6 3 1 4 0 
10 7 13 15 8 12 13 22 8 14 16 8 13 28 22 21 18 20 15 9 9 10 7 3 1 
5 14 17 18 15 17 28 17 17 30 20 19 14 19 19 23 10 23 16 6 7 5 6 2 1 
2 11 12 19 21 35 34 15 19 24 21 23 23 26 18 20 22 18 28 12 13 11 5 10 3 
2 9 23 11 16 32 25 24 26 33 28 38 30 29 44 25 29 30 21 17 21 24 9 13 2 
8 7 23 20 25 31 20 23 35 46 33 36 42 40 38 36 36 28 36 32 18 21 17 6 3 
3 14 14 17 31 31 39 41 40 44 40 59 48 31 32 59 32 29 19 39 24 23 9 13 3 
3 7 14 19 48 29 37 50 54 48 27 33 63 58 40 35 62 29 32 38 35 23 11 8 4 
11 12 26 24 39 47 61 39 58 67 51 54 63 67 76 54 56 41 38 53 40 19 23 7 6 
6 23 34 34 37 41 50 47 62 63 65 48 75 69 81 66 81 69 60 41 32 24 21 17 5 
7 14 25 42 28 46 64 61 99 77 63 68 88 82 67 72 73 57 59 36 37 36 35 11 5 
7 18 39 56 47 55 67 74 69 83 79 87 70 91 89 81 75 75 64 50 56 44 38 15 2 
6 17 24 50 46 78 90 91 81 96 88 90 101 94 108 105 67 69 77 61 46 40 32 24 12 
8 16 41 58 59 80 86 98 96 117 94 100 90 102 89 101 70 81 57 63 61 49 42 28 1 
13 18 51 47 55 81 85 116 119 99 92 99 113 152 109 109 109 104 111 72 73 61 42 36 7 
7 32 44 65 64 102 73 103 106 147 130 155 119 104 105 110 106 106 94 79 65 51 40 22 7 
148 5 10 3 9 8 13 9 14 10 14 7 13 5 15 8 9 0 6 5 3 1 1 0 0 
3 9 21 16 21 15 19 36 19 16 26 22 20 34 13 12 18 9 14 19 15 11 9 7 0 
4 7 23 17 10 32 31 25 21 22 28 20 34 35 15 23 16 24 16 9 15 10 15 12 3 
3 11 12 18 26 36 34 37 31 37 34 39 32 32 37 48 21 30 25 17 15 12 9 11 1 
3 11 11 12 28 19 40 45 42 39 35 42 46 47 46 31 32 36 42 31 17 23 14 10 0 
0 5 29 18 18 31 37 35 51 45 66 39 55 55 49 39 28 38 37 26 24 18 15 7 3 
1 22 28 20 36 47 35 47 60 54 51 60 72 74 67 58 59 51 51 38 21 32 31 12 3 
11 24 20 26 48 41 59 71 69 78 67 78 67 67 47 46 72 45 58 61 36 26 24 19 6 
4 19 20 47 57 36 53 72 76 75 63 71 79 105 78 79 62 73 57 52 50 38 27 12 8 
7 21 33 38 47 60 74 60 88 91 84 101 81 104 99 88 89 87 70 47 49 36 29 15 2 
4 17 26 43 74 61 89 68 119 93 104 98 113 119 79 89 76 97 73 72 85 27 21 23 12 
8 36 44 49 75 67 87 97 106 129 130 136 101 100 116 133 114 96 90 73 74 52 29 25 2 
10 38 46 79 61 119 112 108 110 99 110 150 133 152 137 146 109 116 93 76 66 54 38 24 4 
10 28 52 62 72 86 100 120 120 150 171 112 165 149 131 143 143 127 118 81 68 51 38 40 4 
6 35 41 89 94 116 145 148 158 172 133 166 143 163 147 165 143 120 107 92 71 86 41 23 14 
17 25 40 100 105 137 126 160 148 159 172 140 165 171 177 149 130 139 123 107 91 63 41 29 8 
190 9 14 10 12 10 9 7 23 6 12 15 16 17 14 18 11 10 14 6 7 7 1 3 0 
6 20 18 13 25 21 32 28 27 33 34 37 26 32 26 24 27 43 27 21 18 11 8 8 4 
4 12 10 24 30 39 34 50 35 49 35 36 38 29 48 39 40 27 25 20 11 13 7 5 1 
4 10 26 21 35 52 43 41 38 59 58 30 41 47 32 41 34 33 35 46 26 16 12 9 2 
2 13 21 38 47 33 51 40 36 47 50 50 61 68 59 66 48 51 50 44 30 30 21 11 1 
4 14 20 51 50 58 46 55 78 60 56 77 92 52 71 66 56 78 33 54 48 28 13 11 7 
11 16 20 44 42 54 57 92 82 86 84 102 85 85 70 80 68 59 53 53 40 31 31 18 3 
7 12 28 57 46 74 74 82 77 118 97 82 97 100 87 79 89 94 67 68 54 56 23 11 2 
7 22 44 51 84 78 94 80 106 101 125 100 122 108 103 81 103 81 53 55 39 59 30 25 6 
4 22 40 69 68 88 81 90 104 131 102 101 109 119 126 128 100 88 99 78 67 64 36 19 2 
12 26 49 66 78 87 126 117 119 127 164 116 164 137 111 126 113 108 104 83 55 58 35 28 4 
11 30 68 69 88 117 122 107 153 173 124 146 180 134 163 163 124 114 114 87 74 66 44 27 14 
5 30 69 78 76 108 120 153 137 181 166 186 160 149 149 168 181 132 125 127 105 68 59 36 12 
11 36 78 77 135 115 128 171 176 160 159 168 195 172 195 157 141 137 139 105 92 70 51 31 15 
6 45 75 91 107 121 156 192 151 185 225 167 203 190 229 195 185 155 159 98 94 87 65 46 9 
10 41 74 83 134 137 184 171 234 213 190 187 212 224 231 216 161 191 169 129 143 92 64 41 17 
213 11 7 9 13 11 8 12 22 14 24 12 29 11 10 11 14 14 9 9 5 4 5 1 0 
9 27 16 23 27 22 33 44 37 38 32 37 36 29 42 20 35 22 19 21 15 19 9 8 0 
5 19 9 28 25 39 47 35 39 45 41 54 46 53 32 46 36 41 24 25 13 16 9 7 4 
10 18 29 30 38 45 55 50 62 40 48 68 43 78 68 30 48 50 40 41 37 28 23 8 1 
7 21 35 40 47 39 39 74 72 52 70 48 60 60 62 61 53 56 55 38 36 23 22 26 4 
4 12 21 40 49 66 70 82 67 61 95 77 74 95 77 79 72 80 57 38 58 41 17 11 2 
6 24 37 46 62 47 80 84 78 87 109 98 120 109 89 85 95 72 78 34 62 40 34 17 4 
8 23 30 56 66 81 74 109 124 117 123 122 114 134 101 104 115 97 88 70 56 39 39 19 7 
5 21 57 60 84 88 95 94 156 131 133 116 129 150 119 91 137 100 97 72 58 55 37 17 17 
15 39 54 55 75 110 121 122 136 144 145 142 146 156 137 130 144 116 110 87 99 66 43 21 2 
4 31 54 56 100 149 116 130 137 180 156 162 168 154 162 161 126 140 130 116 88 71 53 21 4 
10 35 78 81 125 120 167 136 163 193 214 191 182 201 171 171 154 166 183 118 105 87 51 44 12 
14 43 61 73 120 127 162 156 186 183 219 185 229 180 210 186 193 158 125 132 116 115 46 53 16 
22 39 84 109 145 142 168 198 214 228 202 159 202 207 205 222 195 181 176 151 117 92 45 29 6 
6 57 70 141 147 171 181 197 224 204 228 214 242 256 220 229 189 195 182 154 129 98 85 34 20 
8 40 111 98 187 224 220 230 217 261 263 258 271 263 240 247 242 201 174 184 168 102 84 47 16 
224 19 6 19 12 18 20 7 14 27 23 23 28 13 8 17 14 8 17 10 10 2 9 4 0 
17 17 27 32 36 35 33 50 56 52 35 47 39 48 33 43 28 42 29 22 18 17 16 7 3 
7 14 20 21 37 55 72 54 55 77 84 51 64 66 50 70 42 56 24 37 20 25 22 10 0 
15 21 22 39 47 29 57 66 68 75 63 80 78 88 69 76 47 59 56 52 37 47 33 10 17 
12 18 33 30 58 48 75 91 88 79 101 87 96 77 91 77 77 59 88 45 37 26 21 18 6 
5 25 40 44 64 94 81 100 100 110 111 121 86 107 108 113 131 82 80 48 56 50 28 20 14 
9 31 28 53 78 88 72 114 105 122 123 143 106 115 107 127 115 97 103 95 65 54 36 38 15 
7 35 54 79 75 82 136 134 140 111 161 153 131 165 121 173 132 121 103 95 97 75 33 17 8 
25 44 53 79 128 132 145 134 148 147 167 162 187 156 179 161 136 114 109 102 74 66 56 36 15 
16 28 44 77 103 124 160 142 184 185 176 186 172 200 196 167 159 137 140 100 95 96 73 24 16 
23 45 79 104 142 152 192 200 185 203 230 288 245 205 252 221 190 188 134 142 131 94 56 46 18 
31 59 84 123 134 160 175 222 210 222 265 244 252 260 205 264 201 201 175 146 119 83 74 49 15 
15 30 102 116 145 167 216 246 248 277 281 206 307 295 263 239 208 219 194 189 128 103 94 53 23 
23 72 107 97 164 185 227 306 247 305 314 316 310 334 298 268 216 214 219 227 160 122 113 53 14 
22 68 108 173 163 221 216 260 304 333 303 345 297 338 305 327 331 312 219 235 179 137 118 58 28 
33 68 107 159 187 240 257 288 334 394 325 414 337 321 311 344 317 281 223 187 192 116 109 61 28 
261 21 15 20 22 21 21 25 15 22 12 23 20 24 19 14 18 14 9 23 10 5 8 2 1 
20 34 33 43 38 44 64 49 55 45 65 62 62 52 46 55 63 48 35 42 25 28 21 14 3 
14 31 52 50 57 52 53 65 73 77 73 85 72 68 55 53 63 40 56 60 37 36 16 23 1 
9 19 40 57 44 55 81 87 97 92 101 82 94 94 98 56 66 72 59 59 32 24 32 25 4 
17 29 45 42 74 73 90 81 94 114 110 118 97 89 107 113 90 91 100 64 52 49 34 18 8 
9 23 45 76 86 82 102 116 120 158 142 159 128 119 140 124 109 101 80 73 88 49 52 27 8 
14 40 56 81 77 75 110 117 123 150 177 154 187 166 147 161 153 115 105 93 65 70 53 39 17 
16 46 53 84 108 117 155 149 167 190 196 185 181 218 179 174 148 141 102 105 87 90 55 28 13 
18 41 55 97 127 155 167 181 219 192 230 231 225 185 198 185 181 139 173 124 96 96 68 52 9 
21 50 85 111 118 168 203 214 220 247 265 268 218 230 206 219 189 207 157 138 91 89 61 38 8 
19 66 93 98 126 168 198 209 264 214 251 254 252 257 259 251 218 204 221 149 169 113 76 41 14 
28 69 112 134 144 194 220 247 227 263 268 250 305 318 292 256 276 209 209 159 141 116 84 46 15 
23 68 133 142 207 210 262 281 332 306 331 370 353 321 310 312 268 259 228 178 190 121 81 43 18 
28 74 125 146 204 253 258 283 310 338 367 367 389 371 325 318 279 298 227 213 170 146 80 52 23 
31 60 107 163 252 259 317 334 341 408 390 351 409 418 339 386 353 309 265 217 221 130 99 82 30 
30 73 145 180 203 267 318 336 358 420 428 460 365 375 423 348 383 360 300 258 220 158 116 77 25 
260 18 14 23 19 22 35 28 32 41 26 19 14 16 35 23 12 12 15 6 10 11 3 11 0 
8 30 48 40 34 52 50 53 56 76 73 71 75 46 75 52 37 53 44 44 37 22 21 2 1 
4 38 37 46 58 64 46 78 84 104 84 97 94 92 85 79 49 66 52 57 47 43 21 17 8 
4 27 34 66 46 84 63 97 107 114 107 129 106 97 85 105 71 97 69 50 69 45 36 19 7 
10 32 36 49 68 90 118 130 132 122 134 131 152 147 117 142 115 94 99 83 69 58 28 25 6 
14 27 43 73 66 109 106 119 159 152 173 175 135 179 154 122 141 116 144 98 58 67 50 31 12 
3 39 69 85 96 100 162 164 149 206 182 206 181 197 181 179 194 172 114 108 82 67 53 38 4 
20 42 84 87 136 160 163 211 185 224 228 245 219 208 223 196 189 163 168 138 125 110 57 35 9 
19 41 95 110 138 159 179 206 235 243 252 248 241 222 226 225 205 184 165 158 109 77 72 68 4 
17 54 100 126 201 207 238 265 241 268 272 308 296 265 279 255 213 210 198 175 128 108 75 55 14 
24 68 85 121 159 231 240 260 270 295 289 252 299 300 318 281 286 256 217 225 159 137 90 50 24 
16 73 132 156 221 202 258 309 302 304 351 366 360 337 316 319 328 297 256 233 205 150 120 66 19 
25 59 137 152 233 241 270 322 382 354 400 425 407 384 365 368 321 339 275 265 242 159 118 62 30 
18 92 140 162 238 320 331 348 360 443 448 487 500 408 380 397 370 303 267 312 188 190 169 82 35 
37 93 131 200 287 313 390 394 392 462 491 467 410 452 420 398 385 361 325 279 284 207 114 68 33 
42 100 169 254 289 361 393 432 443 452 436 500 469 494 456 491 424 382 359 359 262 205 116 110 36 
305 19 25 20 25 40 30 35 23 21 36 25 27 35 26 27 28 20 10 16 21 22 4 9 5 
18 45 57 62 53 70 60 75 79 76 77 91 79 78 70 79 65 49 60 54 32 32 21 19 8 
10 45 56 50 54 71 80 88 102 106 115 122 88 87 99 81 80 97 69 85 34 43 20 18 1 
7 44 53 72 81 83 105 118 134 139 146 158 152 123 133 114 93 89 89 77 56 47 40 18 5 
19 48 59 61 90 119 113 138 186 160 175 166 175 149 151 178 128 97 127 101 66 60 43 30 7 
28 33 52 83 115 117 129 159 208 178 177 205 175 230 159 195 169 165 140 108 108 80 66 32 12 
25 45 86 114 144 123 218 158 223 218 216 224 228 228 224 227 159 202 159 99 97 87 53 37 16 
15 43 70 145 137 142 222 226 251 254 289 266 287 282 246 273 211 215 184 159 122 112 83 42 24 
15 57 81 134 180 200 252 248 289 306 305 313 307 303 284 277 294 258 175 197 160 126 88 61 26 
16 83 127 136 211 249 256 294 300 341 308 318 328 376 330 312 298 283 265 230 208 144 108 72 26 
26 76 122 138 200 270 283 352 349 369 365 357 370 412 385 373 333 315 336 198 206 182 105 61 23 
34 60 149 175 239 290 367 326 398 393 416 461 435 424 384 410 394 371 298 265 246 178 130 81 29 
42 81 171 210 249 351 408 418 469 485 489 489 518 480 428 447 413 373 329 276 247 207 157 88 27 
44 112 169 237 318 367 387 422 457 522 504 471 536 475 495 467 476 427 337 326 282 198 173 111 38 
38 131 192 259 332 398 451 474 468 524 577 561 555 512 508 501 467 436 459 384 297 244 157 97 42 
41 116 229 302 362 438 512 551 558 534 577 573 612 588 623 543 522 492 454 381 323 285 154 111 32 
307 20 22 34 35 35 38 24 47 33 41 15 49 34 34 29 23 32 28 17 15 8 14 9 4 
22 38 63 59 78 80 70 74 89 89 104 100 80 86 93 104 99 75 67 80 63 37 20 22 6 
11 33 50 71 67 95 94 109 124 118 145 178 106 111 122 91 99 87 98 96 45 40 48 11 4 
24 34 69 78 104 101 110 146 179 155 139 168 133 141 178 153 148 137 117 97 92 88 44 23 8 
12 43 68 96 103 145 155 150 177 205 234 183 192 211 191 168 150 151 113 133 88 65 54 33 5 
28 42 64 122 152 117 210 171 183 252 239 242 188 211 226 248 218 186 170 153 98 75 57 70 13 
25 50 115 140 172 215 237 259 212 229 313 274 272 312 271 230 189 216 176 159 165 120 70 41 14 
15 59 91 145 191 184 254 250 305 276 332 329 290 298 312 307 226 212 248 218 166 106 100 81 17 
22 76 115 183 209 241 297 317 344 306 353 354 341 355 380 361 327 279 232 260 162 128 112 85 23 
28 76 125 192 221 266 274 389 362 402 382 403 439 439 432 381 350 359 288 237 185 170 96 77 19 
37 102 137 214 269 251 320 425 446 452 471 442 484 485 469 439 367 394 328 339 219 184 144 73 26 
29 87 178 252 325 354 432 462 505 512 489 515 487 509 472 492 399 444 419 319 280 211 130 62 32 
40 142 162 252 313 374 429 540 529 548 528 588 598 564 587 509 471 459 435 306 292 213 181 83 23 
37 165 176 259 358 416 423 527 522 623 644 609 660 541 545 581 587 511 429 354 346 247 170 112 50 
42 123 203 293 439 490 524 570 632 586 710 675 701 709 615 616 633 537 488 393 352 259 220 128 44 
38 154 240 363 417 493 528 637 586 681 757 820 762 743 748 701 589 557 494 461 379 301 227 133 46 
386 22 21 39 36 30 38 28 45 48 40 45 57 44 27 43 44 49 33 49 33 32 13 8 5 
34 63 57 88 79 91 84 102 100 119 109 151 126 103 103 122 89 78 77 91 85 41 46 29 10 
13 38 55 109 91 110 154 134 153 156 141 166 147 162 141 134 135 121 119 118 101 55 45 22 9 
23 46 63 114 110 110 137 191 185 178 187 167 211 207 192 188 181 170 158 108 102 75 48 35 20 
24 61 100 136 150 186 184 201 199 219 221 227 248 244 245 213 177 186 180 153 128 92 60 35 17 
32 72 141 142 143 196 221 244 279 242 322 273 284 279 305 277 267 240 228 155 167 110 89 42 13 
33 79 124 185 206 220 282 302 343 338 301 336 337 357 350 314 302 337 256 212 186 126 122 55 23 
26 81 147 194 243 265 304 333 364 365 370 410 376 407 400 361 355 331 256 243 219 140 110 61 20 
34 72 161 205 261 305 367 420 440 473 432 449 461 414 413 433 395 386 315 305 214 160 114 70 28 
31 89 170 213 333 352 394 417 458 481 559 529 513 490 491 512 407 389 351 317 249 194 157 115 16 
30 129 198 260 348 425 470 504 464 502 590 656 616 656 611 533 434 425 415 425 304 225 181 80 43 
42 136 201 302 331 473 521 553 625 671 690 634 616 613 643 582 593 509 480 453 330 276 196 81 36 
45 133 220 348 382 504 528 565 744 652 631 666 694 742 724 589 682 582 510 428 393 334 206 148 37 
44 140 219 329 442 458 557 680 783 739 790 821 717 783 767 744 677 615 568 521 390 352 212 111 68 
49 197 239 369 563 562 691 682 750 833 788 904 844 755 877 794 679 664 578 512 491 359 273 193 62 
64 176 336 431 558 620 724 800 867 864 891 1068 833 915 954 867 805 708 656 587 518 360 270 180 78 
384 30 29 42 37 44 42 51 52 48 49 48 58 60 53 43 62 40 39 38 40 20 15 9 6 
28 58 77 89 79 119 101 108 135 133 155 117 136 118 146 154 130 123 109 85 56 37 27 16 6 
13 48 75 104 120 106 139 151 183 150 168 161 185 173 168 187 154 110 159 104 109 70 35 20 12 
18 55 91 101 103 154 168 172 187 219 243 213 266 221 223 207 187 199 155 153 100 70 69 26 12 
20 52 105 141 176 227 224 241 238 232 307 241 256 283 275 246 225 204 190 166 143 106 72 48 8 
23 56 127 175 191 253 253 300 304 314 323 332 328 337 284 294 262 250 212 209 168 132 92 62 27 
19 58 114 237 226 259 303 330 352 358 450 414 379 355 373 357 316 309 262 216 151 183 113 50 25 
29 61 151 208 258 326 354 387 354 441 446 430 404 400 416 381 405 377 369 274 254 174 133 57 30 
27 104 155 218 284 337 403 409 442 420 489 506 546 520 500 462 418 408 326 306 249 169 129 83 33 
39 104 200 259 287 397 422 480 506 606 562 609 620 586 550 494 502 479 418 330 276 211 146 89 38 
48 130 218 269 363 430 513 507 588 671 673 651 676 611 591 576 525 538 428 388 349 254 179 108 29 
44 132 248 303 430 508 522 601 612 720 749 717 695 662 647 706 642 593 451 411 334 280 226 114 44 
40 155 245 370 458 544 617 684 693 717 713 794 770 733 695 682 645 577 449 420 376 310 235 162 34 
53 158 247 349 463 593 634 746 687 773 846 868 873 829 852 792 708 666 629 477 485 400 249 155 56 
61 155 308 460 536 649 768 794 822 880 956 965 972 987 899 866 849 722 649 577 506 353 275 149 72 
71 171 325 434 518 622 738 878 907 1036 982 970 971 915 1024 956 890 719 704 615 520 440 247 170 56 
472 47 44 58 73 73 86 63 77 64 69 78 61 71 71 52 55 74 54 48 32 29 22 13 6 
34 61 84 114 124 146 153 168 179 206 163 158 164 170 173 162 178 142 103 113 115 79 57 31 12 
34 72 112 114 154 163 157 162 227 315 290 239 221 250 222 231 209 184 181 153 93 89 66 30 14 
24 67 103 132 171 217 218 223 319 301 281 305 267 287 241 270 288 211 219 183 143 109 91 69 19 
24 80 136 218 228 272 308 280 337 336 327 310 407 312 294 299 259 253 247 240 159 149 85 81 23 
30 92 148 175 264 326 314 361 395 379 372 405 442 402 341 357 331 306 308 200 245 185 135 91 15 
32 108 197 246 329 395 347 373 449 496 395 453 489 478 458 431 425 383 321 303 235 187 136 85 33 
36 118 157 299 323 358 408 447 550 499 580 546 542 582 534 575 465 443 344 313 273 225 149 136 37 
57 135 213 308 370 363 445 532 564 641 587 623 658 685 648 577 543 545 436 365 331 294 201 126 24 
65 135 252 318 415 510 575 616 690 717 764 765 788 732 717 705 618 559 481 440 374 316 216 118 34 
60 197 292 322 457 559 675 702 817 793 836 821 805 784 772 763 591 668 571 452 406 326 213 159 52 
61 188 288 401 467 604 696 797 852 813 841 812 876 834 801 758 757 637 582 570 461 360 263 172 44 
76 213 356 448 510 659 739 851 925 907 961 934 1047 962 1036 953 890 737 741 551 484 452 247 198 63 
59 224 398 468 625 715 738 903 954 993 1119 1113 1118 1040 953 1033 899 841 739 618 528 427 337 196 65 
62 209 424 540 586 790 856 986 1126 1097 1107 1141 1088 1207 1135 1054 1023 976 844 753 629 448 362 221 53 
88 266 400 587 744 817 1020 1057 1092 1260 1234 1327 1357 1273 1242 1241 1136 1046 909 823 643 515 392 223 82 
474 73 43 56 62 61 55 82 83 64 90 75 85 88 71 99 93 77 62 62 46 48 35 14 14 
42 91 98 109 131 153 187 174 159 181 211 186 177 215 203 212 167 156 136 131 95 89 49 34 10 
35 77 126 134 176 184 220 195 232 254 232 241 318 291 240 280 195 236 188 168 129 97 85 35 16 
26 79 142 167 191 258 255 291 280 346 359 331 354 312 321 294 292 279 235 205 150 132 83 67 12 
21 92 167 233 298 316 343 411 371 446 399 411 489 416 374 353 351 283 265 249 218 187 116 77 22 
45 136 188 226 284 367 359 387 516 454 467 501 447 450 443 451 406 387 347 296 253 184 139 63 17 
41 127 173 287 346 377 437 481 510 569 562 612 635 570 573 523 502 521 386 367 305 253 162 85 25 
38 141 213 312 377 457 546 522 644 653 660 665 630 647 645 597 617 481 449 397 332 255 189 108 47 
44 146 237 372 414 506 563 687 688 684 781 776 781 758 752 670 605 583 558 475 489 319 230 151 49 
56 157 299 405 500 599 694 709 767 831 898 940 918 909 798 728 766 676 661 530 540 334 258 187 53 
41 178 304 467 557 693 733 818 844 1012 989 940 948 978 953 904 914 856 721 566 520 412 268 201 59 
54 199 361 496 560 701 769 906 1048 1022 1113 1144 1168 1032 1032 956 934 851 684 606 539 476 312 188 67 
81 232 406 540 718 772 928 956 1060 1112 1223 1172 1237 1186 1104 1169 905 891 852 730 564 544 357 236 62 
103 273 458 740 746 928 1131 1075 1188 1291 1330 1337 1316 1204 1217 1193 1057 1013 941 750 696 546 425 224 101 
103 310 459 655 783 957 1140 1177 1272 1310 1365 1503 1427 1392 1391 1324 1178 1215 938 813 767 560 398 295 92 
113 313 544 703 811 968 1034 1315 1335 1452 1476 1552 1447 1429 1526 1427 1298 1198 1095 922 726 636 451 289 99 
600 97 85 74 65 95 74 73 107 100 72 88 106 74 93 89 98 93 37 86 59 41 34 19 12 
63 101 151 158 202 169 144 208 238 251 233 241 234 224 222 221 219 173 173 142 114 94 76 49 9 
65 128 171 189 155 218 271 266 298 338 367 332 315 337 296 324 298 266 256 171 166 136 87 49 26 
40 135 178 222 276 284 278 346 385 409 450 401 386 376 361 307 303 281 293 236 189 155 125 71 29 
50 101 212 274 311 355 354 429 450 512 506 492 478 510 515 442 428 400 346 270 247 184 139 94 18 
57 155 228 276 317 425 431 481 513 584 591 612 560 538 557 546 530 488 471 367 265 229 155 113 29 
46 159 188 342 414 456 497 638 611 627 652 669 654 696 630 602 669 451 465 435 396 269 224 100 35 
57 152 293 367 436 513 647 649 799 775 804 838 803 779 755 722 689 594 555 461 354 293 244 160 38 
69 187 283 404 550 673 709 749 772 881 860 911 915 823 888 782 658 636 635 574 484 380 283 131 61 
62 217 328 443 666 688 821 838 932 956 984 930 1015 989 984 910 893 756 739 619 501 463 287 160 77 
75 214 364 556 660 779 876 1012 956 1095 1074 1133 1135 1113 966 967 922 822 801 640 546 454 346 197 96 
71 273 425 575 680 782 868 1060 1113 1246 1227 1267 1198 1229 1224 1029 1117 1037 827 744 666 520 352 224 94 
94 290 456 617 780 919 1052 1034 1161 1242 1341 1382 1340 1289 1223 1242 1233 1084 976 789 694 553 418 290 75 
101 299 532 705 885 954 1146 1175 1425 1349 1481 1423 1591 1504 1484 1335 1375 1212 1091 904 820 699 515 300 105 
121 308 583 691 899 1121 1280 1334 1441 1577 1666 1573 1680 1603 1611 1545 1512 1322 1154 942 893 697 474 269 91 
144 388 609 816 899 1241 1417 1458 1612 1725 1751 1936 1744 1785 1696 1703 1558 1452 1255 1053 950 719 538 347 84 
560 68 62 72 81 91 101 98 96 104 126 113 104 104 106 109 60 93 58 73 53 58 37 26 6 
54 119 158 155 212 223 246 238 232 236 278 286 257 277 256 246 241 224 214 190 138 84 59 49 4 
46 126 161 146 247 247 271 334 322 360 374 348 369 332 365 323 330 290 236 234 204 147 97 50 25 
54 125 194 228 266 328 356 391 396 461 436 433 443 420 384 430 417 345 333 271 216 165 137 75 30 
43 111 203 249 295 386 438 449 519 493 512 567 521 503 483 526 502 445 369 298 247 224 177 84 25 
61 151 256 343 390 476 484 553 564 679 651 710 614 704 589 593 578 491 436 410 320 272 191 113 44 
51 137 273 350 435 559 560 582 690 761 689 804 827 809 755 683 628 666 507 443 401 322 229 119 63 
51 189 283 431 561 643 686 762 901 914 817 881 930 874 864 790 696 676 616 552 478 322 255 207 40 
66 224 305 434 597 667 783 894 942 1013 972 998 973 1035 962 915 844 857 659 600 521 406 281 187 53 
71 229 419 499 652 766 916 936 1043 1047 1185 1115 1100 1089 1007 978 947 874 782 719 589 452 305 206 95 
81 264 388 584 669 905 961 1046 1089 1179 1211 1227 1190 1242 1066 1145 1028 990 881 769 592 514 375 202 78 
105 287 472 663 809 949 1025 1196 1194 1321 1263 1283 1311 1276 1281 1305 1157 1225 981 888 677 610 433 276 94 
89 358 517 720 839 1068 1180 1246 1263 1351 1441 1511 1485 1461 1421 1410 1354 1227 1076 1000 804 632 450 300 101 
124 308 569 820 944 1123 1193 1355 1469 1530 1619 1661 1755 1727 1553 1637 1437 1455 1226 1006 874 750 487 322 118 
151 360 600 799 1066 1326 1378 1578 1583 1782 1923 1940 1941 1875 1943 1699 1593 1530 1332 1137 913 705 593 395 121 
142 380 685 854 1113 1369 1580 1741 1750 2018 2050 2046 2073 2073 2033 1847 1787 1631 1432 1212 1127 859 592 368 127 
570 93 93 89 87 106 109 98 117 127 125 134 100 143 134 119 101 90 86 71 53 60 53 30 5 
52 162 219 226 231 269 267 281 283 312 325 341 306 345 361 296 250 275 207 176 172 127 94 75 14 
33 145 187 227 289 330 313 375 411 345 429 351 463 468 464 344 400 364 297 274 209 185 112 68 27 
36 140 212 255 377 402 448 465 428 573 550 548 518 496 481 453 406 442 370 303 271 220 155 83 25 
35 165 265 304 369 530 564 608 554 637 718 657 616 633 675 569 604 541 451 375 332 239 177 104 51 
61 201 241 344 478 475 639 635 678 769 750 784 798 736 711 717 625 544 553 496 394 367 217 154 41 
73 209 291 423 534 599 705 786 855 844 788 858 945 888 838 834 771 688 643 586 496 357 291 160 55 
60 220 377 533 625 716 804 872 967 966 1056 1142 1058 978 991 974 835 809 780 624 486 456 332 176 59 
72 254 411 525 690 847 974 972 1062 1199 1266 1253 1250 1147 1116 1106 945 902 912 679 630 539 361 230 87 
102 243 462 603 777 824 1112 1144 1147 1331 1346 1335 1269 1315 1307 1137 1147 1036 952 820 703 566 426 233 103 
103 322 514 743 905 1005 1081 1247 1400 1400 1401 1406 1561 1454 1319 1267 1314 1205 1053 859 726 665 494 249 87 
118 354 572 744 998 1092 1271 1356 1513 1585 1565 1519 1688 1712 1534 1539 1407 1304 1159 1040 860 679 515 314 99 
128 422 597 833 1050 1260 1399 1405 1570 1860 1802 1860 1698 1802 1731 1722 1578 1466 1297 1198 960 797 556 317 98 
159 439 741 909 1186 1372 1566 1700 1730 1821 1981 2017 2122 1997 1968 1731 1697 1578 1380 1213 1027 839 579 400 104 
158 420 767 910 1186 1440 1632 1819 1990 2047 2203 1999 2217 2181 2036 1969 1759 1734 1564 1319 1120 846 634 440 115 
148 499 870 1100 1368 1556 1831 1951 2149 2367 2392 2263 2337 2416 2131 1984 2059 1921 1593 1474 1209 976 673 406 132 
672 66 85 84 89 116 132 107 105 142 173 126 164 130 120 125 111 126 123 74 69 60 46 25 7 
64 210 173 252 229 276 292 363 332 344 386 349 373 315 419 351 311 296 263 204 171 138 104 59 21 
50 150 195 246 389 331 394 436 421 465 462 466 488 448 464 404 401 387 319 335 255 183 156 64 39 
58 150 242 304 352 443 429 528 528 552 571 564 598 600 605 576 609 507 443 333 298 233 155 86 22 
74 165 249 351 422 544 589 583 618 714 834 736 681 772 717 769 633 618 475 437 338 283 221 130 46 
62 206 296 431 524 597 641 765 810 885 900 937 829 887 878 782 753 662 592 561 463 313 226 112 43 
69 196 343 506 587 810 873 919 896 1022 1036 1013 1101 1025 969 903 879 816 665 628 594 405 331 190 67 
88 243 390 536 733 887 988 1052 1118 1154 1230 1138 1190 1126 1055 1017 1025 867 840 768 644 515 384 183 71 
64 263 436 617 776 886 1100 1143 1225 1313 1255 1317 1396 1240 1233 1130 1114 999 886 794 668 614 396 257 89 
109 324 457 736 880 1019 1097 1134 1308 1461 1536 1441 1484 1464 1445 1462 1227 1175 991 866 781 618 421 287 117 
96 292 544 826 970 1113 1309 1462 1467 1475 1620 1615 1680 1658 1655 1587 1370 1356 1158 1067 866 681 512 336 104 
152 402 655 943 1064 1265 1400 1558 1694 1785 1850 1916 2014 1857 1757 1722 1700 1455 1287 1149 926 811 565 346 122 
128 428 772 895 1124 1358 1498 1834 1931 2028 2152 2023 2024 2084 2065 1844 1784 1596 1421 1219 1089 842 617 345 100 
175 485 801 990 1207 1466 1723 1943 1964 2209 2216 2272 2317 2202 2082 2059 2049 1793 1545 1371 1178 889 631 365 135 
163 520 769 1154 1421 1676 1896 2060 2352 2297 2512 2339 2608 2468 2447 2280 2149 1984 1679 1386 1265 993 705 517 139 
191 584 904 1147 1553 1709 2111 2222 2344 2580 2773 2694 2896 2683 2490 2491 2275 2050 1882 1621 1340 1143 794 503 164 
688 84 100 128 110 106 136 161 126 184 143 172 189 176 187 199 139 135 141 108 81 58 56 37 11 
81 152 223 246 284 318 336 361 397 380 392 411 411 444 391 345 359 325 289 252 222 174 120 92 23 
77 135 218 246 315 400 467 458 452 463 470 537 600 534 422 527 422 447 373 346 264 245 186 112 32 
63 145 261 433 458 506 585 620 632 640 647 628 670 656 689 660 591 607 452 426 345 253 213 114 36 
58 212 298 466 543 586 638 732 715 760 763 792 816 858 749 853 777 724 560 517 404 315 212 147 35 
84 213 350 499 590 708 756 836 864 898 958 1023 1059 1015 928 984 873 735 688 509 476 385 309 198 61 
96 251 443 535 698 802 960 997 1112 1160 1071 1141 1105 1129 1045 1000 1020 899 842 717 612 457 366 172 76 
105 303 441 623 850 1038 1079 1162 1284 1231 1335 1343 1213 1389 1211 1273 1187 987 901 824 672 531 396 190 77 
102 298 495 718 851 1078 1288 1224 1371 1339 1453 1501 1427 1615 1496 1275 1230 1045 1038 946 709 540 447 257 83 
102 339 548 716 1013 1165 1288 1406 1703 1532 1641 1702 1589 1632 1650 1538 1457 1292 1221 1037 886 817 489 341 97 
153 426 614 916 1120 1237 1522 1679 1802 1720 1895 1883 1890 1973 1891 1803 1643 1381 1391 1251 1050 831 615 309 132 
132 432 681 979 1166 1290 1538 1695 1966 1971 2179 2096 2231 2079 2055 1929 1871 1640 1435 1269 1084 899 600 413 129 
141 448 761 1059 1307 1476 1734 2083 2191 2283 2438 2364 2213 2383 2201 2164 2073 1746 1680 1491 1166 945 708 401 140 
158 535 800 1171 1416 1694 1965 2205 2241 2472 2419 2525 2557 2650 2511 2448 2220 2002 1679 1501 1302 1023 808 473 130 
202 549 1026 1290 1666 1811 2187 2307 2479 2740 2818 2817 2874 2791 2819 2394 2329 2113 2114 1610 1536 1212 766 475 164 
213 669 999 1381 1654 2028 2278 2658 2876 2932 3012 2887 2979 3003 2969 2746 2518 2421 2154 1810 1580 1237 968 491 203 
753 92 140 109 132 181 158 138 189 211 181 197 207 167 216 199 165 107 147 122 82 74 54 28 4 
98 182 248 313 311 362 388 473 431 481 460 479 514 448 508 443 375 380 326 277 275 203 107 87 22 
63 178 277 325 399 443 533 550 565 593 559 644 659 596 608 585 525 486 438 389 336 265 176 86 44 
65 168 360 372 472 612 595 724 725 743 801 809 756 800 751 663 632 536 516 433 382 297 219 125 43 
65 185 339 447 562 682 715 837 893 952 886 943 1039 1012 878 911 794 746 618 601 525 388 277 137 41 
72 237 406 535 642 819 884 1039 1070 1084 1126 1165 1161 1237 1149 990 928 832 817 727 542 475 363 196 74 
85 270 464 672 727 796 1100 1148 1323 1305 1308 1369 1329 1276 1171 1244 1161 997 899 838 682 551 412 230 60 
89 330 517 683 871 1092 1167 1401 1355 1523 1530 1537 1511 1550 1505 1436 1328 1194 1010 960 830 600 425 300 69 
103 332 602 842 974 1105 1385 1478 1592 1635 1787 1761 1621 1738 1627 1548 1541 1400 1265 1031 873 723 509 346 91 
90 423 647 893 1179 1242 1609 1674 1807 1753 1944 1951 1898 1932 1807 1826 1685 1544 1430 1223 1048 830 572 354 121 
155 483 744 1027 1213 1445 1734 1822 1953 2054 2049 2121 2070 2233 2112 2034 1786 1683 1512 1371 1143 955 640 430 148 
141 523 834 1206 1365 1733 2013 1982 2168 2346 2357 2416 2486 2440 2381 2193 2202 1881 1642 1484 1210 1060 720 458 184 
140 552 912 1230 1446 1794 2014 2350 2407 2653 2669 2716 2726 2716 2630 2425 2259 2146 1910 1672 1426 1164 842 446 173 
220 597 998 1388 1706 2008 2190 2452 2794 2822 3056 2974 3006 3056 2948 2650 2455 2362 2142 1707 1543 1308 936 532 196 
218 668 1096 1507 1809 2130 2543 2709 2951 3163 3201 3153 3208 3236 3301 2912 2797 2435 2376 1951 1634 1468 941 565 178 
264 688 1192 1544 1916 2276 2673 2671 3269 3391 3432 3425 3475 3508 3419 3216 2968 2702 2513 2247 1765 1397 1067 574 207 
869 112 153 149 141 178 215 183 208 240 222 233 221 206 229 229 193 186 147 126 129 80 68 32 7 
85 239 308 290 397 425 466 548 448 508 582 586 542 593 535 545 493 425 407 385 279 214 146 86 29 
76 253 326 356 502 526 586 658 649 751 695 702 754 724 703 639 590 529 525 454 372 282 205 103 42 
65 234 351 479 612 676 707 796 866 882 911 881 934 906 848 874 768 677 571 564 474 300 255 127 50 
84 252 393 542 680 788 943 1013 1023 1004 998 1110 1004 1154 1011 929 889 925 727 644 528 405 270 177 40 
76 251 522 686 829 897 1048 1147 1110 1256 1209 1267 1348 1345 1231 1149 1114 1000 960 794 698 517 369 228 62 
110 288 537 749 873 1061 1210 1393 1395 1527 1491 1561 1535 1521 1538 1477 1408 1170 1158 973 798 630 449 274 71 
109 356 619 837 991 1222 1275 1478 1618 1667 1746 1771 1624 1670 1706 1562 1462 1336 1290 1087 940 706 461 324 78 
108 379 596 926 1138 1349 1575 1822 1784 1830 2042 2011 1935 2004 1898 1749 1689 1503 1420 1164 1007 865 624 349 112 
129 407 759 1020 1348 1565 1867 1988 2074 2064 2173 2215 2150 2172 2093 2173 1934 1715 1580 1346 1201 968 706 367 128 
154 535 833 1175 1544 1641 1883 2072 2303 2275 2439 2475 2427 2466 2271 2303 2144 1917 1831 1531 1179 1009 764 416 153 
176 552 927 1364 1654 1943 2084 2373 2461 2562 2661 2709 2786 2759 2710 2403 2365 2077 1959 1698 1358 1178 856 475 129 
188 632 1036 1486 1669 2033 2349 2646 2713 2920 3010 2964 3105 3098 3014 2793 2510 2472 2200 1909 1569 1315 954 501 186 
214 715 1146 1503 1950 2129 2611 2818 3114 3278 3183 3206 3353 3326 3258 3100 2820 2660 2414 2061 1746 1473 960 592 215 
248 716 1243 1617 2153 2378 2736 2994 3384 3472 3627 3770 3525 3692 3344 3374 3136 2706 2515 2170 1915 1542 1064 603 209 
287 766 1321 1664 2279 2615 2972 3373 3543 3864 3695 3799 3953 4032 4025 3696 3338 3167 2796 2281 1987 1603 1172 716 271 
912 159 149 171 202 175 218 248 214 250 243 249 230 252 228 233 207 202 203 154 135 107 64 57 21 
96 255 342 384 416 508 493 597 614 665 617 683 647 652 574 550 516 468 521 396 401 280 212 118 40 
90 253 412 458 545 656 672 701 786 787 831 848 817 839 909 787 765 665 675 552 441 370 229 165 45 
90 244 445 529 698 737 868 847 1014 901 981 1052 1078 996 1020 997 924 849 753 640 517 423 346 216 61 
112 321 445 687 736 869 1062 1071 1242 1205 1232 1384 1318 1155 1306 1168 1117 1046 882 824 641 490 355 254 80 
134 325 612 775 917 1069 1303 1275 1429 1533 1504 1638 1599 1446 1475 1435 1389 1208 1056 889 792 578 448 274 110 
133 406 693 890 1135 1303 1423 1439 1759 1865 1796 1902 1826 1755 1722 1579 1581 1390 1336 1223 999 702 484 292 103 
149 429 739 1082 1157 1462 1664 1758 1838 2048 2103 2116 2155 2034 1873 1781 1694 1669 1530 1206 987 793 531 337 108 
175 546 792 1086 1410 1765 1829 2031 2139 2333 2325 2346 2377 2238 2263 2207 2008 1849 1613 1531 1082 967 658 400 113 
203 522 844 1188 1484 1793 2008 2153 2411 2529 2728 2804 2660 2764 2517 2442 2254 2041 1816 1719 1391 1153 806 447 136 
232 606 976 1466 1792 2033 2263 2454 2684 2931 2936 2968 3048 3043 3018 2744 2630 2383 2168 1833 1500 1184 806 470 172 
218 611 1034 1548 1966 2318 2539 2860 3047 3238 3292 3363 3609 3337 3142 2903 2850 2534 2404 2041 1790 1397 945 582 186 
192 682 1174 1523 2048 2436 2763 3208 3345 3690 3714 3913 3706 3644 3525 3256 3266 2844 2460 2190 1910 1470 1076 687 209 
256 763 1360 1888 2327 2591 3170 3242 3683 3778 4049 4017 4050 3899 3964 3703 3515 3290 2750 2329 2051 1625 1197 814 244 
266 834 1477 1959 2536 2806 3365 3621 3915 4198 4317 4316 4435 4477 4099 4063 3802 3439 3157 2577 2196 1954 1256 759 239 
305 849 1546 2143 2710 3176 3732 4026 4369 4656 4642 4807 4710 4700 4468 4410 4103 3813 3245 2822 2381 1934 1300 794 255 
884 152 175 154 186 221 217 236 262 285 255 279 305 342 270 233 202 200 171 178 147 98 87 56 23 
112 269 350 419 523 511 565 659 628 676 700 626 679 668 576 642 579 498 411 458 344 283 196 115 43 
81 241 408 521 621 622 727 768 803 856 882 907 886 928 869 802 770 730 655 548 454 405 250 135 60 
75 271 420 616 729 868 942 905 1031 1092 1149 1158 1136 1247 1013 1020 1008 909 799 681 556 498 319 211 64 
112 290 491 701 791 923 1100 1219 1285 1351 1450 1519 1434 1404 1253 1145 1192 1031 964 898 724 611 366 240 72 
134 368 608 720 892 1117 1246 1569 1593 1745 1678 1701 1692 1637 1689 1503 1564 1326 1093 1033 814 675 500 256 95 
128 388 643 918 1244 1353 1445 1604 1781 1810 1891 1854 1817 1861 1896 1674 1628 1513 1324 1294 1122 784 514 334 128 
139 472 739 1084 1277 1542 1684 2019 2030 2038 2193 2228 2240 2114 2100 2018 1845 1711 1474 1338 1118 957 680 407 121 
217 453 961 1236 1451 1797 2009 2208 2304 2419 2479 2548 2669 2447 2424 2299 2098 2016 1783 1619 1373 1064 824 394 171 
185 580 994 1393 1611 1919 2164 2409 2460 2860 2817 2803 2967 2953 2757 2645 2527 2289 2007 1911 1492 1198 862 479 163 
215 611 1105 1579 1840 2319 2348 2713 2893 3179 3159 3297 3130 3251 3132 2959 2712 2542 2344 2041 1618 1332 910 629 186 
275 685 1217 1674 1936 2277 2685 3075 3302 3405 3564 3532 3529 3558 3452 3347 3082 2772 2378 2198 1864 1583 1080 611 213 
238 842 1319 1799 2315 2731 3034 3264 3583 3731 3953 4195 3815 4038 3765 3524 3386 3044 2787 2398 2138 1655 1101 725 243 
292 878 1512 2046 2515 2883 3242 3835 3880 4272 4149 4287 4334 4420 4108 3928 3819 3462 2962 2652 2210 1870 1171 864 246 
309 924 1520 2126 2719 3149 3592 3910 4205 4656 4752 4926 4896 4558 4372 4416 3910 3617 3164 2864 2359 1893 1311 826 260 
337 1072 1667 2364 2859 3386 3847 4327 4618 4836 4984 4938 4985 5187 4955 4714 4372 4011 3568 3157 2508 1940 1488 894 280 
1040 172 211 232 242 269 303 285 300 314 354 359 354 359 365 315 314 250 227 193 155 137 102 60 21 
150 303 388 453 582 642 692 786 749 853 916 851 811 810 769 733 690 660 672 511 426 311 230 119 42 
118 294 447 650 700 817 891 986 1033 1060 1066 1085 1098 1105 1095 986 943 851 661 705 561 436 256 172 66 
102 297 539 634 799 1047 1087 1153 1280 1326 1349 1282 1308 1440 1296 1237 1091 1071 860 811 606 546 382 210 84 
123 337 646 732 1023 1137 1309 1504 1525 1622 1652 1685 1698 1568 1498 1532 1465 1212 1211 924 901 604 504 275 83 
156 431 690 1078 1143 1427 1618 1686 1837 1842 1966 1885 2010 1934 1869 1811 1617 1504 1396 1211 1031 755 567 344 125 
135 480 792 1031 1406 1494 1762 1934 2086 2141 2126 2297 2281 2138 2106 2042 1789 1733 1556 1361 1191 958 632 379 148 
178 487 862 1224 1426 1900 2078 2285 2396 2482 2460 2506 2478 2474 2428 2373 2202 2048 1742 1481 1399 1041 825 488 181 
192 643 960 1344 1805 2033 2314 2478 2688 2773 2863 2907 2969 2875 2915 2771 2568 2297 2121 1949 1586 1238 928 513 195 
210 704 1156 1591 1970 2233 2480 2711 2945 3158 3438 3558 3277 3231 3311 3177 2946 2494 2511 2068 1733 1380 935 557 202 
262 748 1250 1777 2078 2543 2891 3191 3409 3556 3707 3882 3859 3856 3552 3420 3185 2966 2712 2300 1881 1518 1188 713 247 
291 813 1390 2033 2288 2799 3268 3589 3807 4058 4191 4101 4208 4106 3922 3770 3540 3432 3005 2556 2194 1739 1292 829 262 
364 957 1580 2113 2703 2911 3582 3925 4198 4527 4665 4733 4565 4710 4595 4337 4026 3660 3334 2860 2253 1892 1455 917 271 
370 973 1789 2403 3037 3357 3827 4105 4512 4880 4964 5003 5078 4956 4862 4568 3911 3835 3654 3082 2520 2030 1468 935 257 
371 1074 1765 2356 3195 3744 4186 4825 5085 5223 5372 5556 5413 5251 5128 5006 4707 4293 3846 3317 2782 2202 1562 944 335 
449 1227 1983 2733 3403 4208 4531 4982 5436 5527 5760 5985 5811 5805 5672 5413 4933 4637 4112 3613 3005 2452 1824 1045 362 
991 179 212 224 233 303 283 310 320 383 391 366 371 345 383 378 282 267 266 210 180 130 122 70 20 
107 348 400 541 599 652 687 806 882 944 855 886 939 908 835 777 732 736 637 477 424 345 288 152 59 
114 343 513 638 720 874 1004 985 1072 1122 1103 1157 1305 1152 1196 998 1050 881 818 785 552 425 329 187 75 
114 304 619 727 914 1106 1154 1305 1300 1360 1479 1484 1509 1465 1330 1366 1221 1123 1013 895 671 567 426 280 94 
105 384 636 840 1058 1234 1440 1635 1661 1834 1721 1858 1910 1657 1617 1555 1479 1407 1239 1001 981 702 525 275 99 
176 467 709 1024 1260 1472 1664 1902 2053 2092 1969 2088 2055 2096 2045 1936 1825 1795 1383 1334 1054 896 602 407 102 
174 522 831 1207 1534 1728 1837 2026 2275 2327 2331 2427 2458 2434 2333 2231 2127 1865 1709 1432 1301 984 679 488 153 
209 582 890 1305 1656 1959 2222 2570 2625 2697 2762 2861 2861 2824 2705 2609 2414 2312 1913 1696 1422 1236 773 540 179 
258 647 1093 1505 1917 2230 2507 2687 2877 3114 3107 3131 3278 3236 3094 3004 2759 2504 2363 1928 1655 1361 938 590 194 
236 728 1295 1707 2067 2565 2802 3115 3398 3520 3501 3573 3794 3593 3325 3322 3162 2835 2545 2078 1876 1525 1058 553 208 
256 850 1365 1837 2290 2742 3131 3450 3686 4029 3982 4174 4119 3830 3809 3753 3510 3180 2811 2427 2074 1651 1304 714 255 
372 870 1556 2112 2509 3154 3514 3659 3960 4222 4628 4448 4662 4461 4329 4113 3821 3397 3198 2715 2209 1829 1295 742 296 
340 1003 1759 2167 2839 3324 3858 4153 4495 4756 4899 5101 5062 4894 4770 4517 4148 3813 3447 3140 2570 1964 1463 897 284 
371 1127 1780 2510 2967 3808 4185 4676 4891 5185 5323 5446 5399 5286 5309 4935 4560 4170 3691 3238 2721 2145 1610 910 389 
342 1173 2033 2653 3227 3925 4515 4926 5344 5680 5751 5819 5813 5834 5800 5257 5010 4538 4103 3493 2949 2513 1806 927 341 
441 1330 2107 2750 3684 4086 4853 5261 5885 6099 6176 6354 6326 6243 6069 5587 5299 4745 4310 3775 3251 2493 1987 1122 365 
1071 213 192 273 271 330 307 384 303 378 432 384 389 404 374 354 343 337 311 231 206 132 146 62 30 
138 406 535 580 643 762 823 888 983 1091 1041 969 1004 932 973 853 887 776 749 588 454 372 318 169 62 
160 379 570 729 872 1000 1058 1085 1311 1341 1301 1303 1299 1283 1220 1218 1194 1127 963 758 644 540 366 204 80 
136 395 636 788 1046 1182 1254 1433 1437 1571 1596 1532 1541 1659 1499 1397 1391 1239 1121 908 893 680 482 290 78 
135 496 758 1070 1197 1331 1546 1625 1694 1947 2037 2012 1885 1967 1805 1804 1511 1502 1372 1226 1012 733 533 359 129 
175 522 808 1175 1496 1695 1867 2108 2066 2411 2373 2348 2344 2287 2235 2165 2067 1862 1624 1473 1111 962 679 445 109 
183 614 895 1342 1745 1992 2001 2440 2487 2489 2672 2553 2696 2619 2655 2509 2355 2173 1840 1595 1445 1069 831 465 157 
219 683 1131 1482 1840 2012 2421 2616 2938 2891 3002 3040 3091 3105 3004 2854 2947 2510 2220 1964 1582 1316 844 595 173 
232 728 1226 1650 2105 2465 2916 3097 3216 3353 3482 3507 3585 3563 3461 3305 2882 2859 2542 2256 1780 1373 1065 682 183 
296 797 1311 1892 2368 2816 3040 3567 3731 3826 4025 4257 3869 4044 3854 3678 3444 3118 2658 2391 1935 1639 1057 697 229 
310 943 1521 2007 2543 3183 3647 3806 4136 4238 4507 4644 4533 4527 4528 4293 3996 3651 3170 2675 2365 1829 1320 751 266 
336 1004 1675 2331 2969 3401 3794 4210 4515 4907 5024 5158 4821 4866 4696 4738 4154 4058 3513 3132 2586 1901 1517 841 295 
382 1061 1839 2492 3115 3691 4151 4813 5164 5099 5273 5557 5466 5578 5329 5038 4672 4254 3823 3337 2888 2240 1633 1022 328 
375 1234 2003 2649 3237 4060 4797 5275 5414 5820 5869 5832 5975 6004 5796 5709 5114 4787 4203 3784 3129 2472 1801 987 386 
414 1228 2146 3023 3651 4533 5035 5554 6019 6385 6459 6471 6664 6279 6308 6085 5575 4997 4540 4066 3369 2642 1746 1231 377 
470 1363 2257 3252 4050 4688 5352 6119 6485 6617 7034 7137 7073 6823 6830 6337 6026 5471 4973 4067 3638 2834 2000 1309 443 
1241 255 289 289 368 398 342 394 366 503 475 496 461 450 427 385 432 395 375 322 240 184 135 105 27 
216 483 600 748 798 874 1030 1095 1133 1231 1306 1229 1265 1202 1180 1153 1134 999 846 734 631 497 341 184 75 
138 433 618 935 1050 1104 1247 1369 1594 1577 1601 1604 1556 1617 1611 1389 1296 1220 1075 961 767 655 447 290 80 
165 471 728 963 1216 1274 1614 1804 1848 1971 2050 1933 1919 1876 1810 1755 1652 1476 1396 1092 1075 775 541 346 118 
162 549 870 1200 1529 1768 1950 2072 2140 2388 2493 2468 2396 2272 2120 2171 1991 1912 1726 1383 1267 989 749 459 142 
246 600 985 1357 1757 1950 2297 2384 2564 2823 2797 2781 2784 2841 2657 2366 2410 2148 1953 1751 1433 1099 825 500 148 
222 707 1217 1601 1959 2338 2467 2764 2972 3078 3309 3202 3134 3115 3018 2918 2777 2447 2339 2028 1575 1334 1018 616 220 
262 814 1328 1814 2231 2636 2960 3193 3579 3494 3778 3685 3714 3712 3707 3410 3315 2934 2773 2322 2014 1518 1037 698 239 
330 850 1556 2011 2546 2964 3135 3545 3712 3991 4119 4265 4126 4117 4055 3883 3519 3400 2994 2738 2215 1753 1202 780 226 
364 1060 1633 2264 2812 3384 3728 4156 4378 4522 4701 4799 5031 4662 4578 4355 4203 3784 3347 2944 2489 1854 1479 871 316 
369 1123 1865 2517 3153 3639 4262 4514 4911 5122 5505 5480 5498 5337 5166 4971 4529 4275 3742 3329 2762 2275 1607 1021 340 
456 1281 2020 2700 3513 4020 4425 5046 5479 5820 5831 5820 5852 5835 5616 5460 5079 4631 4129 3577 3252 2521 1738 1049 347 
477 1297 2180 3194 3931 4444 5072 5468 5968 6217 6383 6531 6727 6523 6370 5666 5614 5161 4378 3924 3392 2675 1935 1110 383 
478 1428 2404 3210 4075 4837 5455 6132 6303 6968 7179 6898 7074 7099 6655 6513 5911 5582 4976 4364 3546 2744 2036 1316 433 
518 1690 2491 3568 4450 5193 6013 6354 7081 7414 7490 7863 7650 7293 7261 6957 6547 6070 5021 4572 3857 3146 2159 1367 450 
635 1718 2910 4027 4699 5528 6480 7095 7566 7761 8186 8247 8260 7853 7906 7398 6947 6188 5702 4896 4283 3394 2286 1380 462 
1217 248 281 341 330 363 381 410 479 507 516 503 503 482 536 463 423 431 377 352 236 206 153 96 31 
211 442 626 736 824 945 1119 1263 1161 1266 1247 1230 1228 1261 1203 1193 1100 1067 846 709 635 533 421 228 75 
217 492 653 922 1045 1214 1324 1384 1460 1606 1609 1658 1655 1623 1619 1482 1392 1207 1131 1045 940 607 461 306 103 
193 493 741 1007 1186 1493 1609 1816 1900 1868 2016 2005 2068 2033 2005 1899 1748 1538 1463 1264 1036 906 580 356 133 
192 608 964 1350 1577 1828 2113 2088 2366 2509 2552 2471 2484 2474 2411 2215 2046 1954 1725 1556 1302 1092 718 426 147 
248 687 1013 1434 1771 2122 2347 2597 2653 2718 2843 2789 2809 2989 2963 2615 2533 2276 2016 1787 1490 1168 893 611 165 
233 819 1226 1700 1971 2407 2745 2978 3109 3254 3328 3536 3487 3381 3271 3184 2823 2612 2421 2122 1784 1326 1061 613 262 
309 832 1438 1958 2344 2667 3033 3690 3639 3871 3792 3850 3995 4050 3711 3723 3217 3365 2836 2375 1983 1571 1162 705 245 
350 889 1691 2121 2591 3152 3492 3774 4257 4308 4503 4620 4543 4425 4394 4372 3830 3537 3238 2683 2275 1795 1341 805 297 
359 1047 1787 2347 2830 3520 3866 4442 4765 4805 5023 5178 5103 5096 4662 4616 4535 4064 3610 3158 2593 2014 1530 898 304 
439 1247 1872 2614 3298 4012 4247 4948 5150 5516 5620 5802 5559 5560 5578 5120 4960 4459 3924 3566 2947 2322 1723 994 334 
494 1325 2064 2975 3676 4249 4967 5317 5614 5825 6126 6137 6300 6203 5876 5751 5175 4736 4381 3917 3232 2480 1915 1214 372 
503 1346 2303 3262 3991 4750 5622 5948 6319 6698 6610 7042 6853 6852 6497 6115 6032 5543 4925 4224 3470 2824 2000 1257 420 
553 1551 2437 3441 4342 5029 5895 6319 6757 7261 7443 7413 7472 7338 7284 7016 6396 5893 5238 4683 3942 2930 2101 1340 413 
551 1665 2730 3799 4669 5508 6043 6733 7313 7863 7801 8289 7934 7609 7702 7342 6903 6221 5552 4850 4105 3207 2237 1369 500 
601 1799 3026 4129 5086 5788 6935 7588 8053 8115 8413 8653 8639 8593 8553 7949 7477 6817 6057 5300 4615 3529 2463 1549 507 
1384 310 340 356 359 446 495 508 559 544 531 542 543 562 600 509 502 483 371 353 301 226 175 94 45 
247 467 722 819 933 1073 1110 1290 1307 1424 1413 1364 1452 1372 1482 1308 1198 1021 985 968 774 557 406 240 63 
208 481 751 939 1212 1300 1524 1565 1718 1908 1839 1956 1769 1847 1584 1707 1591 1452 1193 1171 1025 722 594 377 102 
179 579 1005 1170 1541 1724 1854 2027 2207 2368 2401 2355 2264 2165 2228 2152 2049 1894 1599 1418 1151 1001 701 423 125 
196 616 1063 1491 1769 2059 2301 2343 2547 2723 2921 2781 2797 2855 2657 2555 2466 2128 1984 1832 1352 1125 845 484 177 
219 741 1270 1579 1958 2358 2502 2822 3063 3161 3264 3208 3348 3109 3071 3185 2766 2593 2295 1989 1642 1446 907 558 212 
260 868 1435 1882 2370 2847 3075 3395 3575 3714 3836 3952 3863 3788 3734 3611 3310 3022 2692 2373 2036 1525 1170 720 242 
335 984 1646 2167 2622 3230 3484 3666 3896 4223 4463 4553 4487 4447 4244 4168 3893 3507 3086 2713 2193 1845 1409 783 223 
338 1146 1745 2460 2962 3468 4118 4367 4701 4965 5154 5100 5088 5032 5050 4881 4297 3852 3613 3060 2544 2071 1562 955 285 
402 1218 1988 2636 3348 3821 4608 4909 5228 5556 5741 5986 5812 5787 5329 5238 4847 4473 4071 3645 2979 2287 1675 1029 363 
419 1285 2207 2972 3646 4346 5117 5597 5973 6163 6477 6446 6352 6348 6080 5947 5438 4786 4400 3989 3308 2586 1837 1145 392 
545 1447 2275 3217 4146 4700 5431 6056 6455 6738 6981 7041 7029 7031 6712 6259 6035 5578 5157 4433 3583 2796 2023 1277 415 
509 1627 2737 3478 4464 5246 5991 6467 7125 7606 7461 7751 7711 7522 7531 7165 6713 6229 5466 4536 3859 3181 2160 1349 438 
566 1770 2824 3933 4842 5690 6453 7047 7653 7972 8487 8518 8935 8166 8004 7743 7268 6699 6201 5190 4346 3411 2468 1385 493 
631 1943 3054 4252 5286 6334 7062 7833 8416 8623 9301 9218 9308 9070 8726 8199 7971 7229 6472 5557 4538 3626 2631 1588 578 
677 1988 3197 4587 5890 6823 7704 8311 8980 9605 9887 9703 9747 9647 9417 8990 8462 7632 7033 6101 4993 3891 2908 1727 538 
1442 269 319 374 418 408 478 536 580 621 639 638 601 579 552 624 551 502 473 426 297 225 175 111 24 
239 547 755 842 1039 1135 1258 1394 1531 1598 1612 1519 1569 1578 1483 1465 1330 1167 1110 955 781 629 482 270 85 
192 551 779 977 1267 1442 1526 1830 1885 1810 2037 2107 1963 1916 1875 1820 1734 1505 1444 1200 998 807 552 336 123 
190 580 953 1303 1531 1784 2028 2206 2429 2442 2474 2545 2572 2494 2503 2319 2190 1903 1823 1566 1257 1044 716 430 122 
210 689 1098 1637 1910 2226 2367 2607 2939 3003 3066 3026 2938 2926 2929 2787 2557 2343 2044 1807 1461 1196 874 496 233 
259 772 1305 1774 2173 2573 2948 3127 3234 3414 3362 3641 3716 3415 3511 3269 2956 2841 2396 2222 1827 1402 965 624 225 
305 895 1479 2136 2475 2976 3378 3710 3748 4178 4300 4298 4279 4256 3964 3807 3648 3287 2917 2602 2083 1681 1256 760 251 
340 988 1703 2295 2951 3344 3754 4171 4403 4797 4923 4931 5026 4953 4555 4175 3989 3603 3320 2921 2427 1916 1348 869 252 
350 1148 1900 2565 3179 3732 4271 4728 5186 5485 5493 5543 5831 5314 5437 4884 4733 4415 3645 3407 2749 2277 1586 1003 321 
474 1249 2059 2827 3523 4272 4840 5183 5798 6241 6306 6369 6274 6427 6104 5703 5267 5027 4292 3781 3150 2505 1997 1048 416 
479 1351 2318 3140 4023 4560 4982 6015 6345 6740 6954 6979 7202 6923 6395 6185 5814 5398 4997 4144 3556 2827 2029 1154 351 
525 1554 2570 3536 4347 5193 5990 6522 7152 7504 7737 7790 7591 7657 7351 6758 6432 6131 5441 4624 3651 3075 2378 1331 487 
543 1612 2816 3842 4711 5761 6414 7024 7570 8141 8270 8464 8276 8270 7984 7765 6906 6566 5960 5037 4107 3394 2535 1517 520 
648 1923 3066 4253 5164 6293 6967 7680 8413 8697 8739 8826 9144 8934 8582 8200 7664 6942 6386 5473 4700 3666 2616 1673 572 
727 2049 3362 4665 5693 6759 7676 8130 9043 9557 9675 9896 9648 9663 9310 8578 8368 7734 6780 6057 5031 4087 2991 1787 589 
687 2070 3643 4723 6239 7207 8112 9233 9476 10061 10410 10873 10486 10339 10251 9749 9071 8302 7429 6546 5567 4084 3218 1925 635 
1496 331 404 463 463 470 605 634 659 700 685 711 771 674 678 688 606 610 490 439 344 260 187 93 38 
228 623 922 995 1193 1247 1410 1499 1581 1747 1744 1812 1693 1722 1689 1578 1509 1427 1177 1039 921 727 485 336 104 
243 639 973 1181 1427 1619 1801 2107 2098 2158 2239 2347 2248 2124 2223 2147 1921 1722 1554 1352 1215 880 633 401 118 
239 710 1130 1426 1780 2107 2225 2450 2703 2890 2982 2888 2841 2813 2600 2518 2455 2241 2059 1714 1499 1200 840 465 174 
228 749 1317 1850 2123 2418 2638 3059 3265 3384 3424 3352 3374 3314 3150 3050 2856 2615 2300 2078 1757 1432 979 554 184 
302 810 1485 1906 2532 2980 3295 3507 3690 3686 3938 4065 4003 4098 3804 3575 3361 3301 2904 2450 2100 1685 1210 704 220 
357 1060 1653 2301 2904 3345 3557 4044 4436 4534 4589 4833 4738 4459 4459 4249 4082 3604 3216 2770 2399 1846 1343 835 280 
373 1100 2069 2609 3300 3700 4118 4638 5025 5311 5523 5428 5416 5358 5177 4904 4480 4172 3761 3424 2647 2196 1589 971 332 
432 1322 2200 2849 3480 4341 4828 5173 5443 5792 5977 6112 6279 6194 5630 5441 5254 4891 4351 3504 3157 2513 1866 1150 329 
457 1441 2443 3199 4230 4698 5381 5981 6350 6865 7107 7068 7157 6736 6460 6165 5949 5293 4738 4131 3617 2821 2044 1225 369 
488 1621 2643 3701 4396 5175 5922 6305 6856 7613 7503 7492 7534 7654 7207 6936 6615 5944 5485 4397 3970 3205 2322 1312 391 
593 1733 2897 3835 4976 5802 6574 7023 7638 8144 8192 8128 8420 8477 8022 7655 7124 6635 5793 5096 4196 3504 2481 1492 466 
638 1929 3190 4209 5263 6337 7270 7766 8300 9085 9082 9385 9393 9057 8826 8433 7765 7137 6461 5615 4675 3985 2776 1579 490 
640 2229 3445 4766 5657 7026 7755 8564 9194 9721 9943 9977 9967 9795 9689 9227 8405 7752 7010 6253 5116 4075 3028 1778 628 
680 2243 3810 5018 6111 7357 8434 9324 10061 10255 10554 10750 10702 10541 10509 9943 9356 8459 7878 6673 5676 4526 3209 1974 667 
738 2465 3996 5364 6629 8190 8885 10069 10725 11070 11350 11644 11498 11411 11207 10525 10362 9165 8196 7037 6045 4712 3392 2075 694 
1523 347 410 468 542 534 692 717 751 754 763 812 776 787 726 683 642 556 527 461 440 332 222 160 36 
257 676 929 1113 1307 1351 1646 1665 1896 1925 2024 2004 1984 1910 1831 1743 1594 1470 1381 1212 1015 831 579 323 126 
259 583 1035 1292 1550 1798 2137 2277 2441 2527 2579 2532 2378 2385 2321 2289 2052 1900 1826 1485 1316 998 679 422 147 
248 724 1271 1564 1893 2260 2501 2728 2994 3214 3283 3180 3129 3028 2881 2923 2624 2428 2251 1926 1653 1263 945 541 185 
300 866 1368 1902 2267 2667 2964 3209 3450 3729 3681 3688 3887 3606 3443 3320 3338 2994 2629 2280 1886 1511 1161 675 235 
304 1047 1665 2165 2714 3145 3558 3844 4205 4181 4378 4457 4323 4379 4248 4036 4010 3393 2968 2865 2351 1905 1341 768 264 
377 1184 1905 2642 3150 3747 3972 4283 4659 4923 5195 5249 5271 5304 4934 4704 4554 4032 3487 3248 2729 2174 1601 907 332 
441 1267 2137 2931 3586 4290 4518 5240 5492 5794 6072 6156 6121 6159 5583 5489 5091 4648 4017 3523 3006 2483 1737 1114 350 
478 1487 2396 3189 4050 4951 5377 5703 6398 6674 6982 6937 6679 6787 6424 6418 5827 5323 4744 4202 3396 2746 2058 1239 431 
540 1719 2680 3692 4303 5388 5940 6431 7203 7276 7738 7944 7699 7369 7286 7120 6437 5969 5333 4697 3997 3267 2135 1374 492 
591 1778 3047 4089 4728 5749 6726 7372 7750 8189 8388 8507 8795 8527 8150 7595 7191 6566 5832 5167 4293 3422 2516 1488 520 
645 1991 3242 4299 5242 6442 7450 8276 8371 9153 9384 9662 9603 9067 8986 8336 7906 7160 6448 5508 4759 3817 2622 1590 548 
748 2071 3608 4827 5887 7036 7875 8579 9474 9843 10301 10562 10250 10046 10167 9287 8705 7892 7263 5992 5187 4005 2896 1770 551 
785 2433 3846 5201 6558 7542 8677 9519 10227 10748 11162 11217 11122 11024 10329 10027 9332 8481 7832 6923 5585 4559 3175 2021 629 
884 2418 4101 5505 6849 8153 9150 10250 11190 11540 11902 11562 12268 11822 11490 10973 10063 9209 8468 7248 6203 4802 3445 2084 715 
891 2690 4431 5951 7351 8651 9896 10970 11567 12375 12700 12844 12760 12679 12410 12184 10991 10020 8758 7967 6744 5223 3797 2161 838 
1511 455 411 480 594 648 703 756 836 873 829 814 814 842 763 753 666 640 604 477 385 281 237 134 48 
359 693 1026 1141 1284 1569 1750 1853 2022 2107 2010 2212 2108 2044 2005 1992 1744 1630 1453 1226 1074 791 568 357 115 
252 703 1062 1461 1713 1977 2164 2398 2385 2647 2700 2729 2709 2602 2573 2383 2170 2143 1898 1620 1298 1081 793 444 145 
265 866 1276 1754 2076 2445 2719 2919 3246 3434 3471 3421 3379 3363 3386 3075 2839 2720 2429 2081 1777 1474 955 589 189 
324 948 1485 2067 2458 2963 3254 3480 3834 3933 4049 4103 4027 4016 3840 3669 3351 3292 2721 2308 2014 1687 1144 735 215 
343 963 1685 2360 2917 3324 3928 4217 4455 4670 4683 4879 4749 4649 4751 4554 4152 3758 3307 2966 2417 1980 1352 820 293 
400 1128 1973 2684 3435 3919 4468 4873 5063 5388 5718 5636 5584 5771 5460 5164 4782 4638 3826 3420 2861 2116 1677 948 345 
448 1369 2368 3179 4074 4388 5148 5633 5936 6257 6337 6483 6731 6590 6352 5895 5486 5019 4744 3996 3302 2509 1888 1105 349 
527 1593 2457 3239 4308 5141 5869 6495 7055 7328 7401 7527 7516 7104 7236 6764 6322 5798 5268 4574 3790 2876 2176 1263 361 
568 1653 2917 3872 4761 5832 6359 7279 7536 8038 8220 8185 8437 8214 8061 7601 7127 6537 5813 5004 4093 3401 2302 1497 462 
624 1867 3083 4318 5320 6454 7180 7998 8460 8920 9080 9104 9425 9284 8931 8458 7884 7297 6483 5767 4618 3701 2640 1687 527 
676 2100 3275 4798 6073 6985 8060 8911 9446 9681 10344 10711 10266 9870 9605 9485 9014 7687 7090 6131 5104 4181 2987 1713 591 
724 2244 3689 5246 6482 7721 8609 9708 10111 10612 11113 10963 11067 10995 10708 10393 9211 8632 7793 6687 5642 4663 3237 2003 692 
734 2565 4027 5435 7058 8344 9553 10394 11145 11617 12171 12203 12178 12113 11590 11331 10402 9341 8418 7434 6132 4875 3342 2154 739 
873 2556 4521 6027 7760 8956 10306 11340 12035 12587 13231 13093 13306 13184 12477 12096 11021 10418 9192 7862 7039 5318 3848 2237 813 
962 2882 4795 6271 8027 9634 10596 12225 12914 13644 13821 14450 13947 14240 13429 12714 12151 11011 9772 8439 7230 5662 4156 2351 840 
1614 388 457 553 658 630 816 843 867 915 941 887 949 909 869 881 818 750 626 607 463 336 288 165 44 
345 883 1198 1288 1554 1805 1927 2083 2369 2446 2275 2323 2380 2456 2341 1952 1902 1754 1616 1454 1134 915 720 408 145 
275 782 1210 1579 1910 2296 2414 2655 2823 2966 2929 3024 2981 2932 2804 2687 2611 2222 2112 1841 1581 1157 876 533 186 
309 849 1587 2046 2359 2765 3240 3217 3478 3630 3641 3740 3805 3781 3622 3372 3270 2896 2708 2198 2044 1600 1118 657 262 
295 1048 1796 2331 2864 3184 3648 3917 4119 4426 4562 4571 4661 4476 4256 4114 3864 3476 3325 2680 2408 1960 1304 892 314 
397 1181 1956 2622 3116 3733 4341 4862 4951 5337 5460 5476 5341 5378 5257 4901 4699 4347 3902 3423 2911 2348 1689 970 369 
471 1371 2150 3064 3737 4503 4868 5354 5754 6090 6173 6413 6450 6208 6075 5525 5432 4921 4503 3881 3301 2625 1865 1174 391 
547 1500 2680 3404 4382 5241 5682 6341 6715 7140 7194 7488 7344 7338 7085 6674 6361 5680 5228 4339 3681 2938 2146 1402 473 
642 1720 3085 3820 4777 5819 6421 7081 7677 7967 8579 8692 8540 8368 8052 7726 7213 6698 5786 5119 4342 3381 2414 1449 483 
789 1892 3299 4476 5527 6371 7178 7997 8716 9147 9302 9617 9397 9290 8933 8276 7912 7377 6466 5562 4849 3796 2739 1677 514 
784 2255 3749 5036 6099 7213 8336 9011 9723 10080 10220 10706 10378 10351 10095 9339 8731 7975 7278 6221 5253 4296 3101 1741 591 
888 2281 4025 5216 6726 7897 9093 9782 10524 11178 11341 11633 11530 11090 10688 10366 9906 9012 7924 7257 5702 4851 3349 1960 681 
953 2632 4359 5817 7255 8750 9629 10556 11550 11948 12401 12373 12555 12292 11856 11473 10625 9786 8872 7725 6408 4903 3788 2173 641 
892 2870 4589 6457 7758 9289 10466 11530 12251 13112 13284 13593 13633 13301 13075 12451 11795 10546 9524 8270 7014 5495 3955 2326 738 
945 3115 5040 6898 8533 10113 11551 12596 13208 14075 14573 14689 14639 14688 14280 13329 12909 11576 10320 8850 7397 5969 4216 2578 807 
1073 3233 5581 7119 9372 11007 12162 13348 14620 15215 15541 16300 15990 16114 15184 14457 13647 12344 11004 9608 8008 6191 4513 2825 924 
1727 448 514 587 725 774 913 922 985 989 947 1016 944 1040 1014 918 786 847 720 592 533 459 311 175 38 
326 928 1127 1428 1640 1775 2051 2155 2278 2378 2577 2508 2581 2493 2378 2207 2109 1932 1734 1419 1303 989 680 448 148 
307 870 1410 1726 2157 2373 2581 2822 3114 2950 3287 3378 3316 3350 3188 2928 2980 2669 2256 2003 1791 1442 1069 538 164 
320 949 1461 2087 2528 3047 3294 3653 3826 4005 4152 4143 4022 4112 3947 3703 3460 3199 2837 2524 2091 1607 1155 752 232 
357 1170 1773 2494 3019 3455 4017 4330 4668 4763 4605 5050 4779 4800 4570 4330 4207 3907 3497 3177 2564 1974 1406 893 263 
414 1358 2062 2776 3562 4180 4846 5179 5189 5652 5689 5973 6011 5927 5721 5617 5204 4660 4095 3582 2991 2217 1603 1048 347 
481 1444 2548 3231 4285 4751 5257 5964 6322 6777 7032 7087 6930 7096 6800 6182 5814 5671 4739 4094 3323 2876 1938 1191 391 
508 1853 2966 3768 4728 5550 6198 6971 7526 7860 8103 8226 8229 7808 7515 7411 6839 6334 5564 4787 4013 3286 2408 1422 470 
626 1844 2996 4436 5221 6588 7211 7896 8326 8915 9188 9130 9061 9029 8692 8345 7731 7169 6343 5437 4556 3610 2736 1574 539 
712 2012 3474 4742 5915 7041 7702 8636 9454 9879 10115 10214 10128 10080 9380 9076 8744 7782 7089 5853 5143 4062 3100 1789 596 
737 2339 3681 5123 6421 8058 8908 9833 10363 10627 11190 11313 11191 10963 10888 10200 9719 8704 7763 6651 5680 4612 3176 1831 688 
803 2466 4486 5549 7281 8613 9722 10340 11521 11710 12389 12357 12471 12407 12050 11396 10634 9789 8706 7472 6571 4923 3680 2092 727 
937 2850 4646 6128 7962 9256 10697 11767 12408 12940 13467 13915 13763 13053 12715 12431 11318 10367 9405 8214 7110 5362 3694 2362 784 
1011 3187 5013 6679 8528 10026 11599 12558 13646 14144 14518 14875 14625 14679 14057 13519 12416 11604 10173 8906 7645 5951 4232 2550 851 
1041 3343 5528 7240 8885 10964 12440 13545 14302 15337 15850 15906 16328 15797 14929 14717 13455 12324 11311 9605 8115 6408 4368 2720 902 
1151 3300 5769 8175 10021 11611 13116 14661 15522 16624 17202 17634 17294 16975 16175 15623 14471 13443 12284 10338 8789 6812 4757 3005 1068 
1932 486 671 736 809 817 981 1040 1105 1237 1222 1251 1224 1067 1078 1008 973 886 758 697 569 423 304 193 81 
375 959 1367 1639 1904 2076 2377 2630 2683 2666 2951 2953 3001 2846 2730 2680 2443 2181 2092 1683 1356 1098 794 513 185 
330 1027 1433 2045 2476 2775 3112 3412 3508 3793 3879 3724 3700 3635 3644 3422 3256 3015 2579 2285 1923 1489 1108 603 223 
354 1110 1758 2409 2997 3342 3805 4155 4242 4593 4602 4804 4656 4712 4282 4421 4104 3734 3277 2834 2431 1961 1371 789 270 
439 1255 2119 2715 3353 4025 4494 4930 5352 5417 5636 5610 5636 5628 5423 5100 4962 4526 3979 3399 2836 2252 1572 1035 340 
477 1453 2356 3286 4176 4822 5494 6046 6084 6430 6728 6677 6634 6625 6444 6316 5840 5240 4592 4023 3267 2725 1952 1137 355 
588 1594 2684 3711 4804 5616 5974 6887 7172 7504 7876 7836 7840 7929 7605 7236 6636 6055 5546 4747 3835 3083 2140 1357 456 
609 1988 3167 4410 5389 6513 7230 7757 8319 8611 9078 9204 8890 9072 8362 8249 7514 6992 6170 5417 4600 3563 2575 1646 531 
706 2149 3515 4734 6182 7298 8128 8917 9771 9793 10335 10488 10149 9980 9806 9076 8629 7776 7036 6073 5148 4086 2911 1872 577 
820 2390 3902 5259 6535 7859 9106 9541 10554 10837 11217 11292 11556 11430 10849 10604 9592 8648 8000 6920 5634 4418 3273 2178 657 
822 2598 4318 5938 7540 8781 10031 10885 11683 12365 12513 12724 12637 12520 12103 11667 11074 9650 8594 7353 6310 4947 3859 2226 766 
984 2779 4690 6464 8181 9501 10863 11744 13007 13339 13880 14114 14186 13921 13237 12725 11655 10581 9471 8169 7022 5352 4166 2437 805 
1050 3140 5161 7149 8788 10170 11746 13242 13987 14678 15380 15444 15063 14829 14415 13750 12878 11820 10237 8799 7668 6036 4425 2765 864 
1142 3529 5417 7620 9559 10897 13068 14131 15320 15920 16280 17044 16702 16375 15900 14894 13888 12798 11083 9878 8404 6659 4892 2899 991 
1234 3872 5866 7998 9927 12167 13654 15120 16256 17037 17847 18141 18001 17776 16644 16138 14903 13616 12255 10762 9050 7063 5126 3128 958 
1338 4036 6491 8851 10852 12986 14879 16344 17526 18659 19011 19121 19011 18912 18076 17406 15883 14688 13297 11317 9291 7642 5615 3348 1064 
1896 520 593 692 742 894 1052 1054 1129 1282 1173 1234 1187 1168 1223 1039 1006 989 788 834 615 465 339 227 64 
471 1007 1408 1696 1998 2192 2570 2694 2953 3091 2978 3099 3063 2909 2851 2604 2479 2412 2070 1800 1455 1154 836 549 163 
327 981 1607 1918 2368 2732 3157 3528 3695 3889 4182 3996 3804 3783 3770 3362 3385 3068 2842 2278 1971 1445 1124 675 209 
383 1095 1754 2435 2876 3646 3835 4390 4631 4819 4924 4750 4891 4767 4628 4464 4209 3698 3389 2966 2365 1968 1348 842 291 
385 1413 2218 2833 3560 4007 4688 5007 5444 5631 5910 5855 5916 5657 5556 5436 5107 4538 4131 3617 2894 2332 1772 903 294 
501 1552 2575 3441 4340 4832 5635 6013 6432 6644 6775 7091 6881 6904 6815 6333 6006 5443 4793 4311 3476 2747 1927 1176 383 
596 1647 2764 3902 4964 5815 6388 7037 7493 7735 8219 8312 7896 8320 7768 7472 6912 6336 5840 4953 4020 3224 2244 1333 447 
636 1965 3150 4434 5399 6736 7428 8035 8580 8873 9446 9239 9613 9340 9021 8490 7868 7212 6709 5809 4852 3775 2578 1469 495 
740 2189 3728 5052 6325 7397 8379 9346 9877 10228 10553 10504 10796 10470 10048 9652 9246 8116 7178 6387 5380 4104 3048 1908 612 
729 2426 4044 5588 6933 8139 9325 10220 11268 11677 11652 11822 12058 11496 11436 11040 10086 9145 8239 7158 5971 4734 3482 2098 790 
850 2598 4378 6251 7885 9130 10159 11351 12019 12641 13185 13350 12956 13037 12810 12243 11498 10630 9223 7946 6537 5313 3853 2305 832 
917 2942 4994 6712 8689 9875 11516 12534 13379 13853 14492 14705 14329 14422 14048 13652 12353 11369 10092 8606 7308 5948 4165 2555 913 
956 3137 5416 7307 9159 10851 12537 13631 15007 15189 15655 16318 15779 15555 15224 14437 13421 12385 10907 9810 8124 6408 4546 2808 918 
1221 3543 5638 8203 9996 11847 13725 15317 15773 16564 17150 17369 17318 16980 16669 15572 14966 13551 12135 10496 8512 6886 4968 2967 996 
1371 3797 6343 8526 10603 12890 14603 16067 17311 17595 18626 18832 19044 18503 18026 16702 15506 14734 12956 11127 9400 7504 5483 3377 1102 
1420 4104 6822 9015 11414 13633 15411 16923 18409 19250 20093 19797 20004 19908 19309 18155 16838 15693 13866 12241 10469 7986 5748 3438 1161 
2106 547 661 820 908 965 1220 1207 1283 1397 1343 1421 1350 1271 1247 1247 1158 1094 1018 816 712 529 377 224 73 
554 1183 1505 1944 2180 2645 2802 3105 3241 3420 3386 3513 3405 3416 3305 3191 2977 2562 2361 2052 1801 1362 968 574 232 
446 1162 1929 2377 2826 3118 3587 3839 4282 4516 4606 4526 4291 4589 4323 4142 3720 3542 3194 2840 2331 1785 1384 805 310 
422 1236 2151 3007 3552 3878 4376 4918 5140 5463 5418 5410 5356 5454 5255 4913 4786 4341 3861 3462 2873 2236 1604 920 318 
500 1511 2343 3394 4160 4785 5575 5838 6027 6365 6510 6726 6609 6693 6365 6105 5771 5297 4613 4079 3295 2654 2041 1183 378 
570 1699 2893 3988 4813 5611 6461 6868 7130 7669 7728 8013 7980 7636 7853 7138 6685 6167 5538 4825 4167 3207 2377 1402 492 
682 1951 3403 4544 5610 6519 7145 7988 8606 9016 9256 9569 9266 9428 8687 8570 7964 7246 6642 5880 4598 3791 2765 1616 561 
792 2440 3829 5362 6396 7570 8569 9364 9606 10376 11053 11109 10809 10056 10237 9886 9155 8393 7471 6611 5468 4290 3179 1924 623 
850 2488 4150 5603 7099 8323 9418 10264 11321 11675 12176 12071 12059 11769 11513 11020 10549 9438 8340 7250 6097 5059 3550 2186 767 
960 2901 4629 6469 8004 9434 10578 11894 12028 13112 13334 13735 13566 13154 12636 12409 11677 10544 9293 8419 6900 5513 3999 2289 695 
1103 3187 5174 7141 9132 10418 12020 12832 13778 14161 14840 15116 14758 14654 14404 13423 12906 11698 10479 8983 7565 5967 4368 2546 920 
1211 3457 5850 7780 9736 11408 13037 14394 14943 15505 16665 16895 16369 16006 15732 14938 14196 12911 11214 9912 8413 6535 4614 2859 989 
1275 3766 6197 8528 10238 12670 14309 15358 16442 17101 17703 18229 17794 17767 17277 16427 15316 14312 12611 11073 9097 7127 5165 3078 1015 
1457 4117 6809 9314 11339 13412 15476 16644 17864 18756 19307 19487 19694 18914 18530 17721 16527 15618 13826 12239 9989 7672 5711 3282 1174 
1342 4307 7313 9812 12162 14516 16585 18040 19151 20242 20946 21247 21274 20611 20162 18901 18372 16385 14678 12804 10713 8447 5962 3748 1176 
1553 4580 7640 10432 13059 15689 17417 19427 20714 21449 22309 22471 22694 22426 21570 20383 19180 17331 15669 13736 11474 9022 6568 3839 1261 
2120 660 693 821 1030 1091 1176 1346 1374 1444 1566 1596 1517 1458 1391 1302 1212 1213 1011 861 732 580 429 241 94 
512 1181 1582 1955 2296 2817 3081 3550 3569 3709 3784 3706 3707 3676 3443 3339 3014 2765 2463 2193 1859 1391 1048 666 208 
476 1205 2001 2557 3115 3420 3941 4327 4431 4753 4639 4745 5002 4741 4561 4448 4381 3664 3383 2897 2497 1944 1395 838 262 
401 1439 2308 3001 3663 4331 4771 5157 5584 5790 6010 6066 5730 5979 5789 5278 4946 4290 4049 3474 2997 2453 1668 1072 354 
540 1598 2597 3661 4170 5120 5869 6558 6547 7147 7322 7311 7056 7031 6852 6605 6010 5479 5129 4328 3758 2937 2154 1279 384 
607 1798 3013 4042 5251 6329 6967 7593 7630 8454 8421 8681 8716 8300 8156 7640 7133 6514 5848 5328 4298 3382 2453 1500 525 
743 2164 3521 4897 5881 6817 7810 8523 9193 9712 10262 10343 10348 9952 9583 9133 8497 7698 7147 6051 4869 4257 2891 1854 632 
809 2546 4053 5309 6506 7827 9128 9749 10515 11445 11427 11622 11751 11408 11088 10393 9776 8918 8073 7006 5990 4625 3250 2027 687 
866 2716 4555 6117 7711 8852 10032 11205 12164 12825 12879 13071 12960 13044 12528 11845 10891 9937 8875 7614 6308 5204 3748 2443 791 
1005 3164 5076 6916 8388 9930 11439 12713 13596 13950 14676 14831 14570 14802 14067 13225 12418 11604 10085 8792 7215 5933 4247 2587 908 
1137 3301 5342 7723 9559 11081 12627 13956 14961 15790 15817 15973 16308 16171 15344 14249 13657 12320 11062 9641 7987 6346 4640 2678 1004 
1319 3795 6178 8288 10506 12259 13640 15321 16731 17302 17859 18264 18210 17442 17101 16162 15166 13737 12420 10970 9007 6937 5078 3197 986 
1371 3987 6623 8895 11149 13300 15178 16657 17798 18804 18964 18841 19062 18798 18261 17549 16093 15048 13673 11536 9607 7578 5422 3326 1100 
1592 4349 7110 9846 12079 14563 16397 18033 19147 20134 20536 21194 20824 20324 19899 18509 17450 15962 14498 12580 10506 8168 6171 3693 1196 
1630 4756 7888 10231 13086 15322 17577 19420 20545 21393 22347 23153 22759 22116 21387 20432 19111 17227 15153 13777 11155 8817 6458 3836 1288 
1680 4747 8035 11169 14159 16705 18512 20382 22070 23076 24200 24445 23823 24122 23361 21625 20242 19121 16621 14396 12222 9277 6992 4182 1369 
2170 723 834 939 1054 1203 1431 1502 1557 1564 1542 1710 1597 1495 1588 1448 1343 1220 1111 963 815 680 473 253 78 
565 1294 1751 2253 2726 2895 3242 3554 3669 3758 4060 3829 3972 3993 3850 3553 3329 3101 2752 2432 2068 1563 1213 667 252 
480 1310 2139 2655 3471 3636 4224 4431 4786 5133 5084 5204 5107 5109 4820 4707 4554 4067 3646 3134 2607 2211 1535 933 268 
568 1593 2508 3263 3937 4587 5288 5507 5966 6002 6113 6288 6281 6344 6221 5945 5460 4887 4401 3865 3157 2436 1759 1147 357 
579 1728 2781 3815 4717 5594 6396 6750 7060 7392 7772 7623 7714 7856 7397 7007 6690 6173 5414 4666 3943 3020 2317 1416 498 
641 2095 3335 4464 5769 6712 7212 8003 8401 8806 8841 9376 9428 9246 8653 8468 7714 7273 6483 5566 4666 3626 2544 1556 493 
790 2360 3870 5290 6472 7636 8722 9507 10067 10613 10809 10858 11057 10632 10219 9980 9224 8489 7657 6428 5263 4233 3160 1897 574 
869 2725 4291 5762 7430 8658 9788 10512 11502 12104 12291 12624 12248 12148 12102 11194 10751 9464 8815 7516 6193 4805 3516 2247 754 
1024 2844 4671 6579 8411 9461 10969 11908 12897 13259 13923 14050 13862 13717 13539 12412 11612 10857 9622 8311 6997 5631 4081 2342 876 
1149 3349 5385 7355 9367 10790 12608 13917 14364 15090 15642 15603 15767 15710 15142 14242 13224 12336 10568 9452 7834 6217 4467 2650 857 
1161 3490 5698 8123 10448 12192 13597 14854 16106 16944 16953 16904 17674 17265 16522 15775 14384 13441 12069 10294 8621 6798 4864 2924 974 
1265 4037 6405 9104 11201 13134 14687 16393 17677 18585 18985 18839 19005 18620 18300 17161 15939 14535 12928 11586 9449 7556 5528 3148 1031 
1493 4332 7042 9638 11809 14310 16323 17844 19004 20042 20337 20120 20817 20419 19886 18288 17351 15845 14286 12181 9985 8106 5783 3632 1116 
1600 4637 7607 10344 13173 15498 17221 19512 20825 21436 22442 22877 23134 22367 21320 19917 19021 17306 15527 13570 11217 8845 6211 3727 1323 
1563 4930 8193 11296 14074 16686 18737 20320 22158 23819 24684 24367 24421 24364 23385 21934 20549 18957 16197 14873 12087 9523 6945 4048 1351 
1727 5233 8597 11884 15173 17597 19771 21970 23604 25338 25801 25971 26627 25538 24723 23498 22072 20173 17678 15408 13033 10428 7396 4586 1473 
2164 690 839 1004 1085 1275 1449 1500 1605 1644 1647 1838 1663 1660 1686 1766 1459 1516 1198 999 827 643 436 298 114 
601 1392 1838 2298 2796 3069 3605 3628 3910 4044 4240 4458 4374 4246 4119 3821 3565 3428 3000 2529 2215 1668 1206 735 277 
517 1439 2298 3072 3646 4139 4578 5033 5296 5480 5631 5654 5571 5601 5419 5198 4849 4363 3850 3383 2951 2360 1614 961 304 
526 1603 2754 3407 4350 5159 5501 6166 6371 6761 6810 6914 6854 6814 6644 6135 6032 5277 4960 4110 3349 2773 1899 1273 376 
658 1895 3044 4309 5221 5908 7000 7317 7764 8040 8068 8674 8683 8291 8020 7597 7149 6658 5809 5092 4228 3401 2326 1422 523 
746 2030 3447 4869 6112 7367 8069 8536 9483 9679 10178 9979 9938 9579 9648 9243 8493 7719 6764 6112 4920 4061 2747 1673 506 
844 2515 4198 5531 6991 8235 9162 9948 10775 11271 12103 11819 11725 11574 11626 10780 9897 8849 7938 6983 5892 4615 3305 2162 692 
909 2872 4703 6473 7905 9391 10426 11411 12214 13038 13159 13520 13515 13281 12956 12058 11378 10587 9208 7906 6750 5245 3826 2304 808 
1075 3092 5105 7077 8992 10386 12166 13593 14114 14735 15132 15476 15252 14905 14742 13550 12631 11764 10470 9266 7680 5704 4148 2571 808 
1199 3385 5878 7999 9560 11898 13476 14919 15718 16395 17168 17217 17002 16971 16027 15392 14479 13277 11772 10238 8409 6668 4809 2793 893 
1176 3789 6416 8754 10903 12990 14549 16193 17286 18273 18629 18823 18729 18463 17794 16964 16049 14404 13085 11433 8951 7268 5310 3128 1072 
1471 4406 7108 9476 11899 14415 15731 17520 19041 19812 20582 20798 20562 20534 19860 18663 17385 16038 14493 12566 10206 8144 5700 3507 1190 
1619 4536 7595 10559 13061 15652 17711 19337 20712 21349 22423 22743 22373 22296 21371 20473 19042 17307 15906 13463 11053 8707 6232 3828 1218 
1599 4884 7752 11488 14277 17022 19031 20973 22403 23889 24390 24277 24559 24114 23095 22471 20771 19070 16808 14241 12022 9593 6674 4148 1402 
1649 5337 8879 11912 15406 18119 20408 22549 24163 25549 26130 26273 26343 25796 25324 24019 22317 20331 17924 15640 13165 10390 7287 4413 1422 
1856 5644 9282 12517 16649 19316 21950 24102 25709 27044 27811 28015 28254 27562 26683 25188 23725 21833 19184 16602 13812 11005 8032 4915 1568 
2533 802 965 1038 1209 1396 1642 1756 1708 1841 1974 1938 1958 1943 1812 1747 1633 1472 1320 1173 976 700 554 337 115 
706 1590 2086 2646 3141 3626 3924 4193 4301 4664 4754 4804 4727 4618 4501 4231 4032 3652 3271 2893 2395 1978 1475 764 312 
575 1565 2605 3275 3900 4602 5067 5316 5871 6144 6136 6219 6234 5929 6023 5727 5453 4913 4167 3653 3093 2503 1813 1126 362 
553 1599 3040 3805 4859 5466 6157 6736 7143 7143 7470 7740 7584 7545 7299 7029 6479 5937 5290 4633 3887 3091 2258 1391 405 
739 2118 3428 4712 5522 6586 7442 8126 8633 8894 9086 9345 9507 9468 8950 8713 7705 7188 6377 5525 4742 3701 2723 1723 521 
825 2457 3859 5456 6791 8070 8770 9633 10297 10587 10939 11199 11026 10930 10706 10064 9441 8353 7649 6596 5471 4414 3122 1932 677 
943 2901 4639 6098 7763 9097 10366 11497 11752 12789 12980 13103 12780 12863 12203 11809 11017 9992 9133 7827 6631 5266 3924 2344 853 
1096 3201 5125 7044 8743 10229 11820 12829 13668 14066 14733 14821 14674 14540 14011 13497 12171 11297 9975 8843 7508 6001 4204 2585 899 
1148 3616 5675 7721 9619 11651 13256 14585 15443 15867 16572 16781 16676 16684 16207 15034 14045 13115 11498 10039 8655 6683 4742 2969 991 
1371 3933 6502 8890 10907 13235 14516 16115 17610 18068 18361 18503 18809 18078 17767 16630 15649 14359 12809 11239 9358 7579 5445 3263 1090 
1458 4289 7187 9891 12200 14240 15909 17883 18930 20043 20230 20574 20359 20024 19340 18266 17324 15784 14250 12039 10439 8195 5725 3683 1228 
1797 4926 7996 10632 12945 15701 17756 19582 20487 21575 22372 22582 22690 22212 21592 20323 19091 17494 15346 13496 11276 9111 6642 4048 1217 
1777 5132 8450 11750 14333 17038 19030 20730 22397 24023 24769 25456 24816 24414 23543 22015 20495 19009 17042 14766 12382 9515 7097 4475 1509 
1900 5524 9365 12501 15551 18390 20676 22711 24389 25601 26339 27052 26555 26730 25477 24239 22705 20581 18201 16079 13496 10582 7550 4638 1542 
2012 5981 9828 13444 16356 19498 22476 24283 26337 28249 28398 28926 29000 28828 27335 25871 24222 22231 19457 17022 14274 11303 8405 4837 1684 
2149 6348 10442 14192 17780 20956 23512 26019 28423 30121 30609 31255 31166 30367 29203 27837 25769 24089 21339 18356 15481 12242 8714 5067 1803 
2641 933 1012 1212 1353 1539 1673 1843 1903 1880 2056 2120 1945 2020 2029 1854 1657 1551 1485 1205 973 865 585 338 136 
683 1769 2313 2847 3371 3960 4342 4533 4917 5261 5330 5232 5144 5153 4668 4625 4400 4128 3792 3128 2675 2127 1357 918 302 
577 1642 2615 3670 4225 4837 5453 5840 6453 6646 6670 6503 6617 6399 6346 5777 5675 5345 4550 3979 3427 2645 2017 1133 377 
611 1801 3180 4290 5301 6029 6783 7339 7506 8160 8218 8169 8154 8179 8020 7518 7026 6357 5581 4882 4092 3329 2548 1512 494 
781 2322 3714 5144 6075 7060 7768 8507 9097 9141 9430 9765 10108 10066 9565 9104 8523 7758 6785 5920 4940 3859 2948 1804 569 
819 2558 4150 6099 7448 8154 9797 10497 10957 11406 11970 11995 11873 11881 11425 10670 10272 9298 8890 7001 5848 4771 3444 1976 702 
1010 2922 5122 6653 8462 9855 11139 12166 12800 13141 13849 13867 13702 13448 13487 12660 11714 10601 9433 8342 7114 5399 3892 2457 774 
1121 3455 5596 7361 9352 11215 12433 13777 14415 15162 15661 15886 15725 15597 14947 14378 13422 12124 11392 9684 7998 6300 4525 2875 923 
1291 4000 6033 8273 10551 12570 14192 15720 16544 16989 17699 18074 17525 17141 16716 15949 15291 14098 12415 10931 8822 7100 5177 3219 1038 
1438 4290 6778 9300 12179 14026 15751 17156 17922 18849 20114 20097 20139 19616 18753 17824 16845 15322 13981 12126 10029 8093 5635 3488 1200 
1476 4641 7598 10499 12805 15186 17596 18991 20233 21590 21754 22244 21737 21353 20999 19847 18564 16667 15508 13081 10976 8578 6296 3821 1273 
1672 5058 8184 11542 14764 16845 18923 20322 21750 23134 24000 24414 24189 23607 22815 21778 20231 18803 17206 14718 12223 9415 6918 4142 1390 
1907 5461 9138 12472 15530 18377 20683 22796 24207 25060 26130 26289 26430 25605 24912 23599 22202 20354 18125 16381 13509 10322 7380 4592 1458 
1962 6201 9684 13372 16789 19497 22096 24470 25896 27092 28322 28583 28524 27993 26867 26221 23822 21921 19832 17135 14673 10990 8188 4724 1716 
2224 6255 10596 14241 17928 21627 23682 26161 27877 29387 30021 31022 30705 30327 28872 27372 25299 23985 21327 18141 15396 11794 8752 5274 1737 
2276 6659 10852 15538 19265 22525 25559 28256 30204 31758 32560 33279 32529 32154 31404 29265 27629 25161 22403 19778 16449 12592 9447 5652 1780 
2631 938 1030 1218 1383 1585 1766 1988 1959 2153 2320 2204 2065 2094 2073 1872 1730 1704 1421 1250 1061 893 624 327 125 
806 1847 2561 3083 3547 4085 4515 5007 5233 5637 5586 5619 5767 5576 5149 4923 4752 4245 3886 3424 2758 2176 1698 1038 354 
604 1807 2915 3844 4214 5340 5743 6208 6786 6976 6894 7121 6883 6804 6897 6490 6041 5456 4942 4284 3627 2732 2026 1164 409 
689 2029 3383 4508 5571 6361 7356 7901 8164 8300 8638 8605 8922 8791 8249 7995 7375 6826 5824 5398 4245 3522 2565 1608 481 
820 2436 3868 5242 6290 7645 8709 8947 9773 10281 10559 10782 10524 10735 9959 9675 8906 8250 7433 6734 5348 4143 3068 1798 631 
853 2782 4551 6204 7906 9049 10064 11221 11796 12394 13037 12946 12628 12296 11807 11491 10768 9929 8769 7752 6647 4939 3654 2217 746 
1168 3373 5443 7257 8713 10319 11364 12983 13248 14463 14906 14871 15079 14906 13668 13253 12253 11320 10192 8741 7338 5993 4231 2587 886 
1162 3533 5563 7960 9848 11866 13198 14537 15400 16846 16369 16817 16975 16809 15809 15134 14172 12916 11827 10012 8406 6502 4791 3005 1019 
1360 4063 6606 9323 11238 13497 15037 15994 18065 18319 19147 19564 19382 18884 18198 17077 15772 14447 13190 11408 9388 7441 5389 3403 1076 
1471 4443 7289 10150 12670 14672 16373 18094 20003 20948 21375 21612 21522 21031 20167 19069 18007 16354 15114 12766 10346 8419 5884 3669 1257 
1631 5000 8113 11158 13914 16562 18120 20270 21941 22909 23429 23248 23597 22977 22334 21368 19733 18268 16511 14166 11918 9137 6964 4070 1353 
1875 5365 8936 11967 15267 17659 19993 21985 23263 24800 25885 26184 25943 25593 24374 23718 21552 19681 17593 15551 12793 9934 7172 4328 1429 
2057 5805 9300 13022 16568 19136 21936 24083 25932 27049 28061 28415 28305 27530 26650 25284 23625 21813 19099 16923 13826 10913 8074 4777 1492 
2100 6547 10196 14218 18028 21216 23717 26761 27988 29188 29958 30524 30579 29459 28962 27243 25245 23245 20751 18277 14809 12081 8517 5027 1709 
2207 6696 10935 15025 19121 22410 25132 27985 30017 31270 32855 33124 32864 32416 30891 29312 26943 24564 22287 19177 15694 12835 9156 5395 1767 
2455 7305 11728 16340 20439 23503 27058 29893 32078 33445 34981 35460 35415 34754 32935 31459 28946 26608 23768 20445 17459 13896 9953 5828 1869 
2708 965 1095 1377 1697 1823 1944 2175 2190 2327 2285 2356 2486 2451 2331 2186 2001 1763 1630 1458 1205 947 672 476 152 
799 2076 2689 3314 3977 4305 4947 5126 5892 6107 6180 6022 6113 6102 5891 5518 5077 4935 4384 3668 3211 2475 1821 1072 396 
689 2025 3197 4183 5000 5732 6390 6944 7395 7335 7744 7712 7853 7618 7413 7091 6617 5997 5338 4696 3813 3167 2325 1344 441 
738 2319 3740 4894 6036 7161 8078 8625 8956 9473 9864 9986 9717 9496 9138 8900 8323 7481 6637 5868 4738 3921 2792 1731 526 
926 2576 4351 5726 7195 8641 9563 10098 10977 11472 11622 11815 11702 11815 11456 10558 9784 8772 8121 7041 5785 4516 3224 2046 649 
1110 3105 5091 7067 8773 10006 10912 12165 12869 13579 14232 14235 14024 13751 13391 12398 12115 10735 9556 8535 7084 5556 4151 2486 820 
1290 3632 5847 7779 9558 11453 12864 14233 15115 15835 16531 16309 15952 15690 15403 14521 13768 12439 10886 9617 7875 6438 4721 2723 896 
1295 3944 6408 8824 10925 12872 14765 16157 17020 17581 17956 18150 18629 17983 17421 16755 15467 13778 12499 11037 8989 7367 5191 3199 1044 
1509 4384 7198 9839 12312 14689 16297 18047 18961 20120 20431 20932 21041 20273 19708 18861 17185 15931 13730 12320 10448 7899 5979 3504 1161 
1557 4873 8000 11287 13648 16271 18516 20096 21042 22601 23785 24270 23434 22512 21792 20832 19102 18138 15926 13943 11351 9153 6437 3942 1333 
1851 5641 9076 12019 14827 17941 20038 22155 23484 24843 25922 26191 25393 25497 24298 23425 21309 19735 17644 15086 12656 9750 7347 4443 1385 
1933 5839 9619 12760 16320 18904 21766 24233 25542 27127 27838 28277 28534 27797 26806 25725 23711 21337 19187 16630 13903 10890 7762 4817 1552 
2136 6344 10356 14294 17392 21251 23455 26479 28321 29859 30955 31548 31340 30195 28952 27394 25631 23207 20810 18034 15037 11781 8369 4997 1744 
2201 7003 10904 15504 19330 23018 25461 28589 30550 32018 33533 33567 32992 31960 31420 29588 27664 25331 22367 19746 16172 12803 9172 5560 1839 
2506 7217 11903 16302 20474 24246 27655 30473 32511 33618 35313 36103 35741 34746 33975 32167 29853 27114 24446 21110 17560 14189 9839 6020 2006 
2438 7967 12470 17525 21844 25723 29305 32797 34951 36365 37836 38267 38158 37125 35974 33885 31315 29548 25949 22508 18651 14704 10384 6564 2302 
2742 1036 1217 1475 1643 1860 2063 2276 2353 2432 2450 2519 2469 2541 2352 2246 2084 1863 1737 1517 1318 978 735 482 158 
745 2113 2876 3361 4261 4622 5403 5495 6169 6457 6315 6374 6378 6090 6110 5738 5683 4969 4531 3973 3314 2505 1804 1172 334 
789 2184 3288 4316 5152 6060 6579 7367 7551 8030 7963 7909 8118 7792 7736 7175 6843 6414 5758 4790 4007 3272 2274 1351 431 
806 2427 4002 5109 6254 7185 8220 8782 9162 9650 9986 10142 9922 9957 9483 9506 8616 7810 6823 6225 5120 3898 2927 1706 585 
953 2681 4675 5990 7691 8858 9715 10584 11138 11694 12123 12582 12436 12255 11511 11231 10001 9382 8580 7398 6187 4825 3433 1967 605 
1177 3196 5313 7394 9055 10220 11542 12618 13663 14551 15041 15081 14882 14173 13780 13294 12009 11374 10110 9051 7286 5872 4204 2355 811 
1273 3704 6219 8259 10096 12198 13475 14548 15756 16730 17255 17330 17363 16715 16171 15143 14187 12870 11742 10079 8633 6848 4788 2916 924 
1325 4023 6606 9217 11353 13209 15272 16878 18189 19096 19454 19775 19384 18917 18493 17374 16386 14934 13231 11483 9555 7671 5556 3300 1076 
1525 4548 7469 10425 13090 14806 17220 18775 20082 21232 21983 21881 22288 21568 20860 19959 18281 16574 14846 13026 10657 8473 5996 3515 1212 
1531 5007 8377 11814 14447 17266 18972 21129 22612 23907 24074 24318 24086 24240 23184 21945 20520 18462 16438 14757 12150 9847 6851 4213 1321 
1787 5556 9606 12876 15910 18558 21218 23344 25227 25904 26785 27350 27374 26408 25771 24540 22973 21299 18658 16018 13151 10690 7602 4658 1563 
1995 6153 10293 13760 17237 20113 23171 25251 27366 28295 29838 30444 29614 29116 28082 26448 25012 22659 20075 17820 14609 11387 8288 5001 1591 
2202 6559 10782 14653 18571 21754 25207 27578 29664 30939 32678 32868 32775 31696 30490 29304 27236 24647 21990 19095 16192 12469 8932 5417 1872 
2230 6991 11716 16310 20300 24022 27496 29774 32269 33794 35111 34901 34968 33838 32711 31195 29180 26277 23560 20146 17267 13839 9844 5955 1976 
2466 7820 12820 17277 21435 25945 29378 32354 34206 35608 36928 37570 37511 36509 35314 33372 31034 28357 25136 21596 18221 14440 10321 6360 2126 
2740 8238 13269 18400 23250 27037 31335 34031 36308 38089 39231 39420 39327 38964 37490 35297 32750 30172 26849 23015 18939 15649 10938 6919 2238 
2999 1170 1222 1455 1685 1968 2138 2396 2597 2750 2787 2727 2773 2626 2663 2350 2200 2132 1880 1589 1380 1114 843 429 146 
908 2118 2924 3810 4240 5155 5698 6030 6754 6940 6899 7166 7000 6818 6521 6370 5712 5320 4881 4050 3638 2571 2038 1203 398 
731 2277 3504 4557 5495 6589 7247 8017 8308 8328 8600 8873 8896 8503 8277 7720 7246 6676 5834 5157 4421 3498 2681 1519 515 
835 2622 4209 5442 6498 8071 8892 9752 10158 10491 10759 10920 11244 11146 10526 9814 9178 8341 7683 6791 5383 4365 3085 1725 637 
1024 2886 4766 6621 8030 9583 10623 11679 12166 12672 12955 13506 13391 13078 12525 11888 11094 10266 9123 8047 6567 5310 3665 2206 712 
1090 3504 5686 7799 9492 10903 12710 14050 14646 15428 16189 15800 16035 15530 15201 14125 12914 12119 10644 9411 8055 6039 4429 2737 918 
1339 4028 6527 8475 10657 12663 14507 15579 17250 17869 18030 18341 18776 18141 17576 16430 15269 13879 12583 10789 9059 7082 5141 3004 1053 
1516 4599 7366 10174 12548 14593 16401 18204 19742 20523 20754 20834 20967 20739 19843 18624 17452 15982 14243 11957 10455 8136 5912 3430 1140 
1539 4873 8149 11308 13884 16049 18553 20545 22143 22705 23317 23734 23298 23308 22256 21378 19714 17740 15881 14157 11515 9360 6708 3879 1296 
1739 5316 9031 12539 15347 18061 20435 22707 24301 25046 26163 26506 25827 25579 24345 23091 21675 19903 17669 15486 13030 10295 7432 4383 1579 
2026 5942 9882 13632 17126 19857 22744 25075 26631 28015 28068 28233 29075 28229 27292 25707 24282 21809 19660 16669 14627 11444 8166 4925 1718 
2206 6498 10799 14528 18587 21728 24928 26670 28767 30716 30976 31541 31967 31194 29980 28364 26550 24337 21300 19029 15671 12273 9035 5422 1773 
2321 7059 11897 15985 20069 23303 26447 29537 31602 33422 34222 34283 34513 33654 32758 30641 28682 26005 23654 20610 16653 13327 9705 5912 2004 
2551 7622 12801 17484 21602 25220 29059 31623 34183 35512 36860 37655 37430 36719 34569 32917 31040 27938 25146 21540 18076 14213 10466 6417 2127 
2810 8130 13521 18315 23078 26936 31119 33603 36555 39156 39655 40047 40015 38944 37662 36347 33278 30085 26725 23689 19612 15077 11203 6645 2256 
3051 8731 14353 20058 24999 28895 32970 36253 38521 40760 42332 42267 42420 41073 39742 37784 34575 31625 28176 24709 20722 16302 11525 7013 2386 
