1316
1316
21056
50 16 25
2.000  12.000 0.200 
0.900  4.100  0.200 
0.000  1.000  0.040 
2 0 0 0 0 0 2 0 0 0 0 0 0 0 0 0 0 0 0 0 0 0 0 0 0 
0 0 0 0 0 2 0 0 0 0 0 2 0 0 0 0 0 0 0 0 0 0 0 0 0 
0 0 2 0 0 0 0 0 0 0 0 4 2 0 0 0 2 0 4 0 0 0 0 0 2 
0 0 0 2 2 0 0 4 2 0 0 2 0 0 0 0 0 0 0 0 0 0 0 0 0 
0 0 0 0 0 0 0 2 2 0 0 0 0 2 0 0 2 4 0 0 0 0 0 0 0 
0 0 0 0 2 0 0 2 0 0 0 0 0 0 0 0 3 2 0 0 0 2 0 0 0 
0 0 0 2 2 0 0 0 0 0 0 0 2 0 0 0 0 0 0 0 0 0 0 0 0 
2 0 0 0 0 2 0 0 0 0 2 4 0 2 0 2 0 0 0 0 0 0 0 0 0 
0 0 0 0 2 7 0 0 4 0 4 4 2 0 0 0 0 0 2 0 0 2 0 0 0 
0 0 0 0 0 0 0 0 0 2 2 0 0 4 0 0 0 2 2 0 0 2 0 0 0 
0 0 2 0 0 0 2 0 0 2 0 0 0 0 0 0 0 2 2 2 0 0 0 0 0 
0 0 0 0 0 0 0 0 2 0 0 0 0 0 0 0 0 0 4 0 0 2 0 0 0 
0 0 0 0 2 4 0 0 0 0 0 0 0 2 4 0 0 2 0 0 2 0 0 0 0 
0 0 2 0 0 2 0 0 2 0 0 0 0 0 0 0 0 2 2 0 4 0 2 0 0 
0 0 2 0 4 0 0 0 2 2 2 4 4 4 0 4 0 0 2 0 0 2 2 0 0 
0 0 2 0 2 4 0 0 0 2 2 0 2 0 2 0 0 0 2 4 0 2 0 0 0 
0 0 0 0 0 0 0 0 0 0 0 0 0 0 0 0 0 0 0 0 0 0 0 0 0 
0 0 0 0 0 0 0 0 2 2 0 0 0 2 0 0 0 2 0 0 0 0 0 0 0 
0 0 0 0 0 0 0 0 0 0 0 0 2 0 0 0 0 0 0 0 0 0 0 0 0 
0 0 0 0 0 0 2 2 0 0 0 0 0 0 0 0 0 0 0 0 0 0 0 2 0 
0 0 0 0 0 0 0 0 0 2 2 0 0 0 0 0 0 2 0 0 0 0 0 0 0 
0 0 0 0 2 0 0 0 0 0 0 0 0 0 0 0 0 2 0 0 0 0 0 0 0 
0 0 0 0 0 0 0 0 0 0 0 0 2 2 2 2 0 0 0 0 2 0 0 2 0 
0 0 0 0 2 0 0 0 2 0 0 0 0 0 0 0 2 0 0 0 0 0 0 0 0 
2 0 0 0 0 2 0 2 2 0 0 0 0 0 0 0 2 0 0 0 0 0 0 0 0 
0 0 0 0 0 0 2 0 0 0 4 2 2 2 0 0 0 0 0 0 2 0 2 0 0 
0 0 0 2 0 2 0 0 0 0 0 4 0 0 0 0 0 0 2 0 0 0 0 0 0 
0 2 0 0 0 0 2 0 2 0 0 0 0 0 0 2 0 2 0 0 0 0 0 0 0 
0 0 0 0 0 0 0 0 0 0 0 0 4 4 0 0 0 2 2 0 0 0 0 0 0 
0 0 0 0 2 0 0 0 0 2 2 0 2 2 0 0 2 0 0 2 0 0 0 0 0 
0 2 0 2 0 0 0 2 4 4 2 0 4 0 0 2 0 0 0 0 0 0 0 0 0 
0 0 0 0 0 2 0 0 0 0 4 0 2 2 0 0 0 4 0 0 0 0 2 0 0 
0 0 0 0 0 0 0 0 0 0 0 0 0 0 0 0 0 0 0 0 0 0 0 0 0 
2 0 0 0 2 4 0 0 0 0 0 0 0 0 0 0 0 0 0 0 0 0 0 0 0 
0 0 0 0 0 0 0 0 0 0 0 0 2 2 0 0 0 0 0 0 0 2 0 0 0 
0 0 0 2 0 0 0 0 0 2 2 0 0 0 0 0 2 0 0 0 2 0 0 0 0 
0 0 0 0 0 0 2 2 0 0 0 0 2 0 0 0 1 0 2 0 0 0 2 0 0 
0 0 0 0 0 0 0 0 2 0 0 0 0 0 0 0 2 0 0 0 0 0 0 0 0 
0 0 0 0 0 2 0 0 0 0 4 0 0 0 2 0 2 0 0 0 0 0 0 0 0 
0 2 0 0 0 1 0 0 0 0 0 0 2 0 0 2 0 2 2 0 0 0 0 0 0 
0 0 2 0 2 2 0 2 0 2 2 2 2 0 0 2 0 0 0 8 0 0 0 0 0 
0 2 0 0 0 2 0 0 0 2 0 0 0 2 0 0 0 2 0 0 0 0 0 0 0 
0 0 0 0 0 2 2 0 0 0 0 0 0 2 0 4 0 0 0 0 0 0 0 0 0 
0 0 0 0 2 0 2 0 2 2 0 4 0 0 2 6 0 0 0 0 0 0 0 0 0 
0 0 0 2 4 2 0 2 0 0 2 0 2 0 4 0 2 2 0 0 0 2 0 0 0 
0 0 0 0 2 0 0 4 0 0 0 0 0 8 0 4 4 0 0 0 0 0 0 0 0 
0 0 0 0 0 0 0 6 4 6 2 8 6 0 0 0 0 0 2 2 0 0 0 0 0 
0 0 0 0 0 0 4 0 2 2 4 0 0 0 2 0 4 2 2 4 0 2 0 0 0 
0 0 0 0 0 0 2 0 0 0 0 0 0 0 2 0 0 0 0 0 0 0 0 0 0 
0 0 0 0 0 0 0 0 0 0 0 0 0 2 0 2 0 0 0 0 0 0 0 0 0 
0 0 0 0 0 0 0 0 2 0 2 0 0 0 0 0 0 0 0 0 2 0 0 0 0 
0 0 4 0 0 2 2 0 2 0 2 2 0 0 0 0 0 0 2 0 0 0 0 0 0 
0 0 0 0 0 2 0 0 0 2 0 0 0 0 0 2 0 0 2 0 2 0 0 0 0 
0 0 0 0 0 0 0 0 0 0 0 0 0 0 0 0 0 0 0 2 0 0 0 0 0 
0 0 2 0 0 0 0 0 0 0 0 0 0 0 0 2 0 0 0 0 0 0 0 0 0 
0 0 0 0 2 0 2 0 0 0 0 0 0 0 0 0 0 0 0 0 0 2 0 0 0 
0 0 0 0 2 0 0 0 0 0 0 2 2 0 0 0 2 0 0 2 0 0 0 0 2 
0 0 0 2 0 0 2 0 0 0 2 0 0 0 0 0 0 0 0 0 0 2 0 0 0 
0 0 0 2 0 0 0 0 0 2 0 0 0 0 0 1 2 0 0 2 0 0 0 0 0 
0 0 0 0 0 0 2 0 0 0 0 0 2 2 0 0 0 2 4 0 2 0 0 0 0 
0 0 2 0 2 0 0 1 0 0 2 0 0 0 2 0 0 0 0 0 0 0 0 0 0 
2 0 2 0 0 0 2 0 2 0 2 0 4 4 2 0 0 0 2 0 2 0 0 2 0 
0 0 0 0 2 0 2 0 4 0 2 0 0 2 0 4 0 0 0 2 2 0 0 0 0 
0 0 0 0 0 4 0 0 2 4 0 0 0 2 4 0 2 4 0 0 0 0 0 0 0 
2 0 0 0 0 0 0 0 0 0 0 0 4 0 0 0 0 0 0 0 0 0 0 0 0 
0 0 0 2 2 4 0 0 0 0 0 0 0 0 0 0 0 2 0 0 0 2 0 0 0 
0 0 2 0 0 2 8 0 0 4 0 0 0 2 0 2 0 0 0 0 0 2 0 0 0 
2 0 0 2 0 0 0 0 0 0 0 0 0 0 0 0 0 4 2 0 2 0 0 0 0 
0 0 0 0 0 0 2 0 0 2 2 4 0 0 2 2 2 4 0 0 0 0 0 0 0 
0 0 0 0 2 2 0 0 0 6 0 4 2 0 0 0 6 2 0 4 0 0 0 0 0 
0 0 2 0 2 0 0 2 2 2 0 0 4 2 0 0 4 0 2 2 0 0 0 0 0 
0 2 0 0 4 2 2 0 4 0 2 4 2 0 0 2 2 4 2 2 0 2 0 0 0 
0 0 2 0 2 6 0 0 4 0 2 2 2 2 2 2 0 6 2 4 2 0 0 0 0 
0 0 0 4 0 6 2 0 0 2 4 2 2 2 0 2 0 4 2 6 0 0 0 0 0 
0 0 0 2 4 0 4 4 2 2 2 0 0 4 0 2 4 2 0 0 0 4 0 0 2 
0 0 2 0 2 10 0 2 0 2 2 4 0 0 8 4 2 4 4 0 4 0 2 0 2 
0 0 0 2 0 6 0 0 2 2 0 2 0 2 4 8 4 4 2 8 2 2 0 2 0 
0 0 0 4 6 2 6 4 4 0 4 0 4 4 4 2 0 4 6 12 0 6 0 6 0 
0 0 0 0 0 4 4 8 6 2 0 0 4 2 2 4 2 0 0 2 4 0 0 0 2 
2 0 4 2 0 8 4 4 6 2 6 0 6 4 2 0 6 4 0 2 4 2 0 0 0 
2 0 0 0 2 0 0 0 0 0 0 0 0 0 0 0 0 0 0 0 0 0 0 0 0 
0 0 0 0 4 0 0 0 0 0 2 0 0 2 0 0 0 0 0 0 0 0 0 0 0 
0 0 4 4 0 2 0 0 2 0 0 2 2 2 2 0 0 0 0 0 0 0 0 0 0 
0 4 0 0 2 2 0 2 2 0 0 2 0 2 2 2 0 0 4 0 0 0 0 0 0 
0 0 0 0 0 0 2 2 2 0 0 0 2 2 0 0 2 0 0 0 0 0 0 2 0 
0 0 0 0 0 0 0 4 2 0 0 0 0 2 0 0 2 0 0 4 4 0 0 0 0 
0 0 0 0 0 2 0 2 0 0 0 0 2 0 0 0 4 0 2 0 0 2 0 0 0 
0 0 0 0 4 2 0 0 2 0 0 0 2 0 0 0 2 0 2 0 0 0 0 2 0 
0 0 0 0 0 2 0 0 2 0 2 2 6 0 0 2 0 2 6 2 0 0 0 0 0 
2 0 0 2 2 2 2 0 0 8 0 4 0 2 4 10 0 0 0 2 6 0 0 2 0 
0 0 0 4 2 0 2 0 0 2 4 6 4 0 0 0 2 2 2 0 0 2 2 0 0 
0 0 2 0 2 0 4 4 2 4 6 6 2 12 0 4 10 2 4 0 0 0 0 0 0 
0 2 0 2 6 2 4 2 0 10 0 8 0 2 2 2 0 0 0 6 4 0 0 2 0 
0 0 0 6 2 0 6 4 2 2 0 2 0 4 2 0 2 0 2 6 2 0 0 2 0 
0 2 0 0 0 4 6 4 2 4 4 0 8 0 4 8 2 0 0 0 4 0 0 0 0 
0 2 2 0 2 2 0 0 2 2 6 0 4 6 2 2 2 2 2 0 2 2 0 0 0 
2 2 2 0 0 0 0 0 0 2 0 0 2 0 0 0 0 0 0 0 0 0 0 0 0 
0 2 0 0 0 2 0 0 2 0 2 0 2 4 0 0 0 0 0 2 0 2 0 0 0 
0 4 2 0 0 0 4 0 2 0 0 0 2 2 2 0 0 0 0 0 0 0 0 0 0 
0 0 0 0 2 0 4 0 0 0 0 2 4 0 2 2 0 0 0 2 0 0 0 0 0 
0 2 0 0 0 0 0 4 2 0 4 0 0 0 2 0 0 4 0 2 0 0 0 0 0 
0 0 2 0 0 0 4 0 4 0 0 0 2 4 4 6 0 0 0 0 0 0 0 0 0 
0 0 2 0 0 2 2 0 4 0 0 0 4 0 4 2 0 6 2 2 0 0 0 0 0 
0 0 0 2 2 0 6 0 2 4 0 0 0 6 2 0 6 4 0 0 0 0 0 0 0 
0 0 0 2 2 0 2 6 0 0 0 0 0 0 4 6 2 4 2 2 2 0 0 2 0 
0 0 0 0 2 2 2 2 6 0 4 4 0 6 6 0 0 4 2 0 6 0 2 0 0 
0 0 0 2 0 12 2 4 4 0 0 0 6 0 8 2 0 4 0 8 6 2 0 0 0 
0 0 0 0 0 4 2 6 8 4 4 4 6 0 2 0 2 2 0 0 4 0 8 0 0 
0 0 0 0 4 2 0 2 2 0 10 2 6 4 6 6 2 0 2 2 2 2 0 0 0 
0 2 2 6 2 6 0 4 2 2 6 8 4 2 4 4 6 0 2 4 4 2 2 0 0 
0 2 0 8 4 2 2 4 8 2 2 0 2 0 8 2 0 2 6 0 2 2 2 0 0 
0 2 2 0 2 0 2 4 6 0 2 4 4 2 6 4 6 2 8 0 2 4 2 0 0 
4 6 0 0 0 0 0 2 4 0 2 4 0 0 0 0 0 2 0 0 0 0 0 0 0 
0 2 0 0 0 0 4 2 2 2 2 2 0 2 2 2 0 0 0 0 0 0 0 2 0 
0 0 2 0 2 4 4 2 2 0 0 4 6 2 4 2 2 0 0 0 0 0 0 0 0 
2 2 0 2 0 0 2 6 4 0 0 0 8 0 2 0 0 0 0 0 2 0 0 0 0 
0 0 0 2 0 2 4 4 4 4 4 0 6 2 0 4 2 2 0 0 2 2 0 0 0 
0 0 0 0 2 2 4 2 6 4 4 4 0 0 8 2 4 0 0 0 2 0 0 0 0 
0 2 0 0 0 0 2 2 0 0 6 4 2 4 4 0 2 2 4 6 0 0 0 0 0 
0 0 2 0 0 2 6 4 2 2 0 0 8 6 4 2 2 4 6 2 0 2 0 0 0 
0 0 0 0 2 4 0 10 2 8 6 8 4 6 6 0 6 0 2 0 2 0 0 0 0 
0 0 6 0 0 0 2 0 10 8 10 20 10 4 8 10 2 0 2 6 8 0 2 2 0 
0 0 0 2 4 8 2 2 8 8 12 6 10 8 6 0 2 2 6 2 2 0 4 0 2 
0 0 0 2 8 2 6 6 6 10 4 10 4 2 4 10 4 6 4 2 2 2 2 0 0 
0 0 2 0 2 0 0 6 10 6 4 4 12 8 8 8 6 10 6 4 0 10 2 0 0 
0 0 0 6 6 2 4 10 4 12 6 2 12 14 0 6 8 8 6 0 0 4 2 4 0 
0 4 0 8 8 8 4 6 8 8 14 10 16 4 8 14 6 6 6 6 9 4 4 2 0 
2 0 6 2 2 2 8 8 6 10 20 16 18 12 10 6 8 4 8 2 0 0 2 4 2 
0 0 2 0 2 2 0 0 0 0 0 0 0 0 0 0 0 2 0 2 0 2 0 0 0 
0 0 4 0 4 0 4 6 2 6 0 0 2 0 2 0 2 0 0 0 0 0 0 0 0 
0 2 8 0 0 0 0 0 0 2 2 4 0 2 4 2 0 0 0 2 2 0 2 0 0 
0 2 0 0 0 0 2 0 4 2 2 4 4 2 2 2 2 0 2 2 0 2 2 0 0 
0 0 0 2 2 2 2 2 4 2 0 4 6 2 8 0 0 0 6 0 2 0 0 0 0 
0 2 2 0 0 2 6 0 6 4 0 0 6 4 4 2 6 2 2 2 4 0 0 0 0 
0 0 2 0 0 4 4 2 4 4 2 4 4 2 6 4 0 6 4 0 4 0 2 0 0 
0 2 0 2 2 0 4 8 4 4 3 5 4 4 4 6 4 2 6 2 4 0 0 0 2 
0 4 0 4 10 4 6 2 2 4 4 2 4 8 4 4 2 4 4 8 6 0 4 0 0 
0 0 4 2 0 6 4 8 8 6 4 4 4 4 4 2 4 6 2 4 0 6 0 0 2 
0 0 0 2 4 4 4 6 4 4 10 2 12 0 8 2 4 2 3 0 2 2 2 4 0 
0 0 2 6 6 0 2 2 4 8 6 10 16 2 12 11 4 4 8 8 4 8 4 2 2 
2 0 2 12 6 10 4 2 12 2 16 4 6 8 6 8 10 6 0 6 6 0 2 2 0 
0 4 2 2 2 5 4 17 6 10 10 10 10 10 12 12 6 6 4 4 6 4 2 2 0 
2 0 4 0 2 2 6 4 8 12 2 8 10 14 12 16 6 4 6 0 4 6 2 2 0 
2 4 4 8 6 6 12 10 14 12 10 4 2 18 8 10 6 10 2 4 4 2 6 0 0 
14 2 2 0 2 0 0 2 0 0 2 0 0 0 2 2 0 0 2 0 0 0 2 0 0 
4 2 2 4 0 0 0 2 2 6 6 0 0 2 0 2 2 2 0 0 0 0 0 0 0 
0 0 6 4 2 4 0 2 4 0 2 0 0 2 0 2 2 2 6 0 0 2 0 0 0 
2 2 0 0 0 4 0 0 2 6 6 0 2 2 2 2 6 0 2 2 2 2 0 0 0 
0 2 6 6 4 2 4 2 0 4 6 0 0 4 2 4 4 0 6 0 0 2 4 0 0 
0 4 0 0 4 2 2 4 0 0 2 6 0 10 2 6 4 6 2 4 0 0 0 0 0 
0 0 0 4 2 6 2 2 2 6 2 4 2 4 8 8 2 4 2 2 0 0 0 0 0 
0 4 0 2 2 6 4 4 8 2 0 2 4 12 4 4 8 2 2 4 4 6 0 2 0 
0 0 2 2 6 6 6 12 6 4 2 0 6 0 4 2 6 4 0 2 2 2 2 0 0 
0 4 2 4 6 2 10 6 4 8 4 6 4 4 2 10 4 8 6 4 2 4 6 2 0 
0 0 0 2 2 4 6 4 8 2 8 2 4 4 4 2 4 6 4 4 2 6 0 0 0 
0 0 4 6 2 4 10 2 2 4 2 8 2 6 6 6 8 6 12 8 6 0 4 2 0 
0 2 2 6 0 12 6 4 4 4 4 4 4 10 4 6 4 0 4 4 0 4 2 0 0 
0 2 4 2 6 2 6 8 8 8 4 0 10 6 2 8 2 4 6 14 4 8 2 0 0 
0 8 8 2 6 6 12 6 2 6 6 6 12 4 8 14 4 14 10 6 0 2 2 2 0 
0 0 0 10 12 8 6 8 8 6 12 2 8 6 6 8 6 2 8 14 2 4 8 4 0 
2 0 2 0 4 4 2 0 0 6 0 0 4 0 0 0 2 0 0 0 2 0 0 0 0 
0 0 0 2 0 2 2 4 8 0 2 2 0 2 0 2 0 2 2 0 0 0 0 0 0 
0 2 0 1 2 2 4 2 2 0 0 0 2 0 0 0 2 2 2 0 0 2 0 0 0 
0 0 0 0 2 0 2 0 0 0 4 4 6 2 8 2 2 0 2 2 4 0 0 0 0 
0 2 0 0 2 2 2 2 8 4 0 2 2 10 2 2 2 2 4 2 2 2 2 0 2 
0 0 2 2 2 0 4 4 6 0 4 0 4 0 0 2 4 8 6 0 4 0 0 0 0 
0 0 0 0 4 4 8 4 6 0 4 2 8 6 8 4 12 0 6 0 0 0 0 0 0 
0 0 2 4 0 2 2 0 4 10 6 8 6 0 10 4 4 4 0 0 0 2 0 2 0 
0 0 6 4 6 10 4 8 6 10 4 2 8 2 0 6 10 4 2 4 2 2 4 0 0 
2 2 0 2 4 8 10 6 2 8 4 4 2 2 2 6 4 4 4 10 6 6 4 0 0 
0 0 0 2 6 6 8 4 0 2 6 8 6 4 6 2 6 6 0 4 0 0 6 4 0 
0 2 0 0 0 4 8 8 2 6 8 2 8 8 2 6 8 6 4 2 0 8 2 0 2 
0 0 2 4 0 8 4 2 6 12 6 8 4 8 6 6 4 4 6 4 6 4 6 2 4 
0 6 2 10 4 8 10 6 4 8 6 12 4 8 2 8 10 6 2 2 6 6 2 2 0 
0 2 6 6 2 2 8 4 8 8 2 16 4 16 8 8 6 2 6 6 14 2 0 0 0 
2 8 0 2 2 4 4 10 4 18 12 20 12 10 10 6 4 10 4 6 6 0 2 0 0 
2 0 2 2 0 0 0 4 8 0 0 0 0 0 2 0 0 4 8 0 2 2 0 0 0 
0 2 2 0 0 2 4 4 0 4 4 0 6 2 4 2 6 2 4 0 0 4 8 0 0 
2 2 3 0 2 0 2 0 4 8 6 4 2 8 4 6 4 2 6 4 0 0 2 4 0 
0 2 0 2 6 2 4 2 6 6 2 4 6 14 6 4 8 4 6 0 2 2 4 0 4 
2 0 2 18 4 4 10 6 6 8 10 4 8 18 6 6 14 6 16 6 2 4 0 0 0 
0 2 4 4 2 6 10 12 10 0 16 10 6 6 24 12 4 10 8 8 0 4 2 0 2 
0 10 2 6 4 12 4 20 8 12 16 14 6 6 10 10 6 12 2 12 0 6 4 6 2 
4 2 0 8 10 14 16 16 10 14 26 14 18 4 16 14 8 10 6 2 0 4 6 0 0 
4 6 0 10 10 10 6 16 10 12 4 10 16 18 18 22 6 10 16 4 10 4 0 4 0 
0 0 6 6 10 20 12 16 2 14 24 26 18 12 4 12 10 12 12 4 10 6 4 2 2 
2 2 4 12 8 12 18 10 22 24 30 22 12 28 18 18 22 18 8 12 16 12 8 4 2 
4 12 6 0 6 14 18 16 12 22 31 25 30 28 16 14 10 14 22 12 10 6 8 2 4 
0 2 4 6 10 16 14 12 26 22 34 20 32 30 10 12 40 14 16 20 8 8 4 2 4 
2 6 6 14 10 18 24 20 18 34 30 34 38 18 36 32 16 20 20 10 20 10 8 4 4 
2 4 10 18 14 18 14 16 12 22 24 46 18 32 8 40 24 18 22 26 8 10 8 4 0 
2 12 10 16 16 20 40 26 38 36 30 8 30 28 24 16 26 28 40 12 8 20 6 6 2 
6 0 2 4 2 0 0 6 0 2 0 4 2 0 2 0 0 0 0 0 0 0 0 0 0 
0 0 2 0 8 2 2 0 6 8 4 2 2 2 2 4 6 8 4 0 0 10 2 0 0 
0 0 8 0 4 2 6 2 10 2 8 6 8 2 2 2 0 4 8 2 2 0 4 0 0 
0 0 0 0 2 2 2 6 4 6 6 8 0 6 4 6 0 4 6 6 6 4 0 0 2 
0 0 0 6 2 6 2 8 6 0 2 4 8 2 4 2 8 6 2 4 6 0 2 0 0 
0 0 0 8 12 2 6 8 6 14 8 10 10 4 6 10 6 2 8 6 0 6 6 0 0 
0 12 2 10 0 2 4 4 8 6 18 6 4 8 2 6 6 6 6 6 8 4 4 0 0 
0 4 4 4 10 4 8 6 8 6 8 10 10 0 4 10 6 4 6 0 2 2 4 2 6 
2 2 10 10 8 12 8 4 4 4 8 10 10 10 12 2 18 10 16 8 14 4 0 6 0 
0 0 6 4 6 8 8 4 10 18 16 14 4 10 12 6 16 14 2 0 6 0 4 2 0 
0 6 4 10 6 2 8 8 6 4 12 6 14 12 6 8 8 10 12 8 8 2 10 4 0 
0 6 0 8 10 14 14 14 12 16 6 8 6 18 28 2 10 10 6 2 4 6 2 0 0 
6 6 4 6 10 18 16 6 6 12 6 2 18 16 20 14 10 6 12 6 4 4 6 6 0 
0 4 4 16 2 10 10 8 32 20 4 8 12 16 16 16 16 6 8 8 2 4 6 2 0 
0 6 2 10 12 18 10 14 20 24 28 20 40 14 20 16 2 6 8 12 6 8 10 2 0 
2 6 8 4 2 12 10 20 16 16 32 20 14 16 12 12 12 14 12 6 2 4 4 6 0 
8 0 0 0 0 0 4 2 6 4 0 2 2 2 0 2 0 0 2 2 0 0 0 0 2 
0 2 1 0 0 6 0 4 4 6 2 2 2 6 6 10 4 2 0 0 6 6 6 0 4 
0 0 6 2 4 2 6 0 2 0 2 0 2 0 8 0 0 0 2 4 2 2 0 0 0 
2 2 0 6 0 4 6 2 2 4 4 6 2 2 5 0 2 0 2 0 0 2 0 0 0 
0 2 2 2 8 14 4 2 8 0 0 6 4 8 6 6 2 4 4 8 4 2 0 2 0 
2 0 8 2 2 0 6 2 4 6 8 16 4 10 4 2 6 6 2 0 0 4 0 2 0 
4 8 4 6 0 2 9 6 10 12 18 10 8 10 4 2 8 14 2 4 10 4 4 2 0 
0 0 4 0 4 2 8 8 12 2 12 12 6 4 6 4 18 8 4 1 6 4 2 0 0 
0 0 4 8 2 8 6 8 2 6 14 6 12 19 14 10 12 12 8 8 2 4 2 2 0 
2 0 2 4 8 12 8 6 14 14 8 10 14 10 2 10 8 4 6 4 2 2 2 0 0 
0 4 4 4 4 10 20 10 15 10 8 4 12 10 14 8 4 6 8 10 6 4 2 0 0 
2 2 8 9 4 12 10 8 2 12 6 8 14 10 7 4 18 8 4 0 8 2 2 2 0 
0 2 6 6 14 10 14 6 20 16 14 22 16 12 10 8 18 10 10 8 4 0 4 4 0 
0 4 0 2 6 8 2 6 9 18 10 4 20 4 2 10 0 4 6 6 8 8 0 4 0 
0 4 4 8 14 12 26 10 10 2 14 8 6 12 12 8 12 6 2 8 4 2 4 4 0 
0 0 2 6 0 6 18 10 4 12 6 2 12 4 8 10 6 8 4 14 10 8 2 2 0 
10 8 2 0 2 0 2 0 8 6 0 0 0 0 0 2 0 4 2 2 0 2 0 0 2 
2 6 10 6 4 4 2 8 4 4 2 12 6 0 10 4 8 0 6 4 0 0 0 0 0 
4 0 0 2 6 0 2 6 6 0 4 6 2 0 2 4 6 4 2 0 4 2 4 0 0 
0 0 0 2 4 0 6 6 6 2 2 2 6 6 12 2 0 0 2 4 0 2 0 0 2 
0 0 0 6 10 14 0 4 2 2 0 10 22 16 12 12 10 10 2 4 2 2 0 0 0 
2 2 6 8 6 4 10 10 16 14 18 12 12 14 14 10 6 4 10 0 0 0 2 0 0 
0 2 2 2 2 6 12 18 16 16 0 12 10 8 8 16 10 11 8 2 4 4 2 0 2 
0 2 4 4 2 10 14 12 16 16 4 6 14 20 8 20 10 8 4 10 6 2 4 0 0 
2 0 2 2 8 8 10 16 12 14 12 12 6 18 9 12 4 8 12 4 10 6 4 0 2 
0 2 4 4 16 9 18 14 26 8 16 18 16 14 6 6 16 8 6 2 8 4 2 0 0 
0 0 4 0 8 14 16 14 11 12 12 16 16 8 4 14 11 6 6 4 2 4 4 2 2 
2 0 2 6 12 10 10 12 12 18 8 12 20 14 12 14 22 20 6 4 4 0 8 4 4 
0 4 6 12 8 8 17 12 4 14 22 18 14 14 12 12 0 8 12 10 4 6 2 2 0 
2 2 10 8 6 10 12 14 18 18 12 6 8 12 10 20 22 8 22 10 12 8 6 2 0 
0 4 2 8 4 12 34 12 10 12 8 34 14 12 14 22 8 14 14 18 14 0 2 2 2 
2 6 4 0 6 10 10 12 14 18 8 20 8 14 20 16 10 16 12 6 14 8 8 4 2 
10 2 0 0 0 0 0 6 0 2 8 4 2 0 4 4 2 0 2 2 0 0 2 0 0 
0 10 0 6 2 4 0 10 2 0 6 4 2 2 16 2 4 6 0 6 0 4 0 0 0 
0 4 4 2 2 12 6 8 6 4 2 8 8 6 11 10 4 8 6 0 2 2 2 0 2 
0 2 2 6 4 8 2 4 6 6 4 4 10 6 16 8 8 4 0 4 0 0 0 4 2 
0 6 0 4 10 12 11 12 8 8 10 6 10 10 8 4 6 12 2 4 2 4 6 2 0 
4 6 4 4 6 12 18 10 12 12 14 18 18 8 8 2 8 16 14 8 8 6 2 2 2 
0 2 2 8 10 12 10 8 16 20 16 6 8 14 4 15 4 18 2 6 2 8 4 2 0 
2 4 4 0 6 6 6 8 12 12 0 8 16 16 20 14 10 2 10 8 8 6 4 2 0 
4 0 2 6 8 18 6 6 22 16 4 16 6 12 16 20 17 6 6 4 4 2 6 0 0 
2 8 10 10 18 16 20 21 12 8 26 22 16 12 8 6 8 18 14 6 6 4 0 2 2 
2 2 8 6 12 12 10 18 20 22 18 24 20 12 22 18 8 8 6 10 2 6 6 4 0 
2 4 8 8 10 3 18 10 10 10 26 26 14 10 14 22 8 2 10 14 4 2 8 0 2 
2 2 8 6 10 18 8 20 22 20 20 20 18 14 32 22 12 24 14 4 14 2 8 0 2 
0 4 4 6 12 12 16 26 8 22 10 10 22 20 10 40 12 6 14 6 2 4 2 4 4 
2 2 10 8 8 10 2 18 34 14 42 28 26 17 26 10 18 4 12 12 13 4 8 8 0 
0 8 2 6 12 18 18 34 12 21 22 20 18 20 30 18 22 32 9 14 10 6 12 0 4 
16 0 0 8 2 2 2 0 6 2 0 8 4 4 10 0 4 4 0 0 0 0 0 0 0 
0 4 4 2 6 2 6 6 6 2 0 4 6 4 16 6 0 6 2 2 0 4 2 0 0 
0 2 8 6 6 0 12 12 2 6 4 8 2 6 6 0 6 6 4 4 2 4 2 4 0 
0 2 2 4 2 20 6 6 2 10 8 2 2 14 4 4 10 10 4 4 2 2 0 0 0 
2 12 8 10 6 12 8 4 2 8 8 10 8 14 12 4 2 6 4 8 0 6 8 2 0 
0 0 2 2 10 4 8 16 6 14 8 14 12 18 2 10 8 14 2 2 14 4 0 0 0 
0 2 4 6 4 6 8 18 16 8 10 14 12 16 10 12 8 10 8 6 8 4 10 2 0 
2 8 2 6 10 14 4 10 28 18 10 12 14 30 12 20 14 9 6 4 4 2 10 2 0 
0 2 6 4 10 10 16 10 22 16 10 6 18 8 6 8 10 8 10 2 8 4 4 8 2 
0 10 4 10 8 14 14 16 16 16 10 12 16 10 6 14 6 6 12 14 0 9 0 4 0 
0 0 8 12 12 8 20 8 18 12 8 8 16 10 14 12 12 8 8 12 5 3 10 2 0 
0 14 4 8 6 9 10 14 12 18 22 20 22 16 14 10 21 16 8 6 8 4 4 2 0 
0 12 4 4 8 12 6 14 12 12 26 16 24 20 12 16 14 18 10 8 6 6 12 2 2 
8 0 18 2 18 10 18 21 10 24 16 32 20 22 24 20 20 8 11 6 4 6 2 2 2 
2 4 4 3 16 16 14 12 16 30 20 24 14 18 14 20 22 22 14 12 10 4 10 2 0 
0 2 8 8 6 20 24 18 22 14 18 30 26 18 16 10 18 8 10 20 8 16 8 4 2 
2 2 8 2 2 4 6 2 4 2 0 0 2 2 6 4 2 4 4 0 2 0 2 0 0 
2 4 2 2 12 4 10 0 6 8 4 4 6 2 8 0 6 0 12 2 10 4 2 0 0 
0 0 4 6 6 6 6 2 10 10 12 12 6 10 2 10 14 2 6 0 4 0 0 0 0 
0 2 4 10 12 18 6 6 10 12 12 11 12 8 6 8 10 6 10 4 8 2 0 2 0 
0 4 2 10 10 4 4 8 21 20 26 22 18 16 12 12 10 12 14 4 6 4 6 0 0 
0 4 8 12 10 12 8 10 16 18 36 12 12 16 4 12 4 22 8 0 4 8 8 0 0 
0 2 8 4 10 16 14 18 20 16 16 20 26 16 16 12 26 14 8 14 10 6 8 4 0 
0 0 10 10 10 12 20 6 16 24 10 10 26 8 28 16 18 18 10 16 6 6 8 2 0 
2 0 4 10 18 14 16 18 26 20 26 26 18 18 36 26 22 8 18 10 14 6 2 6 0 
0 6 6 4 12 22 16 20 8 22 28 12 18 18 24 34 18 16 16 18 10 16 10 6 2 
0 8 8 14 16 28 32 30 32 22 26 26 26 34 28 32 36 14 14 8 12 4 6 2 0 
2 10 8 22 10 14 24 38 34 22 30 26 26 34 13 36 34 20 32 26 20 14 10 6 0 
0 8 10 14 16 16 28 34 44 30 18 40 26 26 34 34 32 18 32 24 18 14 10 10 4 
2 6 16 20 24 18 38 44 21 30 34 42 32 24 26 32 26 12 22 18 12 8 8 8 0 
4 10 10 14 14 28 40 32 34 26 26 18 22 40 26 26 26 24 22 24 12 26 18 8 0 
0 4 12 26 28 42 26 46 34 42 36 40 46 34 45 38 40 42 36 16 16 18 16 6 0 
8 0 2 2 2 4 10 0 6 0 4 0 4 2 6 6 10 2 4 4 6 2 0 0 0 
4 6 4 4 4 4 8 2 2 4 4 4 4 2 2 6 4 8 2 2 0 4 0 0 0 
0 4 2 2 10 8 6 8 2 0 10 8 2 14 12 8 6 6 10 10 0 6 0 2 2 
0 0 8 10 24 12 6 6 8 12 10 18 8 16 9 14 14 8 10 6 6 2 0 2 4 
2 8 4 22 18 8 16 4 18 22 24 14 12 6 12 8 10 6 4 8 6 8 4 0 0 
0 6 10 6 4 8 16 20 10 12 24 18 14 14 30 12 24 8 4 16 12 8 2 2 0 
0 4 2 14 11 20 11 14 14 24 14 28 22 16 16 18 12 18 10 11 6 16 6 4 0 
4 2 8 18 9 14 10 28 12 34 22 24 30 20 24 8 18 9 20 4 18 2 8 0 4 
6 0 6 8 6 22 24 24 18 26 18 12 20 26 30 28 18 20 22 12 10 4 6 6 2 
0 6 16 20 6 14 22 28 36 24 28 24 30 18 20 30 32 18 20 10 8 12 10 6 3 
2 4 18 12 15 22 22 24 34 28 22 18 24 22 16 22 22 24 22 10 12 12 6 2 2 
2 6 8 16 14 19 28 30 18 30 23 35 30 18 20 16 34 19 20 20 6 20 8 12 2 
4 4 6 22 24 24 30 28 18 20 32 28 30 53 28 36 28 40 12 9 14 22 8 6 2 
4 12 6 10 14 28 26 22 32 50 30 42 50 39 30 23 38 36 20 20 24 14 16 6 8 
5 12 18 12 20 33 38 32 32 46 63 50 58 48 24 22 50 47 18 14 18 10 6 8 2 
2 6 14 18 30 16 40 28 32 44 49 46 38 46 32 20 42 20 26 30 28 18 14 18 6 
18 4 9 4 0 2 0 10 0 2 4 4 8 4 6 16 2 2 8 4 4 4 2 0 0 
4 10 8 4 6 14 4 8 12 18 12 8 14 10 14 6 16 8 8 8 4 4 6 0 0 
0 4 6 10 14 6 10 14 12 8 14 21 16 14 20 22 10 12 8 4 6 10 6 4 0 
2 10 16 12 16 14 16 12 25 20 16 20 15 26 26 28 20 16 24 10 18 8 6 4 0 
2 8 6 12 18 24 20 23 18 26 22 24 28 32 22 20 18 16 26 12 6 2 6 0 2 
0 12 14 14 22 32 24 38 20 28 44 22 26 18 20 28 24 20 27 12 18 22 2 0 0 
0 4 8 10 16 28 38 40 20 30 20 32 40 22 37 37 16 28 18 12 12 18 10 6 0 
2 20 18 14 28 28 20 24 28 46 44 44 34 47 31 32 22 26 36 24 20 24 8 0 0 
0 8 18 22 38 26 32 37 40 38 46 36 60 42 27 38 38 36 18 29 18 16 18 2 2 
2 4 22 12 33 32 39 43 41 60 33 31 62 38 44 43 44 30 34 24 22 10 14 6 2 
0 2 18 30 28 20 34 33 44 66 40 32 38 54 70 38 38 28 22 35 22 22 16 6 4 
0 18 20 16 36 50 63 60 50 58 40 44 54 70 54 43 34 30 36 28 28 24 14 12 10 
0 8 30 34 35 30 50 32 72 64 60 80 80 46 50 54 61 34 18 26 34 20 6 26 0 
4 10 18 26 38 44 42 48 46 68 92 72 78 82 44 83 59 60 42 33 28 20 14 8 2 
4 20 16 30 47 34 36 53 62 94 58 76 52 71 52 56 56 45 50 36 36 42 10 10 4 
8 12 30 30 30 40 49 97 56 69 66 60 52 67 76 74 51 60 67 28 37 10 16 6 6 
2 2 4 0 4 4 2 2 8 4 4 4 8 4 4 6 4 6 4 0 0 0 2 0 2 
2 10 12 4 14 6 2 10 10 8 14 2 4 8 12 10 4 10 8 14 2 2 4 4 2 
0 0 10 6 18 10 10 8 14 24 24 20 8 16 0 10 8 8 8 4 8 12 4 0 0 
4 2 8 8 20 16 4 10 18 30 26 20 10 14 12 16 16 14 10 8 6 4 4 0 0 
2 4 4 20 8 18 14 18 16 20 6 14 16 16 14 28 16 8 10 10 10 4 6 0 0 
4 8 6 16 8 12 10 22 20 12 4 14 18 24 20 24 18 14 20 6 4 12 8 2 0 
6 6 10 12 14 30 18 22 12 22 18 18 12 16 32 24 16 18 18 8 6 8 2 6 2 
0 14 12 10 16 18 40 22 20 14 32 14 18 20 10 22 22 24 8 12 12 6 10 4 2 
0 6 4 16 16 20 20 32 18 18 18 22 32 24 12 18 16 6 20 18 14 4 8 6 6 
0 4 14 6 20 24 30 20 18 40 34 32 42 30 31 28 26 26 18 22 14 14 18 4 2 
2 8 10 8 22 24 22 24 24 36 32 44 26 22 32 28 24 22 20 20 32 10 10 0 0 
6 12 10 12 14 28 24 20 41 34 38 26 32 24 30 36 26 28 20 12 12 14 20 2 2 
2 4 10 30 22 16 32 22 42 30 36 32 39 32 36 44 32 30 42 36 18 18 16 4 0 
6 10 10 8 34 26 20 44 26 34 39 50 64 36 35 32 36 38 22 14 26 12 14 12 4 
2 20 18 46 24 32 44 42 48 42 58 32 40 40 48 26 26 43 22 46 28 14 18 6 1 
0 16 8 24 10 42 44 44 31 46 44 40 40 34 58 30 20 50 28 30 22 12 12 12 0 
12 4 4 0 2 8 2 2 2 0 4 4 4 2 6 6 6 8 4 2 4 4 0 0 0 
0 4 6 8 6 10 8 8 10 8 8 4 24 10 18 4 8 8 10 4 14 8 4 2 0 
2 14 0 10 14 12 14 6 20 24 22 20 28 14 12 16 26 20 10 14 10 8 4 2 4 
2 8 8 12 30 20 18 30 20 12 16 16 24 30 18 20 18 12 4 16 4 4 6 2 2 
0 12 14 30 12 8 24 26 20 12 8 28 18 4 38 18 12 24 26 12 18 6 2 4 0 
0 8 18 14 18 20 30 30 16 42 46 30 40 20 24 26 34 26 24 18 24 12 10 4 0 
4 8 12 22 26 30 34 14 32 28 28 16 32 44 38 38 26 30 12 20 8 10 16 6 2 
4 8 18 18 22 12 38 20 40 40 46 54 34 26 26 44 22 34 36 26 24 28 10 6 6 
2 8 6 16 36 44 34 48 38 34 40 50 40 52 34 40 52 38 32 32 18 14 14 10 2 
2 8 24 20 36 32 38 32 38 48 68 60 70 52 58 49 56 36 50 42 16 16 20 10 0 
2 12 18 32 22 44 50 40 62 64 72 50 52 44 58 60 38 46 32 36 20 38 16 14 6 
6 18 24 26 36 38 50 59 58 40 56 53 72 62 66 52 40 50 52 32 40 18 18 8 12 
8 8 26 50 36 52 76 68 56 78 77 59 57 74 88 44 72 46 42 44 22 44 26 8 0 
6 20 20 30 52 64 38 54 74 72 70 68 84 106 74 76 68 38 68 48 38 42 14 6 6 
0 24 28 30 46 56 64 58 100 102 82 78 82 48 96 106 89 36 49 52 42 40 24 14 4 
10 26 26 36 44 68 70 80 96 72 68 78 68 72 76 72 62 80 58 50 68 44 24 14 4 
20 0 12 2 6 4 0 2 4 0 0 2 4 4 8 2 0 2 2 0 0 0 0 0 0 
2 10 4 18 10 6 8 2 6 4 8 8 8 2 10 10 12 18 6 10 2 8 2 0 2 
0 8 2 8 16 8 10 14 6 6 10 8 22 20 14 22 16 10 4 6 4 4 2 0 0 
0 0 10 8 8 16 6 14 10 10 12 12 20 10 14 22 22 16 12 16 6 10 8 2 4 
0 8 4 4 24 8 20 20 16 12 12 22 18 18 20 26 8 24 6 12 6 2 4 6 0 
0 2 2 10 20 26 30 16 20 26 22 26 28 18 22 20 22 6 12 10 16 0 2 4 0 
2 4 16 8 20 24 24 16 34 26 18 12 20 6 16 24 30 30 22 16 10 0 8 8 0 
0 4 8 20 26 24 44 28 14 20 52 46 24 18 20 20 28 24 26 8 16 8 2 6 6 
6 10 12 12 14 20 20 20 10 30 34 42 36 34 23 32 42 16 26 10 20 16 20 4 2 
2 10 0 18 22 30 24 20 32 40 32 32 30 38 38 34 32 30 32 20 16 22 4 8 0 
2 4 4 16 26 28 34 24 45 34 34 26 48 40 20 20 38 42 16 28 18 14 12 10 2 
0 16 6 24 22 36 56 44 38 44 52 50 40 46 40 18 42 40 26 18 18 8 20 10 10 
8 2 12 24 28 26 30 42 28 46 61 50 51 44 38 26 20 30 18 38 22 22 20 4 4 
4 18 22 22 36 42 50 20 44 38 52 74 38 46 50 22 52 54 24 38 20 8 10 14 8 
0 16 24 28 34 40 48 30 48 46 54 80 36 47 44 46 26 42 30 24 40 24 16 10 2 
6 16 16 26 24 36 24 26 50 51 30 66 52 54 44 46 46 42 38 40 44 16 12 8 0 
18 4 2 0 8 2 4 6 0 2 6 6 2 2 2 10 4 0 2 6 0 0 2 0 0 
2 10 2 4 20 6 14 14 8 18 6 4 16 14 10 6 10 12 10 6 6 4 4 8 0 
2 14 12 10 7 10 10 6 4 22 14 16 16 18 20 28 24 14 22 16 14 6 8 2 2 
2 0 8 2 22 6 10 24 18 20 14 30 16 18 12 12 20 6 8 10 24 18 0 2 0 
0 6 24 8 18 12 22 18 28 16 22 10 18 28 14 25 18 22 10 22 16 10 6 2 0 
2 6 8 14 24 36 28 16 18 26 48 26 20 20 32 18 30 18 16 18 10 8 2 0 0 
6 4 12 26 20 32 12 26 34 24 40 24 24 42 24 20 24 26 20 18 12 24 10 4 6 
2 12 24 20 16 20 29 30 36 20 28 24 42 24 28 34 28 24 44 28 14 14 10 6 1 
2 8 28 30 24 32 34 40 36 48 39 49 48 35 44 34 38 32 12 30 10 22 14 4 0 
0 12 6 32 18 32 24 34 43 36 50 70 36 48 24 26 38 28 34 28 22 12 24 8 2 
0 2 16 26 30 42 30 38 50 46 41 33 64 60 40 50 34 30 26 18 24 18 14 10 0 
9 10 20 22 46 36 50 46 40 52 63 52 44 48 34 40 46 48 38 38 28 14 13 6 0 
2 12 32 28 28 36 42 40 52 53 77 60 58 52 36 66 60 60 42 38 38 18 14 8 0 
2 10 20 18 42 46 40 64 38 48 75 61 80 62 70 73 52 46 36 42 42 20 28 18 4 
4 22 32 26 18 44 54 62 40 64 63 48 56 66 63 54 68 52 56 47 26 20 22 22 2 
2 16 21 40 44 60 68 88 84 76 64 56 67 88 70 80 76 65 62 44 26 30 18 4 2 
28 8 2 2 4 2 4 4 2 8 8 2 0 8 6 14 2 8 0 2 0 2 2 0 0 
4 12 14 22 22 8 18 14 36 30 16 24 34 22 28 26 14 8 2 8 10 6 8 0 0 
2 4 6 18 16 14 12 22 26 46 32 32 34 20 20 12 14 20 18 16 22 10 6 4 6 
4 6 14 14 18 22 30 36 40 26 22 30 22 10 36 4 20 18 30 24 10 6 4 8 4 
2 8 2 16 20 44 30 32 28 30 58 28 38 30 24 32 40 20 38 26 14 20 4 4 0 
0 8 14 6 14 16 32 12 50 32 30 42 36 26 66 36 32 24 14 26 22 16 16 10 0 
2 12 20 20 20 22 32 36 26 54 36 36 46 44 30 52 18 32 16 28 16 10 18 6 2 
6 16 16 42 26 46 50 58 42 48 30 34 52 42 54 52 38 28 26 16 26 10 8 2 2 
12 4 22 48 34 48 56 50 50 46 50 50 48 44 48 30 36 52 34 40 24 14 16 6 2 
2 10 22 36 20 34 40 52 44 56 54 54 64 58 66 66 26 42 32 44 26 24 22 20 4 
0 28 24 32 34 44 46 56 66 62 82 70 50 76 74 72 70 58 52 64 37 24 24 18 6 
4 16 16 36 30 44 36 64 58 70 64 64 60 54 60 60 61 56 72 62 44 28 30 4 6 
4 8 18 36 44 66 38 96 80 70 64 74 72 80 94 58 60 76 62 94 48 12 22 22 4 
4 16 24 36 50 54 86 74 62 86 90 98 86 95 112 80 68 58 42 36 42 32 24 14 4 
16 32 30 58 66 86 63 68 104 87 92 98 70 96 80 100 90 94 64 64 40 35 20 12 10 
10 22 34 49 84 72 80 82 126 112 100 126 104 84 60 100 82 68 66 64 52 36 38 18 8 
14 0 6 4 0 4 10 0 2 4 8 6 8 4 6 4 6 6 2 10 2 0 2 0 0 
4 12 4 8 8 22 10 18 22 30 30 18 20 24 24 16 12 22 14 10 24 14 8 0 0 
2 0 16 18 16 14 12 24 34 24 16 24 22 20 28 14 18 18 14 14 8 8 8 6 1 
4 8 10 16 28 18 30 20 32 16 22 30 28 18 30 20 34 26 24 24 8 10 0 4 2 
4 8 14 12 20 32 22 38 32 32 20 34 34 32 38 16 22 14 20 18 20 6 6 8 2 
0 10 22 26 30 28 36 18 30 36 54 22 38 50 44 38 34 26 34 32 12 14 16 16 0 
0 10 26 26 30 34 44 48 50 38 46 56 54 50 40 40 44 32 40 46 20 24 14 6 0 
3 18 14 26 36 36 36 36 70 54 44 56 62 45 59 56 54 45 28 24 10 28 10 4 4 
2 6 18 24 32 34 44 56 52 50 74 60 40 50 52 44 42 38 28 30 22 8 18 2 6 
4 18 16 38 38 36 70 70 56 54 80 64 62 76 68 72 64 46 46 32 38 18 20 30 6 
8 26 22 40 56 53 64 54 74 64 54 76 60 63 54 54 34 46 58 38 26 36 16 4 8 
2 10 42 26 44 46 54 70 62 72 58 72 70 88 60 58 60 56 44 70 13 30 32 12 2 
6 10 28 34 28 64 76 74 81 94 74 60 86 42 108 84 72 70 74 52 28 44 26 16 4 
6 16 14 46 54 54 54 62 72 70 90 104 82 60 82 94 68 78 76 50 32 38 26 9 2 
12 32 30 34 56 52 82 96 104 48 110 108 88 106 86 63 56 62 72 74 40 34 28 12 8 
10 12 52 51 68 58 82 88 112 106 66 114 90 96 96 88 94 79 64 61 67 17 25 26 4 
30 2 12 4 4 8 12 10 8 12 8 6 10 8 6 4 0 12 2 2 6 2 0 0 0 
6 18 4 20 14 10 16 16 16 16 38 22 24 22 18 28 24 20 2 12 10 4 6 4 0 
0 10 26 12 14 12 20 16 42 18 26 26 24 20 12 16 40 18 20 6 14 2 4 4 0 
4 12 2 20 12 24 26 30 32 32 34 24 22 38 34 22 10 12 16 10 12 6 8 0 0 
8 6 14 8 26 34 34 36 22 48 24 44 14 26 26 12 6 22 20 14 22 14 2 4 0 
0 4 18 10 40 26 30 38 14 36 10 28 32 47 32 12 28 32 28 16 14 10 8 10 0 
4 10 16 20 32 32 26 39 44 36 40 40 38 34 52 46 47 22 30 18 28 8 10 6 0 
4 4 16 18 18 14 14 44 30 42 52 48 48 36 46 22 26 30 44 24 16 16 12 2 4 
0 6 18 24 24 38 40 74 34 52 64 74 48 50 46 40 48 34 34 22 20 18 16 6 0 
0 10 26 22 52 36 59 44 52 50 56 48 56 64 68 52 36 38 28 36 16 22 12 6 2 
6 12 8 34 34 34 30 44 56 68 60 48 58 38 52 60 52 46 56 42 30 22 26 8 6 
2 14 22 30 48 32 54 56 66 68 44 60 54 58 58 40 54 72 28 39 44 30 12 12 4 
4 12 20 34 26 52 50 72 60 70 48 54 80 76 54 68 38 50 54 40 20 32 8 10 2 
2 14 28 36 38 56 68 56 60 90 89 77 84 80 74 78 56 74 38 42 42 34 26 10 4 
4 12 30 48 52 58 78 64 72 86 82 72 78 74 93 76 68 66 44 50 38 52 16 22 2 
8 18 38 48 51 64 48 76 80 70 71 92 61 72 84 78 68 52 68 54 36 36 22 10 0 
18 6 2 2 12 8 2 8 2 8 16 2 8 8 4 8 4 8 6 4 2 2 2 0 0 
10 14 12 18 14 2 14 24 14 10 30 24 16 16 18 20 30 10 14 20 20 16 2 4 0 
0 2 22 12 10 10 20 22 24 46 26 12 14 24 20 12 22 26 12 10 16 6 8 4 0 
0 12 8 18 22 18 26 24 22 34 18 22 24 18 38 26 14 14 28 10 16 12 10 10 0 
2 14 18 16 26 28 12 24 20 24 24 36 43 26 16 24 16 24 12 10 10 16 4 6 6 
0 8 18 24 40 28 38 24 39 38 12 30 36 16 42 34 20 20 22 8 38 14 14 12 2 
2 18 24 20 26 16 44 24 50 42 36 38 48 32 48 62 14 26 28 22 24 4 10 12 0 
4 16 14 28 36 28 38 32 28 44 42 54 49 52 38 34 40 26 34 22 20 10 24 8 2 
6 16 24 12 24 32 44 44 44 61 54 60 60 42 34 26 50 38 40 36 18 26 12 16 2 
16 6 28 24 24 26 50 54 54 58 88 58 54 55 72 50 52 34 53 34 26 22 8 12 0 
2 16 20 36 34 34 46 48 48 51 52 68 62 44 44 62 77 44 50 27 24 30 26 8 4 
2 20 22 30 34 48 50 52 66 64 56 56 70 64 58 74 30 64 32 36 36 34 12 16 4 
8 18 24 38 60 48 60 72 60 68 64 64 109 64 66 54 54 74 44 30 18 24 22 10 2 
10 14 28 36 49 62 79 68 72 68 111 78 69 72 84 70 60 54 52 48 38 34 32 2 4 
0 24 30 20 55 44 52 68 88 74 61 112 80 61 74 77 70 56 62 46 42 22 14 22 2 
4 24 38 50 48 72 66 86 72 75 84 70 64 58 86 76 53 56 75 62 36 34 20 6 2 
18 16 6 8 4 2 4 14 10 14 16 8 10 6 20 4 10 8 18 16 4 4 4 2 2 
6 10 20 20 18 16 18 28 34 28 40 46 18 40 28 24 20 22 10 20 22 6 6 8 2 
2 12 16 19 38 32 16 74 38 54 38 40 30 34 38 50 56 22 14 34 22 20 14 12 0 
6 6 14 26 26 34 42 28 50 36 46 38 56 24 40 42 46 68 28 26 28 14 8 4 2 
6 10 18 44 36 32 62 24 62 64 38 58 38 50 40 48 44 32 46 12 20 20 6 6 2 
4 10 24 34 32 64 42 48 44 62 76 78 49 38 46 56 38 34 44 34 18 14 14 16 4 
10 14 34 34 64 66 62 60 65 88 65 65 97 52 52 70 61 66 30 42 44 26 13 10 6 
6 26 40 54 60 50 56 44 58 89 82 86 98 61 68 67 48 66 46 49 53 28 12 14 5 
6 14 26 22 66 74 74 66 65 100 98 98 60 84 102 57 52 48 58 48 54 38 10 16 6 
6 10 24 38 56 75 64 78 82 64 98 72 82 69 76 89 74 73 62 60 53 40 25 10 0 
14 19 26 50 56 72 67 80 123 76 80 92 82 92 94 71 83 94 75 67 46 26 29 20 6 
8 20 39 74 59 68 83 83 76 98 108 106 114 110 98 72 102 84 50 64 40 46 22 18 6 
11 20 48 80 60 71 90 112 118 98 120 116 116 136 104 106 127 103 105 68 74 56 41 14 6 
8 24 58 63 72 102 101 71 110 156 110 94 102 128 103 112 114 101 84 76 52 42 32 22 8 
2 21 40 74 84 122 112 104 112 112 120 136 130 98 125 112 136 70 79 76 71 48 38 23 6 
12 27 42 50 80 90 121 154 131 122 118 144 112 147 170 122 134 120 81 72 84 43 32 26 4 
18 4 4 10 0 2 8 16 8 4 10 12 12 10 8 12 12 4 6 8 4 8 2 2 0 
4 6 10 20 8 26 20 22 22 24 30 36 21 22 24 22 14 22 16 14 16 8 2 4 0 
0 6 26 16 28 14 24 48 32 24 32 34 24 26 28 36 42 10 14 16 10 22 8 6 0 
2 8 10 30 32 36 26 23 36 34 38 28 40 36 30 38 30 30 38 24 28 10 8 6 0 
8 14 28 14 28 34 26 44 38 62 48 52 48 38 40 28 44 24 36 36 12 12 4 6 6 
2 12 24 30 26 56 42 38 50 54 42 46 50 50 42 38 24 20 40 23 42 8 15 6 2 
6 8 16 18 26 48 52 62 58 48 34 54 62 59 56 32 44 32 38 28 29 20 14 12 12 
0 20 38 26 58 44 38 46 63 66 66 82 72 52 62 50 42 50 36 42 38 32 14 10 2 
8 10 22 46 50 42 50 68 68 80 100 90 64 82 56 54 60 54 60 52 32 10 18 6 18 
10 6 20 45 36 40 54 68 66 62 54 66 68 58 73 60 68 80 64 34 56 36 16 16 10 
6 17 22 42 62 48 58 78 88 76 104 104 98 112 82 59 70 65 70 70 58 24 31 20 0 
22 18 38 41 42 60 72 76 73 104 106 84 90 66 82 92 96 74 76 62 44 58 24 12 12 
4 24 40 66 62 94 78 79 102 92 102 122 82 81 82 93 100 88 102 62 50 68 16 16 4 
24 10 30 66 62 83 82 86 78 92 98 106 124 86 100 100 84 88 79 68 50 42 33 20 6 
12 20 28 66 92 98 104 98 108 103 100 110 112 114 112 113 134 106 80 69 44 50 36 16 12 
4 35 50 70 78 110 110 121 106 112 128 124 110 142 144 94 96 92 108 86 82 56 44 28 2 
28 10 14 6 6 12 4 6 12 13 30 16 14 12 10 18 14 10 8 10 8 6 6 0 0 
14 16 13 16 28 26 24 48 42 55 52 30 31 30 30 30 26 28 18 36 28 22 8 6 4 
0 24 36 24 40 42 32 38 58 48 54 40 54 30 42 34 30 40 32 32 34 24 18 4 2 
2 14 28 30 40 46 46 39 56 44 46 74 54 34 52 38 50 38 36 26 18 20 14 14 0 
10 18 20 38 46 48 38 62 80 62 68 56 62 64 52 54 64 36 48 40 24 24 19 22 6 
4 32 26 42 48 48 50 52 66 62 78 58 82 66 70 54 52 60 56 46 46 22 16 10 2 
10 28 50 52 56 62 72 74 78 76 84 90 88 92 88 56 68 90 40 58 52 32 30 22 6 
2 24 46 52 42 88 72 72 90 94 100 92 82 110 82 98 72 80 74 62 38 30 28 26 8 
10 30 36 40 68 74 66 106 116 90 80 94 114 122 105 80 88 80 62 60 60 36 28 10 10 
10 39 34 72 78 92 82 88 136 118 156 138 120 102 86 114 98 84 82 96 66 36 34 8 6 
6 22 44 64 70 118 90 126 113 128 123 105 116 124 125 88 92 106 109 70 68 44 50 22 6 
14 38 58 76 102 98 104 114 122 102 114 106 130 150 136 118 94 95 71 62 62 62 42 26 14 
12 48 30 70 92 88 116 122 139 138 152 144 176 140 144 108 129 120 105 64 74 62 38 26 12 
18 22 62 96 98 126 122 124 158 156 164 150 150 184 116 158 124 120 114 98 86 70 42 28 6 
8 36 50 92 109 109 136 118 156 194 170 158 154 169 180 129 140 126 144 92 92 70 42 24 2 
12 48 72 84 80 115 140 154 140 191 150 152 168 190 154 162 151 122 114 124 99 62 52 30 14 
22 20 6 2 2 22 18 16 22 22 18 26 6 12 22 10 12 4 2 8 6 8 8 2 0 
6 10 16 16 20 28 28 34 16 32 36 43 32 26 24 30 14 30 20 14 6 16 12 8 8 
6 10 12 20 24 28 26 50 46 44 40 28 32 30 38 38 22 32 16 16 10 16 8 4 2 
2 6 22 24 24 52 32 43 26 46 42 38 48 26 30 38 38 34 26 27 20 16 8 8 4 
4 14 30 26 34 38 42 52 40 48 48 40 50 32 38 22 40 50 28 34 25 20 18 2 7 
4 30 22 30 30 60 52 44 48 46 44 56 70 66 36 54 60 12 36 32 40 18 2 12 2 
14 24 18 28 44 42 30 46 70 64 56 38 60 58 44 48 76 46 44 30 34 14 24 20 4 
6 18 20 35 54 58 44 82 52 60 50 58 61 64 75 44 62 56 54 38 30 36 20 10 2 
8 14 42 38 46 56 62 52 68 61 98 98 90 54 61 74 59 48 40 40 34 42 28 10 8 
7 20 33 52 46 72 60 67 84 94 80 78 79 92 72 74 78 76 26 44 40 34 18 16 2 
8 10 32 44 62 70 74 82 59 95 70 84 60 80 106 65 74 68 54 48 48 32 28 14 2 
4 44 30 50 62 64 67 94 116 78 116 102 110 76 74 50 82 56 88 72 43 38 36 20 10 
4 28 42 42 52 76 94 86 86 82 112 116 109 112 102 100 100 80 84 68 45 48 26 26 2 
10 26 56 56 50 66 94 65 118 99 140 150 126 76 92 97 94 100 78 75 43 34 18 12 4 
4 30 44 50 66 78 96 90 94 88 98 124 110 112 102 106 123 82 60 65 60 42 26 14 8 
4 26 52 62 104 86 108 107 100 102 136 108 114 142 113 144 113 109 86 67 74 44 34 29 4 
26 14 12 7 10 20 16 22 24 10 28 10 22 20 18 16 8 22 14 16 10 6 2 4 4 
8 14 32 40 26 45 48 44 32 38 34 48 32 62 51 42 38 30 39 24 22 14 12 4 2 
4 20 42 30 36 38 46 50 40 34 52 40 54 54 42 24 46 36 18 36 28 32 20 10 4 
4 22 28 34 28 65 52 46 52 68 62 58 66 62 54 58 54 60 44 28 16 52 14 12 14 
8 12 34 54 48 64 76 70 58 74 72 72 55 74 48 66 52 46 33 62 25 38 20 12 6 
10 16 34 65 36 68 64 92 59 80 72 90 92 74 88 70 52 88 90 59 35 28 22 6 0 
6 30 40 42 68 80 54 78 102 112 132 96 95 79 68 64 86 82 74 50 48 34 20 12 8 
12 30 50 44 72 80 80 92 104 97 108 136 96 148 59 101 78 100 70 46 44 46 31 20 8 
16 44 54 75 72 72 88 88 117 108 142 138 110 107 111 105 94 75 78 72 56 37 32 24 8 
12 30 49 73 104 106 90 79 143 106 138 130 96 132 130 86 92 98 84 64 62 56 34 28 4 
0 26 37 70 98 122 114 139 123 122 126 158 152 145 138 116 117 108 107 90 70 56 41 44 6 
12 28 52 70 82 119 115 128 138 151 190 176 177 118 130 136 96 135 102 84 77 55 52 32 12 
14 39 56 76 86 116 102 133 160 136 157 190 148 165 142 181 155 149 102 135 86 71 30 34 8 
18 34 65 94 86 120 127 147 160 189 172 176 156 199 153 187 144 138 120 86 103 69 70 32 14 
10 50 80 78 133 153 114 195 136 194 156 184 178 184 220 179 157 128 112 108 78 69 60 42 10 
20 56 65 97 118 144 190 194 193 205 210 200 198 215 190 206 168 147 131 123 110 80 64 42 6 
56 15 4 10 14 22 16 20 18 30 28 26 22 38 14 28 24 14 24 12 18 10 2 10 2 
10 14 30 48 36 50 78 69 64 64 72 50 61 54 54 46 37 60 44 48 38 24 16 10 0 
6 16 32 30 36 58 74 60 88 96 80 52 74 58 68 78 64 58 48 30 52 20 10 10 0 
6 12 32 42 52 80 85 78 70 114 98 96 96 88 92 70 74 65 70 52 48 42 12 18 12 
2 26 30 60 77 82 72 78 106 102 110 120 118 88 66 98 88 94 62 50 40 51 25 12 6 
16 18 52 74 72 86 100 124 128 132 122 114 124 120 104 101 80 86 68 62 44 36 56 28 4 
6 36 56 76 92 116 96 110 144 128 154 146 120 164 132 126 114 76 98 76 56 48 36 18 14 
6 36 64 78 123 94 127 124 144 170 188 210 144 153 128 146 130 128 122 78 84 66 44 22 4 
18 30 68 74 94 134 140 144 176 154 176 184 169 168 148 156 126 122 124 92 75 70 48 22 6 
12 43 67 80 104 120 136 162 173 177 166 154 220 210 221 162 122 134 127 92 81 63 37 40 4 
20 66 48 104 124 152 182 192 208 230 228 206 214 208 227 181 154 168 157 124 95 66 66 34 6 
24 34 78 92 160 142 158 213 242 218 202 212 202 156 197 224 170 180 199 126 100 84 60 38 12 
10 52 106 115 146 160 148 212 259 164 258 192 202 212 190 216 259 184 176 128 111 96 76 24 18 
12 36 102 104 127 200 200 251 185 216 230 272 250 214 190 212 198 225 179 123 147 100 75 44 22 
16 59 85 134 169 208 206 258 236 228 264 278 242 263 252 225 198 217 266 180 125 102 102 44 18 
18 62 84 140 176 243 273 256 214 270 258 290 258 280 259 254 236 252 222 176 130 136 60 38 18 
44 24 18 26 18 16 22 12 20 28 26 28 20 26 20 8 16 22 30 18 10 12 10 2 1 
16 20 32 46 47 36 56 64 68 68 42 70 44 54 56 60 44 70 38 54 36 26 12 22 0 
4 22 25 62 36 52 72 62 60 66 94 66 82 60 46 72 74 70 18 56 50 34 30 14 4 
10 30 32 54 72 58 66 74 88 106 114 102 122 96 92 84 73 50 52 59 58 30 24 12 6 
4 22 34 70 54 84 74 112 126 114 128 132 120 114 88 89 108 102 66 70 46 58 30 18 8 
9 42 70 86 110 104 78 152 134 116 116 128 128 112 130 110 94 94 64 62 54 44 34 16 4 
18 38 64 64 86 123 103 114 152 126 162 144 160 156 138 118 106 97 100 74 64 58 52 12 8 
16 32 66 89 70 118 124 162 180 150 189 195 174 132 180 178 115 132 102 112 68 56 46 22 8 
12 40 76 88 128 134 138 162 158 192 192 168 188 190 194 132 148 101 92 145 56 58 44 18 0 
18 44 72 72 88 121 180 224 162 208 175 201 256 194 182 200 128 146 154 84 91 60 51 32 12 
14 38 84 100 128 144 165 192 208 268 228 234 239 192 248 180 181 158 148 119 102 58 62 20 8 
16 38 98 118 142 148 182 210 216 245 262 262 202 206 210 214 220 196 168 152 100 71 49 40 16 
14 68 80 105 150 157 160 232 208 230 228 220 251 258 228 229 223 212 162 146 115 76 54 30 6 
6 38 75 100 172 192 201 260 242 264 284 308 261 278 222 250 238 204 146 158 120 88 76 40 12 
16 54 83 144 179 236 243 230 254 282 268 318 266 262 253 274 211 211 202 157 101 85 56 54 18 
14 62 80 107 206 210 258 307 245 286 276 312 283 316 307 248 256 257 204 182 113 110 72 67 12 
30 20 10 10 14 14 32 26 12 44 18 13 18 16 16 22 14 18 18 24 12 10 10 2 0 
14 20 32 40 46 56 76 62 68 33 67 56 42 48 58 66 62 36 16 36 22 20 8 8 6 
4 24 32 42 70 52 38 63 54 82 58 58 68 44 60 48 54 38 44 62 44 38 10 10 8 
2 30 68 40 36 64 62 62 82 78 92 77 100 86 58 92 50 55 46 54 42 28 20 16 4 
6 42 60 64 86 86 68 86 97 84 94 124 106 104 79 102 80 96 88 67 42 56 26 11 12 
4 42 48 36 60 84 94 104 144 131 76 121 136 100 100 90 91 59 89 44 62 42 34 26 7 
12 18 66 84 59 98 96 114 136 138 146 132 158 122 146 125 116 116 74 86 67 58 36 22 6 
20 24 74 70 86 92 122 127 154 140 154 150 137 144 130 136 94 94 111 77 88 63 48 12 18 
12 32 54 90 124 141 126 176 170 129 166 138 177 188 170 151 134 119 98 100 98 60 50 26 4 
19 32 78 71 111 129 136 147 178 193 140 164 192 189 172 152 150 134 110 120 84 88 51 26 10 
17 58 76 94 110 138 138 186 210 210 248 234 191 186 184 169 172 156 122 133 101 96 46 34 4 
12 36 102 106 125 137 186 209 219 172 215 240 183 204 180 168 177 140 128 138 98 90 52 36 16 
26 46 88 127 124 168 170 177 214 244 201 246 229 207 250 213 180 175 160 149 134 80 71 40 16 
12 58 92 138 164 136 212 200 213 195 280 276 241 266 250 220 190 206 182 127 124 112 73 36 16 
16 58 105 132 164 190 215 214 277 285 256 250 288 228 227 228 210 208 206 152 155 106 64 40 10 
24 42 106 124 170 175 204 213 282 245 246 290 258 269 282 254 206 252 181 200 122 118 110 59 28 
28 20 20 28 14 12 25 18 16 29 32 26 28 22 26 27 32 28 14 10 10 10 4 12 0 
20 28 28 38 45 72 52 73 66 66 36 64 55 70 44 62 90 41 44 34 32 16 10 12 2 
18 30 27 46 32 56 69 66 60 104 54 64 74 65 74 68 54 68 56 40 38 30 13 14 14 
12 10 36 48 55 64 90 62 66 62 62 60 76 82 78 87 76 46 72 56 40 22 18 8 4 
7 24 46 69 127 84 93 96 76 92 114 106 84 91 106 95 100 80 64 60 48 31 62 24 14 
23 22 54 70 81 94 88 92 96 140 88 115 144 114 82 66 86 92 70 52 62 48 50 16 6 
12 28 50 72 96 94 117 135 140 117 113 100 112 142 118 94 126 98 94 92 90 42 36 26 8 
26 27 48 110 84 124 105 138 128 114 161 162 164 138 148 124 132 146 90 88 126 50 44 33 6 
8 30 62 80 92 122 110 130 154 181 174 176 147 137 126 183 138 118 130 102 64 48 45 32 4 
34 78 53 70 96 155 130 182 145 166 213 243 219 160 188 130 164 116 148 130 98 80 40 31 8 
10 60 60 120 124 141 167 170 166 220 234 238 186 197 163 182 163 152 152 136 118 86 68 34 16 
24 40 72 132 134 202 170 194 224 202 228 226 240 280 207 180 154 155 130 120 76 90 68 41 10 
16 53 90 128 142 124 196 182 187 290 248 216 242 294 197 205 184 215 161 136 100 75 51 45 10 
14 51 100 130 170 224 187 196 225 306 238 242 267 216 203 228 179 182 153 145 128 102 62 55 12 
17 54 88 164 146 197 200 205 243 242 285 224 262 260 273 244 240 227 202 148 125 110 84 42 20 
22 60 102 110 162 196 219 258 213 268 302 312 311 290 268 244 257 226 177 180 126 135 112 41 10 
48 24 22 10 32 18 12 34 20 28 18 22 24 22 18 32 26 22 8 14 12 4 10 12 2 
14 38 42 37 38 40 48 50 28 40 46 56 47 40 54 46 28 50 48 36 32 26 20 12 2 
6 24 30 54 40 54 48 70 68 46 66 42 38 52 57 42 62 42 40 50 17 22 18 12 2 
6 36 38 50 50 68 59 44 56 90 86 42 74 62 86 75 64 60 82 68 45 42 28 12 2 
4 34 54 66 66 82 61 68 50 66 78 101 108 78 97 83 80 100 66 44 67 52 30 26 2 
18 18 64 60 68 74 90 66 126 119 114 120 96 98 102 107 98 90 70 68 62 49 30 24 4 
12 36 38 70 82 90 122 110 132 120 109 127 128 116 97 108 138 96 84 72 62 46 24 14 10 
10 34 35 104 110 96 135 102 132 116 142 110 142 115 98 121 125 98 106 94 72 34 18 36 10 
6 56 86 78 112 128 119 111 125 149 116 104 158 122 164 173 115 122 98 102 86 56 47 32 6 
14 40 83 98 100 136 180 127 146 162 154 182 146 144 158 132 106 137 158 96 78 80 38 26 2 
16 42 76 108 106 127 160 164 168 159 168 192 140 176 193 164 160 166 153 105 98 74 60 24 12 
16 32 56 108 147 162 147 179 172 180 196 210 174 188 172 186 162 135 122 124 104 109 46 24 10 
24 40 50 110 143 155 146 177 216 182 184 224 232 202 207 206 158 165 143 160 92 86 52 46 18 
14 52 93 134 167 199 180 221 209 208 284 196 238 223 205 239 221 191 162 134 121 62 58 36 26 
8 44 96 121 142 184 166 205 234 235 224 252 262 272 253 189 203 170 182 172 134 105 78 50 6 
20 60 69 138 154 158 207 256 206 262 272 294 286 306 285 186 200 200 170 166 151 95 88 46 12 
50 36 14 24 32 12 16 44 48 30 34 24 38 34 28 26 26 34 28 12 14 12 14 8 2 
10 34 32 42 46 52 58 66 64 68 62 76 72 66 56 71 52 104 42 34 46 36 16 10 4 
8 26 48 50 58 68 86 92 58 62 56 80 104 84 72 70 80 70 74 47 42 32 26 6 2 
16 20 46 74 84 90 98 110 80 82 90 77 74 82 94 101 68 108 70 87 62 32 20 26 2 
16 28 54 100 84 95 118 90 81 88 98 121 100 136 97 111 91 108 70 82 62 50 24 18 8 
14 46 56 98 134 98 106 126 106 119 100 120 100 114 139 102 114 116 94 83 72 70 28 12 4 
14 38 84 91 94 103 127 148 120 144 120 192 186 130 119 138 173 130 110 76 78 65 42 26 12 
4 42 70 117 162 128 142 154 140 220 203 165 174 173 164 180 124 104 146 96 68 74 34 28 6 
20 22 76 98 120 120 142 165 171 186 158 160 160 165 168 165 160 118 116 115 81 82 48 44 22 
14 46 100 121 146 185 190 175 189 164 169 178 190 187 155 149 215 183 192 148 123 83 74 30 8 
12 38 113 104 150 174 166 216 184 215 212 192 241 258 246 214 222 164 163 149 96 76 64 46 20 
16 50 94 114 184 152 196 191 224 232 258 274 266 218 237 213 191 196 160 141 158 120 72 46 4 
18 58 97 124 149 173 264 229 284 276 256 227 297 308 241 264 229 196 159 137 140 126 86 38 20 
34 64 119 138 246 204 243 274 241 343 341 267 338 275 295 252 243 244 172 173 148 120 80 42 14 
20 50 109 170 182 233 223 239 292 301 325 292 301 294 293 317 255 298 238 190 176 124 89 58 9 
24 78 100 157 179 236 241 318 317 314 330 306 405 351 324 307 268 275 280 200 174 130 118 44 36 
58 48 24 40 48 26 18 34 58 30 24 52 52 43 48 28 30 22 14 22 28 10 18 16 4 
10 48 38 38 70 45 93 81 66 66 76 82 92 82 79 84 52 56 68 56 30 28 26 10 4 
10 18 38 62 68 82 138 94 108 104 104 104 120 102 108 102 94 100 78 65 60 48 32 12 10 
14 38 48 68 109 130 110 116 130 84 124 120 124 148 156 153 117 118 118 76 68 82 40 12 14 
16 24 84 76 80 124 123 141 144 168 196 148 152 202 150 134 103 120 104 92 76 56 36 42 4 
28 52 64 102 112 128 182 202 166 172 188 174 166 158 220 140 136 142 134 130 94 49 56 24 6 
14 46 90 135 156 176 197 214 174 228 214 198 250 212 230 198 163 194 140 130 114 78 40 32 8 
14 60 90 130 148 167 184 246 254 230 219 235 212 281 190 226 195 160 182 143 164 108 74 58 28 
18 60 118 126 180 169 196 254 276 254 236 252 236 241 179 186 183 204 127 124 148 108 72 36 17 
24 72 86 178 194 195 255 256 285 270 260 275 285 263 241 250 236 242 187 168 153 94 68 74 18 
10 72 91 166 204 227 199 216 258 273 301 324 282 261 217 279 247 216 179 138 144 124 87 48 24 
24 54 150 168 235 226 237 285 273 275 321 362 348 294 274 294 260 266 215 231 195 155 106 62 16 
50 98 150 210 152 269 289 296 258 336 382 377 350 320 316 337 277 238 263 194 121 142 96 71 20 
25 72 150 210 230 280 294 343 325 340 339 442 383 352 359 330 356 269 274 244 200 223 103 70 14 
44 102 110 188 206 271 282 337 347 363 410 472 431 385 354 397 369 262 237 279 241 186 103 52 22 
38 91 166 203 301 305 329 398 394 385 479 462 447 443 410 396 316 373 312 240 226 237 132 74 28 
40 32 16 20 42 32 64 32 44 44 52 32 34 48 44 40 36 52 21 20 26 16 14 6 2 
30 56 48 62 56 62 78 94 78 82 114 120 54 132 79 98 74 70 52 50 44 34 18 14 6 
12 20 54 76 70 108 98 134 130 104 118 121 118 104 103 122 102 86 82 82 74 54 33 30 6 
4 32 58 76 133 122 134 106 159 142 134 182 130 158 119 152 152 124 100 105 84 66 42 32 10 
8 46 90 115 128 138 143 164 164 162 148 185 170 122 184 126 140 133 140 120 92 78 46 34 10 
26 70 68 92 112 172 132 192 202 207 186 246 198 224 225 198 137 176 140 128 96 80 64 30 8 
18 38 90 124 140 240 187 190 192 244 250 220 240 264 200 164 198 183 178 158 112 138 78 48 8 
22 65 130 161 170 188 199 262 276 268 300 264 256 272 262 176 234 168 176 146 100 112 92 48 8 
28 66 120 142 192 192 228 238 300 300 240 288 298 277 251 220 247 212 188 136 95 84 66 46 18 
32 68 116 180 232 255 210 288 300 326 333 283 273 274 301 335 263 242 188 182 179 102 84 64 14 
14 94 158 188 248 231 267 283 303 323 288 321 317 331 359 284 272 242 222 180 193 122 84 68 12 
24 100 150 188 202 231 315 332 328 333 409 371 330 337 342 348 304 262 262 214 174 124 101 62 16 
16 106 158 139 214 297 343 379 372 346 391 379 441 442 347 328 341 312 277 240 180 158 106 78 16 
28 98 112 207 234 300 322 351 411 446 409 360 408 467 444 411 344 373 301 270 182 170 119 70 40 
36 85 136 219 264 264 368 376 411 488 425 460 471 455 489 396 345 363 273 286 215 170 124 82 28 
42 97 156 210 295 358 381 415 476 490 471 526 420 460 448 489 388 371 315 300 237 153 120 70 38 
26 24 20 24 25 30 24 42 30 20 26 28 32 29 32 28 16 20 18 32 12 14 18 4 0 
14 24 38 54 48 45 72 70 59 51 69 69 83 64 38 86 54 51 62 44 30 32 22 16 6 
8 26 48 72 72 86 70 81 91 106 81 98 98 84 77 98 56 57 60 67 59 30 20 8 2 
14 24 58 86 103 86 77 114 111 82 92 97 102 102 88 90 80 65 71 68 40 26 24 8 4 
16 28 60 77 86 90 89 127 133 135 153 110 131 128 124 123 84 84 96 69 58 40 42 14 14 
14 52 74 92 85 124 108 106 140 107 94 121 138 116 142 135 118 124 108 98 68 68 60 20 14 
18 48 67 110 73 122 154 162 139 172 208 191 137 154 171 144 122 130 125 107 69 62 50 18 10 
6 34 70 100 95 116 141 180 123 172 178 150 164 118 163 144 139 150 134 103 76 50 55 44 6 
12 26 60 101 134 152 175 219 172 182 199 212 181 193 184 151 181 173 115 132 91 88 58 22 6 
20 58 78 116 142 178 140 197 165 203 245 201 194 225 182 230 185 157 142 120 111 73 54 25 22 
24 70 90 125 180 172 155 217 227 198 183 227 231 235 241 235 195 181 170 165 94 115 64 33 12 
24 48 78 133 152 228 223 215 240 265 223 241 252 264 216 248 266 234 200 131 158 84 94 45 20 
16 87 90 134 192 190 213 265 280 257 284 268 261 278 265 234 231 185 230 162 134 109 67 34 11 
12 60 86 146 150 202 226 291 247 314 260 277 281 309 336 270 273 254 224 182 165 147 97 64 24 
28 49 93 160 218 237 299 265 292 291 277 230 309 293 309 288 301 234 183 216 120 118 60 65 22 
18 73 155 159 223 272 259 272 392 331 351 371 294 345 337 302 296 265 207 201 199 148 75 65 18 
46 22 30 38 18 42 52 46 36 38 58 36 58 66 46 40 28 30 14 12 22 10 12 8 0 
24 48 32 70 54 69 80 128 92 110 94 66 100 104 118 72 66 108 83 36 51 44 36 16 12 
26 36 51 56 102 122 122 106 124 128 130 135 124 98 135 130 110 103 104 76 76 44 28 17 4 
8 32 64 91 126 158 130 148 157 130 156 132 135 146 164 136 160 114 116 71 70 72 62 42 16 
10 66 94 96 84 130 154 140 138 172 158 224 183 206 176 184 125 135 120 102 94 76 46 34 6 
22 50 79 103 132 186 175 189 197 238 220 257 221 202 183 191 208 198 143 156 102 88 70 36 8 
28 64 110 158 199 192 228 230 273 279 218 248 262 205 246 243 224 201 155 138 124 72 70 62 12 
11 50 110 116 146 198 229 225 247 298 238 306 290 331 246 210 188 190 182 139 101 81 70 52 8 
44 104 110 173 216 232 260 278 306 308 348 338 296 302 269 297 286 229 156 174 129 122 76 44 27 
24 60 112 182 219 240 319 280 345 322 382 374 304 293 357 328 254 234 218 176 153 129 104 54 20 
24 86 132 174 207 270 276 314 345 300 359 357 386 341 344 268 338 266 237 204 173 134 112 74 32 
30 110 115 170 234 262 333 378 416 394 418 363 372 409 374 349 332 324 253 196 220 160 124 64 28 
24 86 144 171 230 258 310 344 391 379 429 417 450 444 366 348 332 300 273 230 168 198 124 88 30 
43 85 160 184 268 292 405 367 394 519 449 480 448 440 436 399 354 342 320 265 226 194 142 72 18 
39 114 151 255 283 337 404 412 434 470 483 528 475 458 482 425 369 350 300 305 226 198 141 56 20 
40 140 178 244 265 377 368 429 463 480 514 558 531 524 568 438 455 361 334 330 243 196 154 84 34 
72 38 12 18 26 30 22 26 24 28 28 44 40 28 36 28 28 10 20 40 22 16 4 6 0 
20 26 48 50 66 78 96 78 87 95 76 80 107 64 82 60 80 52 60 52 56 24 37 18 8 
10 36 42 76 96 100 119 92 74 118 108 106 122 90 104 64 60 76 62 62 74 46 36 24 10 
4 24 50 80 126 122 106 128 130 102 102 112 133 108 140 112 72 102 76 71 66 52 42 24 10 
12 26 124 86 98 104 122 134 128 122 134 186 120 164 130 142 132 123 114 103 74 57 43 20 14 
8 48 84 92 110 92 168 169 138 204 206 176 188 155 140 150 128 142 111 80 88 78 55 24 10 
22 47 88 112 120 124 182 158 183 208 218 197 182 172 170 143 152 136 107 122 90 84 74 50 20 
20 76 104 113 132 170 188 186 202 179 206 220 176 160 156 172 191 156 151 110 94 126 70 46 14 
20 60 86 124 166 174 183 200 200 172 286 275 215 218 216 226 207 197 158 143 166 95 56 45 21 
24 69 117 117 135 204 184 186 228 239 301 302 209 236 241 228 190 226 186 144 130 111 72 52 12 
22 71 114 150 168 196 239 252 236 241 242 286 268 250 197 272 260 207 151 160 139 120 104 34 24 
34 106 126 176 179 216 248 292 254 284 306 310 336 271 264 295 244 207 211 168 128 162 86 33 18 
26 82 156 156 189 244 248 248 242 305 332 241 325 308 301 307 316 287 202 181 193 129 94 66 24 
34 78 124 206 232 257 288 339 335 338 308 346 356 350 400 289 308 294 236 189 194 164 120 48 34 
24 94 158 166 200 240 314 335 336 368 382 395 438 360 373 300 330 301 267 288 174 183 136 66 26 
32 104 140 165 249 270 352 359 422 374 488 458 401 413 366 361 360 342 295 309 229 170 103 66 30 
60 30 20 22 30 22 42 38 4 52 40 38 30 46 36 34 42 14 22 26 16 14 12 20 0 
24 40 54 64 72 82 106 114 92 96 90 120 120 97 112 92 88 85 54 45 66 36 32 14 0 
14 24 72 82 90 116 116 116 124 102 89 100 134 148 120 98 122 86 74 80 60 42 28 22 8 
24 46 62 118 88 136 145 152 102 109 118 156 146 160 131 158 94 104 118 77 66 50 32 20 8 
18 42 88 78 106 162 148 196 180 184 168 160 202 165 200 160 156 158 124 96 116 66 61 12 14 
30 40 70 118 165 152 150 177 190 226 270 240 233 229 158 217 178 163 164 120 89 84 58 38 14 
14 60 114 103 134 186 207 195 268 240 260 238 230 186 223 198 220 183 150 146 150 98 72 80 12 
24 50 100 135 184 184 240 248 238 257 257 260 278 240 226 239 205 215 168 150 100 112 66 54 10 
20 48 116 126 213 238 254 229 290 310 316 282 280 281 262 220 229 188 210 206 159 148 95 67 22 
18 83 124 162 198 243 256 267 268 280 288 334 329 293 258 310 268 238 206 227 130 118 84 60 22 
36 68 132 175 220 298 262 289 315 372 349 425 391 384 350 322 290 276 269 224 178 132 83 40 18 
44 118 150 192 230 255 291 311 313 430 415 368 427 408 390 300 358 264 286 198 182 142 123 52 20 
28 91 146 204 280 240 340 387 422 443 405 395 408 383 428 351 337 375 303 302 168 145 84 74 10 
33 126 172 206 285 305 338 350 424 409 445 540 428 491 478 353 346 337 271 271 237 166 107 64 14 
40 98 156 222 300 359 407 386 499 498 503 454 538 531 491 455 434 369 300 290 208 187 108 68 16 
26 84 169 252 298 328 417 383 510 530 537 547 505 496 502 448 451 385 368 325 252 174 129 66 28 
44 36 22 30 36 30 52 42 32 52 50 42 38 54 43 36 38 24 30 24 18 18 20 8 4 
26 39 60 68 60 92 88 104 106 74 106 102 88 98 65 90 78 86 83 69 36 22 20 10 4 
12 48 74 88 115 141 114 122 134 110 178 116 141 142 122 138 102 80 98 75 64 63 44 19 22 
6 52 68 90 143 137 120 142 138 162 152 142 146 162 138 117 106 107 129 66 86 50 44 22 4 
22 62 88 74 118 131 162 177 196 196 164 176 217 180 180 152 187 150 130 109 100 92 51 32 10 
24 56 73 115 142 176 166 180 214 209 224 216 190 176 208 208 188 171 172 117 102 105 64 32 8 
6 38 101 130 136 162 163 234 203 251 266 243 215 218 221 201 159 154 179 155 114 94 74 30 28 
37 73 116 131 169 207 220 220 264 208 260 282 281 228 231 213 205 207 202 186 142 120 92 70 14 
18 62 118 165 205 249 272 240 244 304 264 261 271 303 265 246 247 254 223 225 172 129 78 53 12 
28 63 132 154 231 228 238 268 293 303 314 282 303 288 254 306 229 325 237 209 136 134 101 57 26 
18 88 160 185 262 257 220 278 348 294 369 348 336 329 350 321 363 285 296 236 175 118 105 42 18 
36 86 144 175 245 287 331 313 358 347 370 321 350 399 364 325 293 314 284 242 214 152 124 75 22 
48 114 178 264 343 355 294 365 394 410 329 319 325 409 376 320 343 347 305 243 205 203 148 92 32 
24 97 159 208 290 361 422 356 446 407 385 416 407 420 446 413 411 286 348 309 210 189 106 84 11 
42 114 158 208 307 421 348 389 405 460 444 443 462 447 461 381 346 374 340 289 266 226 134 81 54 
32 90 185 258 302 416 362 406 494 469 473 496 488 451 465 458 399 390 325 308 285 204 147 102 30 
62 32 26 26 28 60 48 34 34 26 54 44 34 48 27 52 40 34 14 36 24 26 8 4 2 
36 46 47 68 72 102 120 90 82 90 102 76 90 90 144 100 96 80 54 70 50 38 46 22 2 
24 39 66 70 88 133 84 96 116 120 142 140 141 130 109 111 101 94 78 94 54 42 48 32 2 
12 50 94 130 122 117 140 116 164 140 128 142 176 180 116 122 124 100 132 114 92 69 50 14 5 
24 60 84 102 126 190 172 220 180 146 142 183 180 201 183 163 178 134 137 106 92 62 26 28 8 
22 60 106 102 156 146 154 221 176 202 192 241 200 195 195 208 126 171 142 145 124 106 52 34 14 
20 82 84 132 129 138 179 227 230 247 218 274 274 265 278 213 178 196 175 119 116 84 70 42 16 
22 68 121 188 182 223 248 242 306 291 266 258 258 271 269 197 229 191 150 152 108 104 74 45 8 
9 70 124 146 201 211 226 292 307 278 348 318 257 297 262 245 219 214 240 164 146 99 96 52 16 
20 48 112 189 208 240 243 322 306 305 284 294 344 311 306 308 275 229 278 192 134 120 114 66 16 
30 72 146 199 217 265 252 304 303 341 392 430 308 341 364 357 301 249 241 189 151 133 92 87 34 
30 84 136 174 204 259 301 298 363 346 317 333 368 386 379 335 305 319 281 226 202 117 112 90 26 
25 100 143 199 259 298 321 408 420 425 439 459 417 410 427 347 341 323 275 241 234 154 157 71 36 
36 98 146 169 298 328 377 397 458 411 458 471 401 359 423 362 338 401 303 235 214 204 132 72 56 
34 134 171 197 287 369 355 355 462 358 454 466 399 434 442 459 410 340 346 277 236 210 164 82 30 
70 113 166 254 319 356 379 453 462 481 477 512 516 434 507 449 463 443 395 277 245 214 192 88 24 
64 36 30 26 34 40 42 42 76 32 40 48 48 34 40 38 42 42 20 25 24 22 12 6 2 
44 50 90 76 70 110 120 112 104 112 112 86 121 88 88 74 90 93 75 80 50 56 20 8 4 
24 56 80 118 170 133 154 80 134 140 162 114 152 140 106 102 110 112 77 70 61 42 52 32 10 
18 62 78 110 160 110 120 151 164 134 162 166 162 152 156 172 189 121 88 86 72 60 40 28 12 
20 56 74 104 140 118 146 212 174 198 186 198 184 184 188 187 166 123 88 162 104 98 42 31 18 
18 70 99 131 157 140 170 194 195 217 286 207 235 200 212 170 193 160 125 108 114 83 48 34 16 
12 52 110 107 180 245 234 242 216 222 278 254 250 273 218 193 206 186 191 143 122 84 66 46 20 
36 70 103 130 158 210 253 244 332 280 320 326 292 238 237 262 236 244 192 176 164 134 94 51 18 
26 66 112 184 148 256 225 252 279 349 316 313 364 318 274 270 276 205 221 206 135 94 80 61 26 
28 69 166 152 199 242 236 257 299 371 336 341 393 301 300 293 346 287 228 208 193 156 96 64 10 
36 74 119 193 234 298 328 334 328 425 429 444 312 338 366 317 335 340 231 229 196 150 110 59 20 
42 88 158 215 266 277 340 307 343 324 346 368 387 404 393 379 343 292 324 255 190 151 126 60 30 
39 110 152 250 261 302 391 413 414 405 470 463 460 437 447 416 428 384 367 322 204 186 118 67 30 
39 107 177 224 257 365 420 376 470 456 494 535 438 504 466 449 460 400 358 318 200 255 116 69 28 
26 102 191 276 286 349 397 460 494 525 482 487 488 482 439 465 446 398 348 361 246 202 182 70 26 
38 115 185 256 344 430 486 528 471 522 542 580 526 494 574 546 455 396 372 341 273 238 172 121 28 
60 26 48 36 46 46 44 60 42 46 80 44 62 54 58 30 62 55 36 40 30 20 18 6 2 
40 52 106 98 98 138 112 158 94 136 112 132 136 118 152 122 84 93 74 68 74 48 42 14 8 
20 58 74 114 122 146 118 144 136 204 154 174 156 160 162 124 120 162 121 80 99 90 43 30 6 
20 62 78 131 140 144 162 173 198 206 238 222 176 194 172 170 199 188 130 150 104 78 50 24 11 
50 80 132 129 164 186 220 199 234 244 274 204 223 235 239 236 207 168 190 130 118 82 54 42 8 
22 66 120 131 158 188 257 240 257 232 330 276 228 263 300 209 198 199 160 164 138 108 109 50 14 
18 68 140 138 227 263 229 289 267 308 324 276 270 312 284 263 291 226 233 160 158 122 98 50 18 
28 87 151 228 242 249 291 402 270 300 367 321 357 300 286 344 252 237 206 208 166 124 81 58 16 
27 72 160 196 246 291 277 330 373 350 344 392 314 307 412 306 300 275 274 256 155 142 104 71 26 
30 90 146 208 237 327 381 352 348 342 398 414 434 347 392 344 374 312 278 306 202 173 120 74 30 
38 133 168 226 304 326 367 378 412 423 456 415 536 441 464 416 323 362 317 255 244 218 126 93 28 
40 110 216 268 276 336 346 425 478 536 475 410 488 479 503 384 390 394 390 293 343 230 153 57 38 
28 119 148 257 350 366 428 441 528 517 517 546 471 546 462 508 516 370 396 335 286 240 162 102 16 
40 123 188 265 373 368 398 496 556 524 575 550 509 599 524 490 526 480 383 287 349 249 150 79 24 
48 150 255 300 363 483 488 497 554 544 490 564 573 525 580 617 539 574 427 300 355 253 220 123 50 
51 146 233 411 405 456 558 567 559 613 561 634 598 582 633 602 567 513 475 421 357 288 155 104 31 
50 32 34 48 54 46 70 40 40 58 58 46 60 56 50 50 42 44 22 38 26 30 24 10 16 
28 66 107 102 124 106 108 126 172 156 112 142 130 124 149 116 116 110 87 79 56 66 52 30 14 
22 72 76 98 116 157 160 146 160 142 202 172 210 164 152 165 178 143 142 106 86 134 46 28 2 
16 66 104 160 128 166 182 170 214 214 248 200 194 209 181 202 164 150 145 118 109 82 71 53 14 
24 58 124 146 182 211 204 236 228 282 298 254 226 214 274 203 206 204 184 154 148 90 70 42 14 
34 90 93 149 193 233 199 261 276 277 276 295 272 283 302 269 200 208 206 152 149 133 97 44 12 
34 114 156 192 226 249 278 288 302 314 346 358 306 329 275 297 291 293 235 248 186 89 125 60 28 
22 108 190 185 242 272 274 373 344 365 349 359 398 336 350 309 286 300 254 240 170 135 81 56 10 
39 109 151 202 280 264 347 309 360 427 364 360 457 350 383 374 295 342 285 265 183 183 130 82 33 
40 106 160 214 310 310 387 407 405 486 365 409 427 426 454 391 413 374 268 297 227 178 131 66 41 
30 119 184 271 363 399 359 403 426 505 490 516 555 491 478 469 389 366 343 279 244 173 105 98 36 
52 147 169 284 318 457 403 478 494 554 491 447 538 506 524 452 414 432 390 327 323 214 147 84 30 
40 95 219 273 337 452 468 496 585 549 551 497 582 546 547 540 470 425 388 353 297 245 173 95 42 
63 138 222 329 340 427 477 554 596 582 610 566 639 625 560 514 504 484 452 391 297 288 214 127 32 
53 133 254 304 405 425 496 562 624 626 646 601 567 664 613 651 545 542 447 404 354 269 205 135 38 
64 135 207 390 421 512 579 586 623 696 610 500 631 654 622 627 598 624 503 470 402 299 233 100 28 

