51430
51430
50000
50 16 25
2.000  12.000 0.200 
0.900  4.100  0.200 
0.000  1.000  0.040 
0 0 2 0 7 0 2 4 0 0 2 0 0 0 0 1 1 2 2 0 0 2 0 0 0 
0 1 0 1 2 1 2 2 2 2 2 3 3 2 2 2 6 3 3 1 0 2 0 0 0 
0 4 0 3 3 1 0 3 4 10 2 6 0 1 7 2 1 0 0 2 0 2 0 1 0 
2 1 2 2 2 0 1 2 6 4 5 2 6 2 0 8 2 1 2 0 2 0 1 0 0 
0 1 0 4 7 3 3 3 2 3 4 6 3 5 3 4 2 2 5 3 3 0 0 0 0 
0 0 3 3 7 2 7 3 5 6 0 6 8 4 5 5 3 1 2 6 1 3 2 0 0 
0 0 2 0 1 7 10 5 8 6 28 5 13 5 2 8 4 2 5 4 3 0 0 2 0 
1 0 5 1 2 1 7 0 10 10 4 4 4 0 8 5 2 3 5 6 5 4 5 0 0 
0 1 0 3 5 6 6 4 2 4 7 9 4 5 8 3 5 6 1 4 11 1 5 2 0 
0 2 0 6 4 3 6 7 1 3 5 3 8 5 7 7 7 7 8 7 5 0 1 1 2 
0 0 3 7 6 4 6 7 3 12 4 13 15 10 12 10 9 11 8 3 8 8 4 3 0 
2 2 5 9 2 6 7 8 7 16 15 13 9 9 8 15 5 10 12 9 2 3 5 1 2 
0 3 10 6 5 3 8 11 14 7 15 16 16 12 7 12 8 12 6 13 10 9 1 3 2 
2 4 0 7 11 13 12 17 14 11 14 6 18 17 16 10 9 18 11 2 1 8 2 4 2 
2 2 3 3 5 17 7 12 11 18 22 26 19 13 13 14 19 14 16 7 15 7 4 0 0 
3 2 8 11 13 11 7 8 14 13 12 16 16 19 13 12 1 16 14 11 18 7 1 3 3 
0 0 3 1 1 3 0 2 2 0 1 4 0 0 1 0 2 2 0 2 0 0 0 0 0 
0 1 2 4 2 1 6 2 1 2 3 8 4 2 3 1 3 4 0 0 2 2 0 0 0 
0 0 3 5 3 0 4 8 5 4 3 11 5 3 8 2 4 5 1 2 2 2 0 2 2 
0 1 1 7 2 1 6 4 9 4 7 9 2 7 7 3 4 4 2 9 6 0 0 1 0 
1 2 4 6 6 2 4 8 6 9 1 8 8 8 7 6 3 11 1 5 6 3 3 0 0 
0 0 0 0 7 2 10 9 8 12 11 13 12 3 4 7 9 13 5 7 6 3 0 1 1 
0 2 2 1 2 9 4 9 15 8 13 6 9 9 14 9 10 12 7 3 8 5 3 2 0 
4 2 4 13 6 7 8 7 14 6 2 4 6 7 11 4 10 8 8 4 10 2 4 4 0 
0 2 5 7 7 5 8 13 10 5 16 18 17 17 5 14 14 11 9 2 6 0 0 2 0 
0 2 5 10 6 23 12 10 13 17 13 14 16 15 17 8 10 11 12 6 9 10 3 0 0 
2 1 6 10 12 14 10 8 9 27 11 12 7 20 14 12 9 15 17 14 10 5 7 0 0 
2 2 5 7 11 9 12 14 18 14 10 19 14 6 18 9 21 10 17 6 6 12 5 8 0 
2 5 7 5 8 20 16 18 16 9 18 39 17 22 26 22 13 18 20 6 10 8 5 3 2 
0 2 8 11 11 15 8 16 18 23 13 9 13 14 22 35 18 20 10 17 5 9 5 4 1 
0 4 3 13 20 14 22 16 31 13 26 28 28 21 16 35 22 16 16 13 5 9 5 4 2 
0 6 10 8 19 13 19 34 25 25 37 18 32 21 14 32 26 22 21 14 16 12 5 3 3 
8 0 2 2 1 2 1 2 4 1 2 1 2 0 4 1 0 2 0 1 0 0 1 0 1 
0 1 2 4 4 8 4 1 3 8 8 9 3 10 4 3 9 6 1 5 0 2 2 0 0 
0 8 4 3 0 2 4 10 5 14 9 4 4 8 12 0 6 9 5 3 6 0 1 0 0 
1 2 1 8 6 9 9 9 2 13 8 15 7 4 7 2 9 7 2 0 2 5 5 0 1 
2 0 3 2 9 7 11 7 17 4 7 10 4 12 5 0 10 6 4 3 3 6 0 1 0 
1 2 1 5 6 7 14 7 10 5 24 17 16 15 15 7 10 11 4 7 9 4 0 0 0 
0 2 4 11 9 7 2 9 18 23 9 5 8 11 9 15 13 13 7 7 8 4 4 3 0 
0 1 4 0 13 11 6 15 16 7 17 13 13 12 10 14 15 15 8 8 6 3 5 0 0 
1 5 7 5 3 11 17 8 12 16 16 17 25 13 21 22 19 13 12 13 5 14 3 3 0 
0 3 6 11 12 9 13 17 14 22 19 12 23 15 23 20 21 24 10 14 12 15 5 7 0 
0 1 8 10 13 23 19 21 24 21 18 23 18 10 22 5 33 17 16 18 11 4 12 2 2 
2 2 7 5 16 13 25 19 24 18 26 25 16 26 23 24 25 18 14 18 18 20 6 5 0 
0 4 13 14 11 28 32 15 18 24 24 19 30 21 21 22 21 17 23 27 13 16 21 8 2 
0 7 10 9 13 21 31 18 30 28 23 22 21 38 18 36 34 21 22 13 18 19 7 5 0 
3 6 18 18 24 17 28 22 26 33 26 38 23 17 32 48 45 33 17 22 22 20 15 4 8 
2 8 14 20 24 25 24 37 21 21 36 27 44 41 32 35 52 32 24 27 6 5 13 5 6 
10 4 1 2 2 1 4 6 10 2 2 3 4 2 2 7 3 2 5 0 1 0 0 0 0 
2 5 6 2 4 7 10 3 7 9 7 5 5 6 7 5 9 9 3 9 2 1 1 0 0 
2 2 6 6 12 8 12 7 11 4 15 14 9 6 5 7 2 5 4 6 5 4 4 3 2 
3 2 7 5 8 7 9 3 18 7 4 5 13 12 13 10 11 10 5 9 4 0 2 3 0 
0 5 4 10 6 9 7 19 9 8 11 13 6 19 7 19 13 10 12 5 5 11 7 4 0 
1 1 3 15 14 7 8 14 13 10 15 7 17 15 22 15 18 8 15 10 13 6 5 3 2 
0 3 5 4 5 9 24 15 15 13 15 19 22 10 8 14 12 10 16 12 10 9 5 2 1 
4 8 5 19 16 18 18 19 18 21 26 20 17 27 16 18 27 25 22 14 8 10 6 0 2 
0 6 14 5 17 17 19 19 22 25 27 30 37 22 21 18 21 13 13 19 18 6 8 8 4 
2 10 5 15 19 14 23 20 25 40 32 25 30 26 22 15 19 20 26 15 21 7 11 6 3 
5 3 20 12 16 24 28 15 38 29 18 11 19 28 36 42 31 22 30 22 11 13 12 5 2 
1 6 14 15 25 21 18 22 25 24 17 14 24 33 51 32 22 26 22 16 30 19 8 4 0 
2 5 11 24 20 18 28 35 36 32 37 51 51 47 44 28 27 45 37 28 22 22 14 11 4 
9 15 7 20 26 35 33 41 54 56 47 38 54 43 41 43 41 34 27 27 31 35 14 10 2 
5 7 17 21 36 37 23 28 45 38 52 70 50 60 71 48 53 39 27 26 24 17 14 10 5 
3 13 16 26 25 21 49 47 55 73 75 37 66 47 50 45 52 36 44 26 28 28 19 5 7 
5 9 4 1 2 10 1 9 4 7 4 3 5 1 3 1 0 2 0 2 0 1 0 0 0 
9 5 2 1 8 9 5 5 6 13 9 12 9 5 6 7 8 6 5 12 7 2 5 2 0 
0 4 4 7 5 6 14 21 9 11 5 8 13 8 14 10 14 11 9 9 4 7 3 1 2 
4 7 1 16 11 6 5 10 11 15 22 18 14 15 14 15 14 13 12 15 4 9 1 10 0 
0 3 7 8 6 9 18 20 16 32 21 21 15 24 12 14 7 15 14 12 7 10 10 2 0 
0 2 4 12 11 17 14 17 16 12 18 19 11 12 21 17 23 12 14 11 12 6 13 9 1 
2 6 8 15 17 24 20 28 13 22 44 44 24 21 28 25 17 20 15 14 12 4 10 7 6 
3 8 8 18 23 14 14 15 25 33 37 38 34 26 24 30 21 23 10 15 11 14 7 6 0 
5 6 21 16 16 21 24 39 32 28 21 32 22 16 24 21 30 18 15 31 24 16 3 9 2 
2 11 7 17 23 18 34 22 24 28 36 30 34 38 20 33 40 17 28 24 26 19 13 3 0 
4 20 8 17 20 33 32 25 17 40 29 40 39 26 38 44 41 33 35 33 16 22 11 10 1 
9 12 17 20 18 24 38 34 39 36 53 43 48 46 46 36 42 48 25 38 15 29 19 6 2 
0 9 23 28 26 26 41 48 47 43 57 44 35 39 67 52 27 45 44 28 38 20 8 4 2 
3 10 18 31 36 24 49 39 46 42 31 30 50 49 61 53 45 46 49 26 33 29 15 9 5 
0 13 19 38 41 40 51 61 74 50 60 54 70 60 54 46 51 40 50 40 15 25 18 6 7 
4 19 35 18 48 52 32 54 65 63 57 51 56 101 52 48 71 38 57 48 27 32 24 7 0 
3 6 1 2 2 2 5 2 7 6 4 2 3 2 1 6 4 2 1 4 4 2 1 0 0 
0 5 8 12 14 13 11 15 10 16 11 13 10 9 5 4 5 6 10 4 0 5 5 5 1 
2 10 10 15 10 7 11 15 14 32 13 19 18 8 15 9 9 9 18 9 4 9 16 3 2 
1 2 6 11 9 7 14 18 13 12 10 17 13 12 14 12 15 12 12 13 9 3 4 1 0 
3 2 6 5 8 8 8 18 25 21 18 34 19 26 29 16 11 18 22 16 4 11 3 5 1 
0 5 7 16 7 8 29 15 16 36 47 19 26 19 21 23 17 21 17 20 9 8 5 2 0 
4 16 2 21 20 27 14 24 39 21 29 23 21 26 16 31 12 15 28 33 13 22 13 12 0 
4 14 16 22 21 14 32 23 17 31 26 25 38 25 23 47 18 26 26 30 19 10 15 4 2 
1 7 5 19 35 21 26 21 32 29 29 36 33 27 39 33 36 33 37 26 19 11 14 10 5 
3 7 14 18 23 19 35 35 37 39 42 38 51 47 42 47 37 39 28 30 26 13 11 13 2 
0 14 20 35 40 35 32 44 29 53 43 69 57 49 47 53 42 47 40 28 9 16 10 11 1 
4 19 16 31 26 27 31 60 44 56 76 57 83 49 77 57 46 41 47 42 24 20 23 5 0 
2 14 18 36 39 49 54 69 63 73 53 71 50 78 51 58 54 52 32 52 32 19 21 16 2 
9 14 23 37 40 51 53 58 80 67 66 66 80 52 67 55 55 60 84 61 41 28 19 26 7 
2 19 13 21 45 54 52 62 65 70 66 71 73 75 93 51 66 63 56 43 31 21 17 5 5 
4 16 22 19 47 56 72 65 75 87 87 77 82 73 85 91 86 81 80 45 47 35 26 8 5 
6 6 3 6 3 8 10 5 6 8 9 6 6 6 10 5 7 6 7 1 3 0 0 1 2 
7 12 11 11 12 20 18 24 13 21 17 21 12 20 12 14 9 15 7 14 6 10 2 1 0 
7 4 9 9 18 6 18 15 20 24 18 12 10 29 16 19 11 10 12 20 9 1 4 0 0 
3 9 12 10 14 21 18 9 22 27 20 26 21 26 22 24 17 11 14 13 12 10 6 6 0 
0 7 12 19 14 23 28 26 23 30 35 30 27 30 28 23 28 15 22 11 19 14 11 4 1 
3 3 15 16 21 25 24 38 32 36 17 41 23 38 30 32 31 16 14 14 14 29 16 6 3 
1 5 13 31 18 18 34 34 24 33 32 26 31 38 37 29 43 26 27 20 22 19 11 12 5 
0 6 3 26 13 36 29 45 38 37 39 41 42 49 27 29 33 35 27 29 20 22 14 2 3 
5 6 38 25 22 35 49 44 51 33 43 55 56 48 67 43 37 39 38 36 24 14 18 14 2 
4 10 29 19 19 35 41 35 44 54 60 48 52 39 63 49 70 35 46 42 25 17 13 9 0 
5 22 18 29 34 39 43 59 69 45 60 76 64 60 71 66 61 53 58 29 29 16 31 11 6 
9 17 33 39 37 45 45 64 59 66 63 65 75 68 48 69 61 74 59 65 57 31 37 12 4 
3 13 19 30 46 51 71 72 70 87 76 81 80 74 74 82 76 83 65 44 59 32 18 7 5 
3 24 30 45 57 66 88 82 65 71 100 72 110 80 98 92 78 78 49 45 60 34 21 21 4 
3 19 18 31 58 68 85 88 94 91 114 94 107 87 96 100 83 92 76 74 33 37 29 11 10 
6 26 36 56 70 98 91 98 112 77 100 88 108 102 79 122 102 72 103 47 58 46 24 23 9 
7 4 2 10 6 9 5 8 2 5 4 10 15 6 3 9 4 1 3 1 3 2 2 0 0 
4 13 15 16 11 8 17 12 16 18 22 17 22 12 23 18 12 22 13 11 15 10 0 2 1 
4 9 7 25 16 17 34 23 20 35 12 32 28 20 30 18 18 11 14 12 4 7 10 8 2 
2 4 13 20 22 17 22 25 29 33 41 36 32 16 22 34 17 30 22 17 12 16 8 7 1 
4 15 11 15 18 31 30 28 44 43 41 31 56 39 48 38 32 26 24 25 24 18 9 13 1 
3 8 16 21 36 27 39 30 55 38 43 44 33 39 35 33 46 31 26 21 18 22 18 11 7 
2 9 12 17 25 29 44 38 46 47 54 59 66 45 30 59 54 30 36 38 25 28 21 6 2 
7 21 15 28 39 44 53 46 66 63 42 58 50 89 61 36 59 37 30 36 20 22 28 8 4 
4 21 15 32 30 41 50 41 66 58 62 71 58 63 63 73 51 67 58 41 42 29 8 9 4 
5 27 33 38 35 40 84 58 80 69 104 107 68 102 92 88 59 53 63 43 36 29 25 16 3 
11 16 36 29 55 55 61 60 104 71 97 101 82 83 69 103 79 61 57 48 54 36 16 17 0 
4 24 33 33 50 70 65 93 96 90 96 112 100 100 87 100 110 81 76 66 47 42 35 12 4 
5 31 25 56 76 86 81 115 85 83 111 121 125 125 121 102 87 100 79 81 55 54 33 14 9 
4 14 37 53 64 66 100 114 125 125 141 147 141 110 129 85 108 117 72 78 71 70 60 24 6 
8 32 39 51 77 77 108 121 123 146 169 140 122 127 136 105 106 121 95 91 88 66 27 17 11 
1 26 42 65 81 104 106 106 135 116 116 164 124 149 154 129 125 141 125 115 82 57 52 28 5 
6 7 4 6 3 18 10 6 10 14 12 17 3 3 8 7 9 5 6 4 8 5 5 4 0 
2 16 11 23 26 21 18 29 24 24 14 32 31 26 17 15 16 27 24 21 8 8 9 5 0 
1 10 23 13 11 17 32 34 31 23 31 24 45 17 37 27 32 28 16 13 6 16 10 8 2 
4 9 11 17 25 19 32 39 30 39 39 36 42 29 29 37 35 48 28 21 22 23 16 8 8 
8 8 13 14 28 27 34 46 37 30 36 59 36 58 43 33 45 46 34 23 23 22 11 9 1 
4 13 22 26 50 34 48 38 52 61 44 61 66 52 46 42 46 56 57 37 30 32 12 12 3 
3 15 21 39 40 48 44 63 61 72 67 61 60 60 46 60 28 54 43 29 26 36 17 3 2 
5 24 26 24 61 55 57 57 66 63 73 58 91 73 67 85 83 56 67 40 32 33 16 12 0 
14 27 35 23 57 76 64 55 68 92 65 65 91 81 94 97 68 65 56 43 33 29 24 9 5 
7 16 37 45 75 54 67 71 72 103 85 85 99 103 105 85 90 84 75 47 55 41 24 29 4 
7 20 52 27 63 87 93 102 138 110 131 134 118 106 112 107 63 108 80 68 64 45 25 20 6 
2 20 45 40 85 77 82 132 109 120 131 123 121 126 113 82 106 122 83 95 66 60 31 28 9 
7 18 38 50 70 102 110 104 140 122 148 153 156 136 118 122 110 111 95 86 45 55 42 24 12 
9 18 51 63 74 101 98 101 121 147 144 185 114 139 152 129 127 157 114 87 84 58 50 31 10 
17 35 49 73 98 133 114 128 137 138 154 171 187 180 157 148 147 117 126 107 91 66 62 41 12 
9 37 57 89 102 141 124 152 156 183 150 220 162 212 204 171 144 147 124 132 93 90 59 32 13 
8 11 8 12 10 8 21 20 14 13 13 11 16 10 11 11 6 6 14 7 9 7 2 5 0 
8 7 10 21 20 23 39 33 25 22 49 38 34 18 25 38 29 27 14 20 18 8 6 6 3 
5 20 9 15 19 16 40 47 57 41 48 47 35 31 44 36 49 27 26 18 30 11 13 3 0 
3 19 16 28 25 33 36 36 62 59 55 50 46 40 45 51 32 48 43 29 16 21 13 4 0 
1 19 23 37 25 51 48 42 41 49 39 50 59 56 51 63 47 52 44 31 24 34 20 11 1 
13 16 25 29 50 55 60 60 52 61 47 60 74 67 57 75 68 67 30 47 39 26 4 16 11 
6 10 37 35 55 48 60 73 77 68 68 67 75 78 82 80 74 61 68 46 35 28 22 13 9 
2 18 35 47 82 60 104 67 84 99 108 110 108 79 96 83 89 84 90 66 45 30 31 22 3 
4 25 27 44 65 89 87 97 67 108 120 127 111 114 105 111 84 80 64 70 44 44 33 22 6 
8 20 59 53 65 97 94 101 109 114 121 117 90 120 108 133 110 94 100 53 70 57 35 17 5 
15 16 43 52 84 87 119 149 96 113 130 156 118 148 150 145 121 122 102 86 62 54 46 21 13 
17 29 42 60 101 107 106 144 131 153 160 158 153 168 163 148 143 121 101 100 72 84 50 35 8 
16 36 53 71 89 114 133 173 174 170 152 196 177 183 153 173 135 130 134 113 92 77 60 28 15 
14 33 74 80 90 138 168 166 180 207 176 206 166 187 235 200 182 148 156 149 112 82 47 42 7 
9 29 64 85 110 136 167 177 167 205 199 215 238 176 194 227 194 178 152 148 113 87 71 55 16 
20 50 89 93 133 144 163 189 284 197 231 243 226 191 246 223 214 193 180 165 118 120 87 33 12 
10 16 7 12 4 6 7 14 17 12 15 13 12 18 18 16 9 12 16 5 8 8 8 3 0 
4 12 16 27 31 33 21 26 41 37 39 33 45 41 23 48 20 40 31 31 16 11 9 1 6 
4 20 30 20 52 44 39 47 37 47 40 71 49 49 38 40 43 34 28 29 20 20 22 13 5 
5 11 25 33 40 41 58 52 73 60 63 67 52 37 78 62 54 34 31 30 23 37 8 8 2 
6 10 28 38 40 51 59 64 77 51 36 73 69 72 62 63 70 74 63 52 49 29 15 11 2 
6 27 26 58 49 60 75 56 77 93 99 78 74 94 87 73 68 48 46 57 56 38 28 17 2 
7 16 40 44 58 67 90 95 72 106 97 102 124 88 99 98 65 85 43 88 64 52 34 29 9 
9 32 42 50 67 90 84 107 126 113 103 117 113 124 109 117 102 102 76 80 62 41 47 20 8 
7 21 58 54 95 84 92 111 127 133 118 150 132 137 136 156 131 101 117 67 66 60 38 24 4 
7 28 55 96 65 103 112 141 125 147 161 145 162 162 141 144 139 117 112 114 80 60 42 33 15 
12 30 62 102 87 115 132 168 157 176 142 165 155 192 170 168 123 124 129 100 90 81 53 42 10 
15 58 70 88 88 133 166 166 178 190 206 213 169 179 171 171 176 157 123 102 94 71 66 29 6 
13 52 63 98 144 152 162 201 174 207 179 144 210 206 213 209 219 170 164 129 134 84 71 34 7 
8 50 70 97 138 146 152 172 217 222 242 193 233 261 194 240 201 180 169 151 141 92 73 43 10 
30 48 97 124 153 166 202 237 233 269 215 272 257 266 230 269 241 225 207 199 150 97 75 34 30 
19 63 86 103 156 170 239 246 233 275 278 311 295 274 298 277 253 213 236 165 166 112 62 46 14 
10 9 15 10 8 15 20 23 34 13 18 16 17 19 21 18 13 21 13 8 9 5 5 2 1 
13 20 21 27 26 29 43 28 44 35 47 30 44 34 40 31 31 25 21 24 22 12 17 14 2 
10 16 26 30 34 40 44 48 52 43 66 62 66 32 45 47 42 37 27 39 21 20 19 13 0 
10 15 40 38 39 53 46 46 81 62 59 72 59 56 76 64 42 55 62 50 40 41 22 15 6 
11 12 40 52 55 64 46 82 80 80 82 85 73 81 82 79 77 75 47 61 38 26 27 16 5 
6 24 32 29 40 62 76 75 84 118 106 125 94 99 91 86 132 53 56 64 46 38 27 22 1 
12 33 36 49 77 53 103 116 78 133 120 147 128 110 119 97 108 116 101 86 72 59 44 20 7 
12 29 45 81 75 94 89 124 124 146 135 121 143 139 164 97 127 125 95 91 54 60 37 21 6 
10 36 61 83 75 150 113 144 157 147 148 144 165 129 143 137 134 115 126 100 88 71 63 31 1 
13 36 49 86 86 140 111 176 151 170 179 184 178 172 159 165 151 153 124 118 98 78 51 38 2 
9 41 69 91 141 151 150 141 157 197 238 240 237 178 202 170 179 182 169 111 81 96 57 34 12 
9 65 91 105 128 148 184 176 195 226 217 200 201 209 238 234 188 186 171 144 141 80 73 55 18 
13 44 71 100 148 164 182 204 229 209 227 264 269 269 293 273 222 218 197 180 121 95 95 36 15 
9 69 113 137 181 209 208 239 262 265 287 266 266 269 308 263 233 260 199 164 183 118 98 51 27 
14 60 106 112 166 210 226 311 327 273 287 318 309 283 302 253 272 220 234 195 165 124 111 42 29 
24 66 97 162 194 229 295 304 331 300 356 423 361 359 342 364 314 257 268 202 176 140 124 49 20 
18 28 8 20 13 21 12 36 28 33 16 27 21 25 24 25 16 20 10 13 22 10 9 0 0 
7 23 37 29 43 36 69 42 70 77 50 56 53 52 63 54 44 53 41 39 24 24 11 14 1 
10 27 29 38 43 61 53 72 52 70 54 75 62 61 60 60 66 58 37 39 35 16 21 9 2 
5 24 27 37 74 89 74 71 94 102 90 82 88 80 89 80 74 73 53 47 36 47 28 13 2 
10 24 45 62 62 73 89 95 79 88 116 97 90 98 100 81 90 87 68 63 56 38 34 22 4 
0 30 64 68 92 84 99 93 92 95 145 104 128 145 125 126 92 92 74 67 66 52 36 22 5 
12 25 47 70 90 102 113 120 139 143 141 157 144 134 122 126 124 111 104 97 61 66 32 24 11 
7 32 52 69 110 128 117 161 162 147 231 189 174 175 143 165 138 120 122 91 80 77 60 33 9 
8 40 78 83 110 106 165 169 174 185 185 198 205 225 205 170 169 174 154 126 77 60 64 37 14 
17 44 78 97 109 145 170 148 198 240 242 241 200 224 203 185 202 181 153 120 114 78 76 49 28 
12 49 75 119 138 143 173 230 270 187 252 259 222 249 234 216 216 209 181 162 144 79 75 41 15 
20 36 87 96 158 206 205 230 241 255 266 252 282 253 253 257 199 255 195 173 147 112 88 42 28 
23 89 101 127 182 218 245 251 255 281 296 299 320 326 282 278 255 269 228 195 170 144 91 74 16 
25 66 95 141 165 228 260 247 309 359 365 329 387 360 317 353 286 262 265 233 197 148 105 81 20 
41 92 112 167 224 274 230 317 325 406 411 400 411 399 392 342 344 346 245 237 181 162 108 73 25 
32 61 107 185 223 274 340 358 364 379 446 487 429 385 379 368 367 325 303 233 254 178 146 108 17 
22 8 22 30 19 20 26 22 20 28 26 26 20 18 23 21 14 15 27 16 16 5 7 5 4 
22 32 22 38 41 42 58 67 67 70 70 58 45 83 51 51 50 44 33 42 51 20 25 22 2 
13 23 54 54 51 59 58 78 78 93 92 76 87 76 84 94 46 69 62 38 35 27 24 11 1 
12 33 58 74 64 69 88 96 64 109 106 84 98 89 86 76 98 72 72 75 67 61 29 18 4 
15 26 39 59 68 75 108 101 109 117 133 97 136 121 132 94 98 92 117 95 74 45 37 13 15 
15 24 64 63 77 109 113 132 141 131 188 138 157 146 156 152 155 126 115 97 70 62 40 28 9 
15 45 65 85 99 119 119 163 149 154 196 180 178 204 176 158 163 136 144 134 90 69 55 30 16 
15 34 77 104 129 116 138 171 214 187 232 198 235 200 194 229 205 176 179 145 129 84 62 35 11 
8 52 99 132 172 174 205 212 243 247 234 254 204 246 251 216 204 130 176 137 124 108 91 51 11 
22 45 83 129 156 161 217 205 239 255 272 241 309 274 253 237 230 217 206 190 152 114 88 48 5 
22 63 82 152 207 240 248 283 273 298 293 284 302 327 346 304 293 285 249 223 179 143 95 75 27 
29 61 113 157 242 191 259 288 340 316 314 337 335 326 369 331 383 314 231 224 187 145 98 43 15 
20 84 135 184 221 241 299 329 395 354 354 382 369 411 380 421 406 291 255 284 216 188 118 77 26 
34 82 163 186 263 294 333 369 404 412 405 382 452 465 410 426 429 396 310 285 249 183 144 75 18 
21 106 142 239 324 347 451 442 402 507 489 475 531 429 444 447 450 391 354 298 248 193 163 103 31 
49 102 169 242 269 346 433 481 451 475 549 533 619 535 577 487 484 404 382 331 263 235 162 90 30 
21 16 19 23 23 23 24 32 10 36 36 19 25 28 30 32 22 21 16 18 10 19 5 9 0 
15 32 61 57 56 76 70 83 99 124 80 71 86 78 86 52 44 60 51 40 49 28 17 15 6 
8 37 57 55 62 81 54 80 108 102 95 120 83 100 99 78 100 64 62 71 43 46 38 23 4 
10 30 55 88 80 72 113 119 132 133 125 125 130 108 110 102 119 103 86 88 59 47 41 22 10 
19 32 57 75 63 111 144 111 136 165 155 166 151 133 156 147 119 144 99 113 64 59 39 36 13 
14 37 68 77 96 110 133 148 188 174 180 190 167 194 174 168 161 139 139 121 85 86 46 38 10 
18 37 72 110 121 161 162 162 178 206 196 211 215 201 208 205 202 180 156 137 135 66 62 27 19 
22 50 78 140 154 172 208 204 245 218 228 246 284 305 266 219 227 163 207 173 137 120 73 44 16 
19 70 80 141 163 187 221 241 300 291 312 297 277 275 258 302 248 224 192 198 151 116 94 57 20 
35 59 114 166 174 238 245 313 334 295 322 327 327 318 345 318 298 249 241 196 202 137 105 50 8 
24 70 95 194 224 239 300 317 335 337 366 373 355 359 323 341 355 289 241 217 164 146 124 79 25 
27 80 133 182 253 263 319 358 362 411 362 429 400 426 387 384 385 343 279 274 243 163 108 80 40 
34 91 149 253 238 297 360 378 404 438 446 497 474 484 464 465 406 375 324 323 272 186 163 78 43 
31 123 168 232 259 362 424 406 442 516 545 537 577 506 504 479 467 415 368 362 267 224 169 90 27 
15 102 186 231 303 362 444 499 503 545 598 610 528 550 557 603 528 444 406 357 325 256 170 113 47 
47 133 178 261 367 362 461 554 574 561 585 665 623 640 617 620 577 504 442 385 343 222 175 141 42 
15 22 27 23 34 23 25 24 20 25 54 34 56 35 35 34 21 21 38 27 14 8 9 4 2 
17 31 44 50 53 71 81 86 81 100 83 91 86 86 62 96 75 66 65 63 39 40 10 9 5 
10 38 51 48 78 96 110 99 114 109 140 124 87 115 85 91 122 83 77 57 57 50 33 21 9 
15 30 33 52 91 110 119 111 146 177 158 130 177 126 141 143 112 115 95 81 71 63 59 27 6 
13 41 89 100 96 131 134 136 162 155 148 181 191 191 189 176 151 128 109 134 98 53 67 39 6 
14 38 76 101 130 135 122 178 224 226 225 251 203 177 242 227 194 194 155 134 105 61 60 35 15 
14 34 90 96 149 188 222 218 214 261 216 210 243 239 257 232 222 222 178 172 115 111 71 40 14 
24 61 114 119 149 203 266 244 257 266 234 282 271 233 258 274 267 209 191 220 168 120 84 48 11 
20 75 98 169 163 236 296 308 264 292 305 340 353 363 357 320 295 262 244 188 153 172 121 43 20 
26 99 103 194 246 289 297 294 319 395 389 391 373 368 365 389 351 292 300 240 202 171 117 72 17 
27 78 110 213 245 279 318 392 385 419 422 449 440 414 408 454 409 366 310 284 225 180 156 67 33 
25 94 175 235 263 308 395 471 388 457 484 510 493 527 500 499 478 410 333 303 281 227 168 95 27 
28 97 172 228 282 349 394 501 496 501 545 512 499 539 529 503 465 482 412 350 311 243 150 88 35 
33 123 233 256 309 432 526 536 579 558 583 617 633 592 615 547 531 528 530 428 356 258 210 94 38 
33 141 224 292 398 445 519 614 580 629 673 702 687 686 646 655 587 585 515 402 437 325 213 104 36 
58 144 243 325 382 507 529 569 700 707 728 681 763 763 737 698 587 645 542 565 388 299 254 124 44 
31 17 29 21 30 52 44 45 72 53 51 54 38 46 30 38 45 30 33 30 25 12 11 12 2 
24 29 44 58 80 72 86 96 131 105 95 112 98 121 114 103 87 73 78 53 53 40 19 16 4 
18 36 63 79 92 77 111 139 145 123 160 127 123 157 114 92 128 108 80 92 68 48 37 27 8 
15 33 62 80 117 102 163 145 152 131 168 155 192 164 155 151 159 134 142 99 82 59 44 38 9 
15 39 74 94 136 167 169 197 200 200 184 189 223 224 204 181 190 164 175 150 133 104 65 42 16 
23 38 100 117 136 141 179 193 201 244 255 268 244 257 236 208 233 234 178 117 130 111 80 50 9 
15 37 82 141 191 209 215 271 297 270 314 319 240 275 276 268 289 259 229 188 163 121 94 49 6 
29 62 124 140 223 263 225 295 312 305 380 329 335 351 366 335 313 273 223 215 189 156 107 55 23 
33 86 124 188 275 304 263 334 339 348 350 349 377 419 362 369 350 254 227 267 191 172 103 70 30 
27 106 183 192 265 354 375 401 412 427 439 496 472 420 426 422 410 372 310 280 249 191 126 102 26 
22 113 163 249 279 345 403 454 430 521 480 502 554 532 449 515 444 453 362 313 268 232 138 93 26 
19 107 197 249 305 343 423 448 539 591 522 640 533 582 487 532 451 457 401 391 315 224 173 95 43 
46 120 224 276 331 402 518 554 573 587 611 682 639 602 676 632 572 526 494 411 334 285 219 139 45 
47 129 238 350 376 480 509 586 566 666 640 699 667 733 693 689 591 601 507 450 363 288 205 118 40 
55 155 261 341 439 494 562 679 747 787 757 799 778 888 755 692 697 647 551 453 442 364 217 123 40 
51 165 238 401 506 567 637 727 770 858 818 850 854 900 850 782 845 749 589 625 513 383 258 144 56 
42 26 31 18 37 42 54 41 50 55 40 56 45 56 36 51 32 40 37 37 23 22 14 11 6 
35 73 68 77 71 114 139 110 108 128 142 108 121 140 106 122 108 113 77 71 79 43 45 21 5 
16 60 71 96 99 135 116 134 189 167 157 123 176 160 169 137 139 125 142 93 84 55 42 26 5 
19 52 79 98 112 141 167 193 133 178 199 243 162 198 198 165 181 147 138 132 99 93 70 40 17 
21 57 114 113 147 171 187 213 237 232 232 203 277 248 230 227 191 221 168 139 125 122 54 36 17 
31 69 113 134 183 199 251 257 259 260 253 299 351 300 286 283 249 268 250 166 165 113 79 49 26 
21 71 132 161 220 232 284 308 352 356 323 332 386 343 297 372 309 294 243 217 202 146 108 59 25 
18 71 145 187 225 261 320 310 376 450 493 429 442 393 443 374 341 307 331 235 209 161 130 67 35 
45 100 172 203 303 313 406 403 438 449 470 454 467 481 383 404 436 400 344 308 286 216 167 107 38 
44 94 202 230 342 366 400 461 460 527 580 569 557 544 498 470 511 472 365 362 350 215 161 98 41 
48 93 171 270 343 398 482 451 532 532 584 648 655 629 591 555 554 544 443 417 348 285 192 131 45 
42 128 214 354 411 425 504 566 639 724 712 706 712 680 669 658 605 579 526 415 399 278 261 134 48 
55 159 253 367 396 540 614 658 651 735 729 842 838 757 832 760 707 642 667 461 433 315 232 155 37 
73 184 296 429 454 607 655 679 765 839 932 874 824 864 886 826 766 723 664 615 482 373 279 167 39 
81 158 306 481 539 663 723 808 914 845 967 945 1023 1007 1025 910 861 786 683 610 526 361 301 196 52 
84 227 332 509 579 697 825 912 1016 1061 1037 1069 1046 1030 1019 1045 881 839 822 648 556 470 338 160 63 
31 38 32 26 43 40 51 74 70 54 52 69 59 47 54 53 76 50 51 37 40 33 20 14 8 
24 67 53 98 113 112 143 122 144 151 157 118 179 147 149 133 125 139 100 92 70 64 60 30 12 
32 43 83 121 118 136 166 143 203 225 199 166 200 158 187 174 174 149 121 99 85 70 65 43 6 
28 80 94 128 128 155 201 222 202 202 240 251 278 240 223 266 219 191 174 144 108 98 82 34 11 
27 77 129 161 212 209 227 256 286 272 241 279 321 270 302 281 259 244 202 166 171 105 83 56 22 
32 93 137 167 250 252 297 301 342 325 424 358 365 314 360 332 346 271 245 211 150 137 99 64 29 
32 105 134 159 253 297 357 336 344 415 456 453 439 401 426 403 358 348 314 258 227 156 115 63 24 
31 112 126 231 271 322 395 445 443 459 518 451 494 460 457 463 405 416 322 306 280 187 160 106 27 
32 133 201 263 322 381 460 484 470 534 528 554 584 524 535 470 566 475 425 368 297 219 167 113 24 
45 116 176 273 356 447 502 515 558 644 630 696 681 615 634 637 573 513 503 406 344 302 177 110 38 
49 143 218 290 423 484 561 580 649 673 804 850 774 756 696 728 602 618 527 480 431 325 182 145 51 
46 166 247 375 439 574 677 682 744 822 845 866 851 793 837 768 749 645 582 544 464 384 263 145 51 
61 197 280 431 540 610 718 834 809 855 899 831 938 954 912 935 761 720 688 605 501 368 262 192 71 
63 188 324 470 540 706 751 830 911 973 999 976 1038 990 987 959 927 829 744 619 579 453 378 201 49 
77 206 351 555 618 716 848 1025 1054 1079 1086 1187 1095 1083 1129 1104 1070 930 840 722 605 484 370 226 80 
90 206 425 587 707 831 935 1059 1093 1129 1211 1214 1173 1183 1181 1157 1058 1017 900 820 675 590 346 215 92 
33 41 29 47 64 65 57 65 54 50 61 63 95 64 58 48 69 51 47 43 31 29 11 9 2 
40 89 83 88 100 117 148 161 136 157 141 145 162 211 149 126 141 128 106 113 73 58 35 37 5 
19 50 105 115 126 154 211 157 192 163 252 205 251 266 237 181 198 166 152 148 106 92 49 32 15 
34 80 100 139 146 171 260 260 268 276 266 297 310 269 243 288 242 205 233 169 112 96 63 52 15 
17 82 127 158 205 216 323 294 359 316 334 361 388 362 315 302 310 272 244 184 190 123 111 64 19 
22 71 132 197 227 259 339 344 421 440 451 406 403 412 434 373 392 337 310 246 207 162 122 81 27 
35 94 130 238 253 372 353 410 470 442 522 501 499 500 496 476 426 450 369 299 241 232 150 100 19 
34 89 180 277 351 370 413 508 532 504 637 595 523 590 551 534 540 483 390 382 308 215 191 92 35 
46 118 181 289 369 464 527 582 627 558 650 640 650 688 655 607 575 542 516 427 354 276 206 110 40 
42 158 245 311 433 543 658 578 681 724 727 754 789 717 693 725 651 625 508 478 432 309 225 150 56 
56 187 283 397 493 624 716 718 775 818 872 859 967 913 770 875 789 654 604 582 487 332 260 146 45 
56 179 312 392 540 655 706 798 833 1024 929 933 982 945 945 926 857 811 615 618 495 388 258 189 62 
62 217 312 538 649 727 811 954 906 1045 1008 1043 1084 1119 1092 987 883 888 793 659 616 459 356 231 56 
82 238 354 555 635 755 931 1022 1086 1141 1210 1146 1211 1268 1181 1092 1032 1021 931 796 659 489 342 227 76 
96 258 416 638 712 893 988 1096 1244 1335 1322 1383 1412 1340 1343 1258 1165 1091 919 847 693 574 429 201 81 
85 283 397 674 803 904 1027 1206 1312 1407 1486 1488 1529 1426 1605 1343 1238 1194 1065 939 760 622 500 255 98 
51 28 57 49 56 55 82 77 65 70 79 65 82 75 60 79 75 56 49 50 32 32 11 14 4 
36 91 99 122 141 156 132 171 193 200 186 168 181 198 188 175 186 144 113 134 110 74 40 26 7 
28 51 106 121 152 181 186 227 218 234 285 246 266 232 238 233 207 163 170 153 131 100 69 59 20 
27 61 110 148 199 201 250 248 302 323 263 310 323 329 271 289 326 273 204 181 194 126 105 55 27 
22 83 157 202 260 286 266 333 347 325 293 424 370 386 411 390 331 297 275 265 169 177 130 66 38 
44 83 162 183 274 312 325 415 417 510 444 494 403 439 459 399 358 339 333 319 266 182 127 71 34 
27 90 193 263 305 404 430 483 466 513 473 547 549 554 521 444 464 446 406 345 299 232 176 120 31 
65 136 208 271 375 453 546 536 581 613 669 691 657 614 629 586 525 531 482 418 362 282 202 101 37 
66 153 218 351 427 461 517 609 632 722 751 754 780 719 743 659 609 624 562 470 427 317 223 133 30 
70 186 283 401 505 525 592 692 775 845 886 864 917 824 792 835 733 619 605 544 465 300 273 177 48 
67 175 295 483 557 649 725 816 837 954 942 963 919 949 929 929 923 803 687 597 531 417 282 168 57 
67 232 376 486 607 726 782 900 903 1002 1100 1060 1169 1090 1110 966 993 859 751 730 594 439 325 178 78 
65 224 382 567 665 759 924 1026 1116 1147 1224 1249 1221 1225 1201 1116 1149 1005 856 820 654 472 410 238 60 
69 275 465 623 735 929 1092 1114 1255 1229 1370 1396 1388 1361 1390 1240 1212 1105 989 876 714 559 402 247 98 
98 298 413 699 793 987 1094 1225 1362 1422 1430 1509 1444 1560 1398 1328 1339 1290 1139 936 838 597 481 294 95 
109 311 545 714 926 1051 1318 1378 1473 1633 1604 1640 1667 1563 1537 1637 1439 1326 1223 1061 883 754 515 301 104 
46 43 58 60 53 81 75 67 88 104 98 87 88 86 73 76 88 74 56 40 47 36 18 12 8 
41 84 137 118 153 171 182 211 203 169 204 218 246 226 240 237 194 168 157 120 97 88 59 33 10 
48 107 145 165 196 255 233 239 249 251 279 283 304 280 268 275 296 215 200 167 133 99 109 53 16 
25 94 144 194 246 241 296 328 329 305 334 386 380 414 327 352 350 275 333 225 217 159 113 63 17 
33 95 170 213 276 357 308 407 427 462 450 431 407 430 404 394 370 388 294 260 247 172 130 81 30 
37 105 176 240 334 436 413 487 423 501 540 550 518 548 511 507 511 427 361 338 322 221 141 75 33 
42 121 195 278 384 450 469 532 583 623 589 595 667 617 546 601 511 537 507 413 312 277 198 134 29 
61 148 247 401 465 510 575 610 662 725 790 830 760 691 700 732 639 588 541 495 383 289 247 134 51 
58 169 290 395 490 580 708 654 705 854 900 874 855 881 852 746 757 686 628 535 455 362 231 162 46 
70 176 320 454 544 676 746 777 879 909 940 964 987 1023 1011 925 844 780 695 613 533 439 275 185 49 
70 188 356 520 640 729 849 914 1057 1107 1063 1078 1093 1061 1136 1062 978 936 821 650 614 544 378 192 75 
83 275 434 532 709 825 925 1028 1174 1165 1225 1323 1316 1284 1212 1158 1161 1035 914 823 748 549 431 236 87 
96 255 443 612 763 902 1060 1185 1304 1278 1391 1478 1430 1431 1342 1310 1291 1155 957 880 754 622 455 252 90 
94 293 505 706 821 1082 1176 1308 1424 1555 1535 1514 1549 1548 1588 1486 1459 1270 1074 932 829 702 471 324 104 
98 317 631 787 911 1166 1356 1402 1495 1642 1696 1845 1740 1717 1720 1573 1492 1396 1213 1055 851 727 525 337 118 
126 397 658 799 1064 1247 1449 1628 1731 1741 1907 2012 1952 1823 1773 1797 1665 1581 1491 1177 980 749 557 352 125 
30 35 52 64 69 76 76 100 104 95 94 93 124 97 80 103 87 67 73 61 39 42 29 16 3 
41 100 109 162 139 207 184 198 233 270 259 266 246 209 245 177 206 190 172 153 122 91 67 43 10 
34 108 129 169 235 227 291 310 272 346 329 341 297 308 283 292 311 263 259 197 165 141 103 56 16 
37 107 154 195 253 290 271 349 413 405 434 418 410 402 415 387 324 319 265 266 211 160 134 72 26 
41 103 184 207 293 300 372 420 445 537 503 523 505 495 489 467 434 431 378 343 280 221 160 127 29 
33 118 210 264 395 434 476 505 564 591 626 605 612 583 625 516 511 490 440 387 337 257 180 122 22 
47 150 224 361 406 489 582 586 674 622 668 705 704 702 700 651 633 621 461 488 367 283 207 138 43 
58 167 272 394 438 563 611 732 764 784 862 807 879 845 809 778 769 699 589 537 498 433 260 176 46 
64 205 372 466 573 665 715 825 841 971 892 944 994 997 978 919 783 809 755 672 498 381 300 177 64 
91 249 401 499 607 770 834 899 1027 1108 1207 1218 1146 1113 1107 1046 1072 968 853 718 566 448 358 228 84 
68 233 384 606 670 914 945 1120 1208 1219 1276 1220 1325 1333 1272 1131 1116 971 933 786 689 532 397 234 68 
113 282 492 642 800 994 996 1149 1274 1436 1420 1432 1488 1470 1381 1459 1300 1188 1120 939 748 604 487 259 74 
103 325 557 766 926 1092 1292 1359 1446 1573 1621 1856 1705 1639 1568 1496 1440 1364 1132 1043 848 671 494 301 103 
116 366 514 723 1002 1165 1307 1446 1583 1712 1810 1854 1875 1839 1727 1652 1703 1477 1323 1200 973 809 495 332 126 
148 420 631 877 1092 1376 1491 1773 1802 1889 1993 1978 1960 1983 1945 1911 1795 1569 1433 1302 1037 822 602 387 115 
114 426 684 954 1243 1480 1662 1780 1966 2071 2140 2123 2175 2185 2128 1949 1974 1828 1635 1369 1199 924 672 403 112 
63 73 65 85 82 84 112 99 105 108 116 132 105 119 98 110 117 95 77 87 54 57 36 22 1 
47 128 156 198 227 236 248 238 301 280 302 312 249 282 263 257 245 214 195 206 151 142 90 40 23 
53 137 195 203 234 281 311 371 325 387 386 380 433 373 355 315 335 277 261 225 176 154 119 62 23 
49 108 176 282 333 322 359 381 460 439 473 491 498 468 475 443 429 370 372 290 224 196 153 98 33 
56 111 228 278 369 391 459 560 561 560 554 546 617 551 493 540 513 434 388 393 326 236 187 124 48 
31 147 273 336 429 429 576 594 618 596 656 651 720 707 635 677 581 529 458 457 418 310 222 124 36 
55 177 286 366 473 588 584 663 804 795 833 807 864 791 832 763 771 670 568 500 445 351 274 121 44 
61 222 304 451 517 660 727 778 860 924 996 998 944 955 893 933 800 772 666 593 535 435 292 195 57 
86 234 369 525 628 731 866 951 1015 1070 1099 1097 1132 1125 1090 1113 982 886 791 711 538 447 326 215 57 
95 298 446 639 693 836 1015 1038 1137 1244 1181 1252 1359 1278 1183 1276 1139 978 895 837 695 482 356 225 86 
91 280 500 610 769 955 1092 1199 1318 1454 1417 1448 1490 1438 1476 1407 1273 1220 1091 902 771 647 408 240 76 
89 342 536 735 890 1029 1278 1456 1372 1574 1629 1618 1652 1657 1609 1532 1414 1352 1205 988 968 743 533 321 93 
124 378 609 769 990 1183 1388 1589 1748 1723 1819 1910 1873 1859 1781 1648 1580 1519 1297 1128 1057 804 532 338 134 
110 373 622 923 1092 1423 1493 1712 1804 1967 2108 2135 2099 2114 1950 1994 1799 1635 1474 1257 1064 844 608 331 125 
148 402 671 985 1270 1467 1747 1746 1968 2180 2209 2364 2230 2313 2281 2034 1958 1792 1594 1432 1199 996 684 412 161 
150 451 783 1125 1323 1633 1827 2089 2239 2447 2432 2573 2539 2454 2332 2231 2129 2123 1786 1574 1333 1117 745 455 158 
77 61 85 77 96 126 124 128 118 130 120 115 121 111 145 136 109 121 85 69 94 66 31 13 7 
48 124 177 177 222 237 292 290 282 342 305 376 349 314 314 316 292 263 220 221 177 157 88 69 21 
57 102 180 264 299 330 320 405 401 441 413 460 428 472 437 437 395 371 305 241 226 170 126 67 19 
40 144 206 299 332 388 418 490 527 537 559 565 538 557 556 577 463 443 463 390 314 215 172 133 24 
41 154 231 338 424 483 570 561 634 612 561 764 724 776 739 641 640 575 515 408 370 326 199 119 54 
47 186 280 380 477 603 679 736 737 856 802 822 884 847 792 767 746 605 609 529 438 338 265 162 48 
80 193 324 447 627 658 860 912 961 915 946 956 989 1013 953 945 889 823 731 589 548 388 296 183 48 
62 243 391 569 673 804 943 986 1054 1067 1151 1247 1167 1238 1172 1104 1061 938 847 748 605 478 336 224 80 
82 285 462 604 724 923 983 1109 1286 1346 1406 1403 1311 1407 1309 1305 1249 1103 955 828 703 554 429 261 69 
113 282 535 657 886 1042 1199 1332 1416 1446 1452 1479 1540 1606 1562 1397 1447 1299 1144 909 752 690 493 288 88 
122 367 551 783 949 1215 1338 1510 1646 1647 1656 1831 1794 1709 1731 1631 1655 1418 1265 1163 935 731 551 330 89 
121 390 596 891 1106 1343 1585 1614 1803 1869 2087 2079 1960 1977 1987 1938 1697 1766 1473 1289 1022 864 600 304 127 
163 401 722 925 1218 1448 1723 1822 1964 2024 2056 2150 2202 2258 2150 2115 1871 1954 1580 1408 1142 916 716 420 154 
143 494 753 1055 1361 1614 1976 2141 2270 2422 2403 2559 2519 2414 2447 2401 2235 1987 1897 1520 1390 989 765 496 143 
158 559 915 1162 1563 1792 2021 2324 2407 2556 2840 2830 2897 2749 2675 2628 2500 2259 1991 1789 1488 1162 829 514 201 
175 602 942 1327 1689 2133 2293 2574 2708 2818 2969 3077 3097 2949 2995 2739 2556 2470 2114 1977 1675 1254 999 603 204 
95 86 88 97 74 146 110 126 146 138 135 140 139 148 142 130 94 119 101 81 60 52 43 37 14 
77 112 160 210 193 279 282 328 299 332 320 392 384 344 371 315 311 279 231 221 138 150 96 57 18 
53 112 186 224 286 346 345 418 390 437 470 456 477 440 495 443 381 380 354 297 250 187 154 97 24 
45 150 179 280 384 448 463 528 536 548 539 604 581 605 575 562 537 458 443 371 316 256 165 107 37 
70 171 252 349 418 472 602 608 664 676 655 757 794 741 738 681 618 546 520 451 349 307 200 107 52 
73 184 285 374 478 617 738 719 900 823 836 865 871 849 950 839 797 664 613 532 444 328 237 158 57 
68 192 324 490 635 700 837 911 926 1001 968 1090 1052 1046 1045 1005 927 865 788 641 565 412 321 171 58 
77 269 404 611 685 799 962 1066 1103 1176 1231 1219 1279 1292 1213 1149 1033 976 867 751 751 482 427 252 58 
91 280 479 632 810 886 1137 1238 1356 1368 1360 1399 1413 1420 1261 1347 1260 1122 1017 892 743 586 441 293 70 
103 278 495 672 877 1071 1275 1408 1441 1545 1568 1719 1685 1639 1558 1619 1427 1275 1116 1006 877 695 489 322 88 
118 334 547 833 1038 1215 1368 1463 1658 1758 1907 1805 1948 1875 1875 1782 1691 1497 1431 1189 1064 838 590 327 102 
119 401 636 993 1123 1379 1541 1812 1891 2052 2094 2124 2141 2231 2102 1907 1900 1716 1468 1317 1157 910 678 432 118 
150 508 788 1092 1242 1478 1798 2025 2164 2269 2278 2212 2333 2357 2345 2136 1938 1928 1744 1495 1337 983 709 514 163 
147 539 813 1052 1463 1662 2034 2074 2441 2485 2640 2609 2640 2564 2671 2507 2325 2196 1937 1633 1419 1071 786 508 165 
180 549 924 1336 1569 1927 2203 2338 2598 2730 2755 2851 2899 2850 2897 2633 2448 2337 2085 1789 1532 1268 831 542 154 
187 590 1098 1467 1748 2031 2337 2679 3015 2955 3085 3157 3157 3184 3236 2967 2819 2422 2391 1961 1656 1361 920 600 219 
79 93 65 102 125 130 149 129 184 155 167 144 202 203 177 156 130 141 90 115 96 103 39 31 8 
76 152 204 256 246 344 359 347 408 431 432 416 423 344 418 356 359 302 307 242 232 153 145 74 25 
71 178 243 303 356 423 463 448 546 523 581 530 551 578 580 474 481 414 412 339 300 229 175 101 40 
50 206 241 341 451 521 529 585 604 697 649 655 715 712 691 649 645 551 527 427 374 274 194 117 36 
58 168 329 377 493 622 642 815 679 781 850 846 884 844 816 798 742 647 627 558 445 359 260 152 65 
76 245 350 465 539 675 815 903 964 961 975 983 998 1032 991 934 990 894 757 662 554 430 311 190 58 
87 261 425 598 709 879 929 1084 1066 1113 1265 1204 1185 1167 1210 1144 1167 984 867 843 658 486 357 245 60 
98 313 484 643 835 963 1131 1205 1146 1329 1411 1491 1521 1348 1401 1309 1357 1208 1096 886 753 695 455 251 84 
102 296 594 789 941 1146 1249 1360 1456 1660 1723 1693 1704 1690 1729 1596 1453 1229 1196 1063 959 706 585 299 89 
135 399 624 859 1112 1333 1506 1617 1675 1825 1937 2000 1938 1853 1867 1788 1770 1517 1417 1229 1085 765 582 365 152 
141 401 710 966 1205 1485 1709 1893 2058 2039 2171 2289 2253 2357 2174 2104 1856 1709 1659 1404 1241 909 719 376 112 
175 470 769 1108 1395 1602 1832 1959 2283 2414 2446 2429 2556 2488 2386 2441 2148 2006 1893 1547 1335 1049 740 467 147 
180 558 906 1325 1491 1697 2130 2382 2642 2623 2892 3007 2752 2677 2652 2606 2374 2157 1932 1803 1502 1213 915 467 172 
167 647 997 1387 1765 2016 2203 2641 2624 2887 2979 3154 3252 3200 3074 2948 2648 2517 2327 1862 1663 1286 989 564 186 
238 644 1043 1601 1870 2251 2452 2827 3078 3275 3414 3359 3366 3445 3092 3132 2987 2664 2517 2042 1862 1417 997 640 190 
220 716 1238 1663 2126 2435 2817 3108 3397 3590 3518 3602 3638 3694 3726 3584 3341 3018 2794 2387 1970 1624 1156 748 212 
94 77 105 101 90 178 161 167 175 169 212 208 203 202 184 179 151 138 148 105 118 101 50 43 14 
82 166 181 276 314 386 384 446 400 419 492 531 545 493 445 474 444 404 307 300 251 180 119 106 35 
57 191 306 340 454 434 507 576 602 599 582 611 648 632 613 619 588 512 425 408 329 261 211 112 38 
66 201 316 394 524 576 703 701 749 796 808 821 815 837 770 684 696 686 590 466 441 334 237 145 56 
66 220 371 476 600 695 743 867 887 882 917 1019 1047 1031 846 1000 915 790 734 598 528 418 287 212 62 
105 270 418 520 683 895 903 1060 1111 1151 1177 1228 1158 1208 1158 1162 1085 960 898 734 696 562 392 221 69 
114 277 477 634 827 952 1032 1204 1281 1360 1442 1417 1488 1467 1492 1455 1275 1157 1085 894 735 634 437 290 69 
110 347 556 746 997 1181 1306 1387 1551 1632 1637 1725 1702 1672 1598 1520 1470 1392 1268 1021 978 708 554 364 118 
139 385 679 809 1117 1370 1529 1744 1706 1907 1907 2007 1944 1957 1917 1788 1671 1651 1424 1307 987 850 581 350 128 
169 450 737 962 1251 1480 1841 1874 1973 2086 2275 2264 2410 2241 2203 2160 1991 1825 1515 1445 1249 957 665 439 140 
148 502 919 1114 1438 1738 1847 2092 2398 2545 2528 2605 2453 2652 2510 2339 2271 2188 1872 1629 1369 1106 834 537 157 
175 589 897 1309 1660 1862 2190 2431 2535 2676 2728 2850 2849 2708 2751 2654 2576 2339 2121 1885 1480 1267 855 538 200 
242 684 1094 1448 1794 2212 2482 2566 2964 2987 3078 3137 3351 3305 3053 3184 2943 2624 2378 2043 1755 1378 1036 588 182 
249 644 1177 1530 1922 2430 2670 2983 3031 3523 3554 3346 3663 3556 3412 3294 3108 3037 2611 2361 1885 1528 1236 722 244 
254 802 1317 1807 2156 2632 3007 3343 3483 3718 3936 3941 3970 4070 3802 3592 3419 3148 2860 2556 2156 1679 1228 790 261 
268 911 1390 1825 2461 3041 3415 3604 3814 4289 4278 4273 4410 4378 4188 4022 3678 3487 3075 2764 2371 1825 1290 814 265 
127 120 129 140 140 177 165 194 193 205 230 216 188 166 214 183 166 143 161 118 116 75 58 18 11 
115 190 240 334 347 351 443 496 473 521 560 589 613 578 543 476 515 432 341 349 266 238 160 106 21 
83 226 326 365 439 528 533 655 669 739 700 762 678 687 702 634 640 599 511 390 328 294 191 102 38 
72 217 340 439 546 588 739 802 897 881 903 861 871 942 821 808 880 695 662 576 445 396 265 193 52 
64 222 410 506 637 767 883 948 978 1044 1022 1042 1079 1095 1145 933 1010 840 872 714 552 476 270 246 70 
66 247 444 613 821 923 968 1111 1197 1202 1362 1350 1464 1317 1320 1220 1219 1118 983 837 728 565 390 216 74 
103 325 502 705 932 1149 1227 1378 1455 1562 1639 1612 1550 1589 1571 1439 1430 1221 1238 1042 893 633 514 314 97 
115 360 549 829 1040 1275 1311 1535 1735 1774 1732 1886 1860 1913 1744 1722 1676 1474 1431 1264 978 785 580 355 117 
147 452 745 985 1289 1521 1625 1824 1963 2017 2234 2176 2275 2161 2070 2043 1922 1916 1588 1387 1152 881 695 444 157 
196 450 817 1128 1442 1588 1940 2030 2270 2396 2443 2610 2683 2530 2470 2422 2237 2051 1840 1575 1377 1050 801 427 137 
181 504 938 1317 1687 1877 2124 2253 2531 2809 2996 2893 2923 2880 2837 2682 2597 2338 2114 1851 1459 1186 787 519 193 
214 677 977 1419 1888 2110 2439 2771 2897 3045 3200 3246 3299 3235 3027 2911 2782 2587 2375 1917 1619 1364 972 577 197 
228 686 1127 1580 2015 2434 2748 3046 3288 3406 3548 3712 3669 3616 3530 3301 3091 2990 2511 2235 1853 1548 1139 667 201 
302 815 1250 1799 2194 2691 3101 3258 3568 3769 4062 3969 4039 3956 3716 3772 3476 3210 2911 2541 2023 1650 1285 687 221 
260 842 1404 1908 2443 2942 3259 3657 3907 4186 4428 4849 4466 4197 4335 3954 3868 3486 3418 2927 2349 1756 1340 855 280 
323 886 1548 1998 2577 3202 3588 3950 4245 4375 4703 4986 4829 4932 4671 4604 4139 3949 3518 3068 2595 2009 1432 932 275 
122 113 132 109 174 197 182 205 225 228 238 252 249 217 227 213 195 177 171 153 133 95 51 37 14 
103 211 263 324 370 438 496 576 534 548 550 616 602 641 569 527 501 471 388 346 298 243 200 108 61 
65 219 302 364 515 625 653 698 656 725 792 795 793 838 773 773 735 617 555 449 404 351 287 125 52 
85 210 334 469 666 703 801 861 942 977 992 971 961 957 1024 815 853 809 739 613 585 454 285 194 66 
91 272 416 590 698 817 994 1034 1074 1187 1218 1220 1237 1151 1296 1125 948 921 884 781 624 560 380 206 73 
91 300 517 675 857 1080 1183 1218 1305 1333 1336 1411 1474 1445 1410 1363 1329 1263 1140 869 743 592 373 258 97 
145 367 586 750 1062 1188 1300 1408 1659 1645 1691 1768 1819 1872 1668 1640 1487 1461 1269 1114 923 691 541 295 103 
143 454 758 955 1172 1265 1644 1760 1824 1934 2134 2122 2082 2174 2003 1900 1767 1634 1545 1276 1122 906 639 359 127 
180 450 806 1119 1302 1574 1804 1975 2286 2355 2330 2288 2490 2296 2306 2189 2027 2029 1748 1435 1253 950 711 448 129 
169 535 864 1169 1634 1834 1985 2276 2501 2662 2705 2810 2759 2680 2538 2421 2544 2252 2053 1740 1452 1201 894 485 161 
211 538 968 1372 1778 2018 2319 2536 2720 2902 3109 3212 3144 3308 2929 2814 2754 2506 2225 2002 1655 1276 921 587 186 
216 671 1112 1515 2008 2369 2565 2839 3112 3358 3565 3712 3555 3606 3628 3283 2935 2941 2615 2225 1844 1519 1098 616 196 
256 734 1267 1677 2212 2613 3001 3221 3516 3803 3873 4047 3959 4012 3661 3684 3429 3142 2833 2451 2058 1578 1191 829 233 
263 865 1358 1894 2524 2825 3340 3577 4055 4233 4327 4356 4476 4222 4407 4207 3898 3496 3177 2773 2373 1830 1351 828 272 
316 945 1611 2085 2657 3141 3562 3968 4159 4403 4734 4982 4894 4778 4698 4442 4286 3901 3537 3061 2599 2007 1541 850 334 
337 1020 1635 2303 3005 3589 3884 4589 4911 4990 5230 5149 5355 5282 5002 5057 4451 4422 3766 3244 2924 2172 1703 975 311 
106 113 109 158 189 192 201 217 257 236 249 294 251 230 250 236 222 232 200 156 130 96 98 52 18 
113 239 285 374 442 437 528 503 606 611 620 644 616 649 645 579 604 562 495 408 397 307 192 137 40 
76 220 381 509 523 585 733 733 767 950 830 824 935 848 884 876 750 651 644 585 431 403 293 175 44 
92 265 447 564 699 749 814 895 977 1084 1047 961 1138 1099 1184 1048 961 924 787 720 618 500 348 243 64 
103 275 490 652 812 934 1040 1177 1126 1218 1297 1317 1438 1381 1347 1234 1230 1091 968 930 750 566 433 241 99 
116 330 573 816 952 1239 1427 1393 1603 1446 1836 1667 1709 1700 1565 1518 1482 1274 1193 1000 915 715 465 293 120 
148 436 687 1007 1075 1347 1471 1684 1817 1952 1912 1951 2071 2009 1855 1871 1726 1563 1460 1345 1088 803 584 357 143 
161 497 828 1046 1333 1556 1747 1931 2151 2201 2222 2293 2343 2257 2254 2184 1994 1931 1640 1444 1213 1087 672 442 169 
194 598 884 1267 1480 1778 2037 2196 2440 2521 2632 2712 2765 2790 2552 2485 2374 2245 2002 1738 1423 1071 804 530 149 
216 597 994 1413 1737 2003 2388 2624 2755 3032 3117 3078 3259 3019 3030 2972 2761 2540 2204 2002 1664 1370 980 557 186 
257 651 1181 1575 2006 2344 2626 2858 3109 3361 3361 3444 3517 3582 3386 3325 3157 2862 2388 2270 2000 1490 1068 650 229 
263 772 1311 1783 2125 2661 3010 3218 3544 3854 3847 4028 3938 3942 3724 3600 3434 3083 2753 2558 2103 1694 1178 742 257 
312 820 1413 1952 2422 2982 3426 3814 3816 4151 4248 4469 4421 4655 4405 4119 3839 3705 3243 2757 2331 1868 1346 843 251 
315 922 1617 2341 2674 3209 3902 3925 4406 4901 4732 4874 4847 4855 4735 4556 4306 3723 3517 3101 2612 2029 1436 878 305 
357 1052 1774 2412 3008 3419 3954 4492 4986 5128 5130 5473 5397 5395 5256 4920 4803 4271 3981 3376 2920 2311 1618 993 342 
424 1137 1927 2698 3277 3827 4516 4844 5318 5707 5970 6002 6064 6032 5823 5765 5213 4775 4345 3762 3100 2438 1829 1066 323 
119 123 103 157 189 212 231 248 311 273 277 319 266 331 296 266 255 205 198 200 150 118 81 48 21 
123 269 364 382 502 569 599 670 681 711 765 754 745 693 721 645 649 509 507 462 354 298 229 132 48 
80 233 372 538 567 709 791 850 912 933 937 962 1011 991 944 938 844 831 711 596 521 430 337 179 46 
115 265 487 588 708 901 943 1078 1117 1135 1199 1282 1209 1194 1253 1117 1041 1021 939 729 646 532 352 258 67 
115 360 511 662 891 1010 1155 1279 1433 1495 1574 1471 1634 1468 1509 1461 1345 1212 1095 986 779 639 475 277 117 
117 370 647 852 1083 1278 1423 1554 1774 1703 1864 1818 1928 1733 1770 1708 1630 1459 1270 1167 1093 803 605 362 111 
157 425 723 1012 1241 1441 1761 1807 1962 2121 2193 2292 2208 2244 2243 2008 1991 1680 1644 1443 1200 977 700 457 135 
162 564 831 1141 1583 1731 1943 2103 2331 2456 2598 2514 2678 2596 2440 2455 2355 2126 1892 1655 1322 1071 842 486 141 
205 627 971 1383 1647 1977 2247 2609 2772 2883 3103 3168 3066 2961 2928 2853 2696 2507 2177 1926 1669 1271 906 536 160 
251 695 1130 1554 1813 2281 2641 2878 3054 3336 3398 3499 3395 3474 3156 3264 2933 2734 2463 2237 1784 1392 1089 666 252 
263 803 1319 1902 2241 2614 3018 3193 3521 3671 3871 3912 3909 4089 3839 3816 3481 3156 2773 2449 2071 1747 1229 728 222 
315 938 1454 1858 2546 2951 3469 3664 3851 4192 4457 4481 4470 4650 4337 4092 3805 3720 3105 2780 2365 1787 1357 806 305 
307 971 1524 2209 2704 3378 3570 4166 4607 4701 4959 4819 5002 5024 4889 4713 4322 3856 3788 3147 2501 2226 1465 847 318 
307 1053 1790 2476 3008 3424 4141 4464 5059 5415 5330 5712 5554 5417 5279 5101 4965 4642 3756 3558 2814 2298 1671 986 347 
427 1229 1934 2667 3252 4099 4518 5153 5485 5696 5874 6061 6162 5871 5915 5579 5308 4920 4552 3886 3250 2507 1824 1127 441 
395 1336 2209 2947 3568 4306 4973 5394 5886 6122 6652 6676 6707 6635 6479 6168 5681 5382 5018 4246 3557 2900 2151 1249 418 
158 154 136 178 226 220 273 300 291 329 298 315 327 293 304 284 295 265 233 212 145 167 116 69 23 
146 276 404 448 550 616 685 679 767 752 873 870 835 912 785 746 728 697 578 550 425 352 240 163 58 
115 337 456 553 686 835 875 961 1000 1049 1041 1217 1105 1147 1123 1078 984 838 758 712 567 464 402 203 77 
97 336 518 710 791 958 1140 1268 1305 1340 1412 1350 1411 1332 1245 1271 1204 1123 1066 905 708 569 408 267 84 
135 386 598 816 1021 1135 1475 1428 1557 1701 1714 1788 1830 1701 1713 1522 1453 1440 1320 1076 917 782 518 270 124 
171 463 668 980 1217 1486 1579 1723 1878 2083 2155 2174 2177 2099 1946 1939 1826 1668 1525 1354 1158 912 574 399 155 
169 572 797 1130 1425 1677 1889 2059 2391 2440 2545 2567 2474 2499 2430 2390 2223 1983 1976 1622 1360 1099 751 507 153 
206 633 969 1430 1641 1874 2135 2458 2561 2700 2881 2922 2938 3082 2797 2715 2533 2420 2227 1914 1608 1280 837 574 201 
233 664 1111 1498 2008 2301 2559 2817 3131 3190 3280 3446 3541 3613 3461 3256 2981 2902 2576 2294 1832 1502 1025 608 210 
259 750 1322 1794 2190 2626 2972 3226 3730 3808 3944 3867 3885 3976 3903 3750 3499 3079 2955 2549 2120 1675 1236 696 231 
353 788 1483 2073 2665 2811 3342 3743 4142 4200 4412 4565 4636 4448 4412 4226 3854 3596 3328 2777 2407 1858 1413 886 265 
332 1007 1588 2258 2857 3555 3776 4136 4669 4816 4928 5106 5062 5000 5007 4909 4511 4085 3686 3268 2732 2113 1574 976 325 
389 1072 1813 2519 3275 3761 4349 4776 5027 5304 5546 5746 5716 5856 5627 4982 5021 4737 4232 3737 3015 2249 1758 1008 362 
409 1193 2026 2896 3508 4009 4670 5288 5818 6199 6081 6470 6281 6293 6258 5711 5463 5223 4643 4041 3513 2548 1922 1137 386 
434 1310 2243 2971 3840 4634 5322 5701 6218 6683 6854 7302 6856 6906 6738 6539 5958 5625 5051 4302 3812 3019 2086 1249 434 
504 1569 2383 3426 4282 4977 5870 6046 6992 7192 7227 7640 7678 7755 7478 7252 6617 6158 5721 4854 3954 3227 2367 1495 453 
154 170 191 282 234 296 271 304 372 366 376 370 425 379 387 366 332 283 293 238 193 154 82 64 22 
133 323 417 520 620 669 724 854 821 915 902 924 932 887 910 840 814 706 656 604 530 400 263 150 56 
111 328 509 641 800 848 1014 1051 1076 1147 1212 1236 1219 1190 1226 1169 1004 1004 847 820 650 524 363 243 83 
111 276 540 785 949 1108 1161 1318 1453 1351 1443 1615 1574 1516 1491 1407 1342 1277 1137 953 762 635 428 330 81 
124 409 603 894 1197 1320 1533 1639 1749 1889 1902 1968 1912 1960 1876 1722 1680 1563 1433 1142 1045 805 600 407 137 
168 466 816 1099 1318 1610 1810 1909 2124 2219 2252 2409 2292 2350 2359 2301 2041 1932 1685 1473 1259 1006 709 448 162 
170 596 971 1262 1590 1843 2046 2386 2539 2661 2826 2831 2812 2858 2776 2430 2499 2307 1925 1701 1431 1126 817 549 138 
249 635 1106 1532 1845 2204 2420 2786 2993 3125 3093 3310 3245 3302 3092 3016 2815 2638 2320 2050 1716 1351 1021 564 163 
252 710 1145 1662 2113 2572 2944 3280 3439 3592 3762 3801 3917 3773 3940 3531 3299 3052 2890 2490 2013 1557 1148 687 250 
351 879 1484 1916 2415 3014 3187 3552 3821 4113 4438 4388 4474 4349 4228 4061 3828 3557 3188 2782 2435 1867 1373 812 270 
343 976 1634 2070 2633 3254 3629 4260 4495 5027 4660 4995 4894 4980 4964 4616 4390 3876 3551 3024 2673 1992 1610 888 300 
319 1100 1745 2323 3173 3712 4230 4574 5108 5198 5617 5727 5654 5608 5391 5227 4890 4420 4095 3626 2987 2278 1708 1096 361 
373 1223 1869 2831 3630 4115 4700 5111 5679 5823 5958 6131 6301 6078 6147 5711 5398 5038 4480 3803 3269 2616 1907 1112 370 
453 1383 2289 3140 3809 4512 5263 5854 6281 6549 6631 6948 6834 7115 6680 6541 6187 5724 4984 4205 3584 2886 2231 1305 406 
524 1494 2400 3380 4222 4922 5654 6420 6957 7217 7360 7773 7617 7595 7429 7367 6716 6132 5563 4871 4035 3107 2444 1465 486 
537 1626 2619 3704 4786 5359 6245 6937 7347 8032 8212 8724 8441 8366 8078 7798 7369 6665 6006 5522 4499 3558 2584 1532 509 
186 195 217 215 256 326 314 336 431 364 384 445 415 443 400 333 371 326 308 235 211 145 118 95 36 
182 358 506 597 681 756 791 866 955 1106 1022 944 989 1004 984 900 839 821 782 646 533 417 332 206 86 
112 366 532 727 809 979 1111 1081 1272 1295 1341 1379 1361 1307 1373 1307 1185 1068 929 808 722 538 424 237 82 
138 388 599 843 1029 1226 1269 1397 1600 1660 1605 1823 1845 1755 1610 1668 1438 1478 1312 1036 974 725 462 356 112 
179 496 723 1025 1194 1424 1648 1923 1975 2003 1899 2141 2294 2145 2093 1940 1834 1727 1569 1431 1135 925 695 396 133 
212 531 874 1236 1482 1769 2003 2173 2468 2448 2430 2699 2624 2570 2480 2355 2308 2066 1920 1694 1332 1122 736 559 116 
239 642 1010 1360 1760 2058 2318 2662 2821 3029 3075 3126 3090 3148 3027 2726 2825 2438 2227 1921 1589 1237 968 578 205 
238 662 1265 1642 2215 2400 2751 2851 3359 3490 3698 3726 3609 3627 3608 3371 3204 2904 2628 2373 1879 1572 1019 660 212 
290 827 1408 1950 2356 2750 3118 3536 3760 3893 4201 4360 4153 4200 4079 3992 3748 3493 2969 2565 2236 1838 1254 684 255 
311 970 1597 2195 2794 3264 3599 4067 4335 4552 4803 4943 4991 4925 4588 4719 4263 3965 3496 2917 2719 2031 1437 921 260 
346 1115 1785 2332 2988 3648 4014 4728 4989 5256 5438 5628 5638 5638 5304 5238 4672 4440 3975 3388 2945 2291 1724 981 339 
448 1217 1890 2694 3498 3977 4691 5219 5496 5912 6106 6143 6404 6106 6162 5783 5410 4959 4473 3817 3374 2484 1880 1226 378 
450 1249 2229 3013 3796 4654 5309 5844 6231 6690 6860 7109 6939 6961 6845 6446 6092 5560 4900 4357 3733 2898 2031 1288 425 
453 1396 2445 3434 4220 5171 5653 6478 7079 7230 7615 7593 7777 7587 7467 7112 6726 6028 5611 4588 3975 3309 2444 1478 462 
518 1638 2722 3736 4601 5463 6301 7018 7644 7879 8261 8358 8600 8542 8206 7907 7206 6769 5990 5208 4539 3470 2620 1634 506 
604 1765 2944 4162 4985 6128 6944 7790 8323 8891 9367 9503 9380 9195 9192 8780 8056 7436 6648 5773 4887 3937 2836 1843 531 
191 193 204 287 296 339 381 399 498 454 473 449 495 454 446 366 409 333 320 258 233 224 119 81 22 
187 396 506 585 738 883 859 1010 1052 1123 1127 1229 1154 1157 1117 1045 1050 950 858 686 583 427 319 247 61 
137 387 530 791 853 953 1218 1401 1389 1474 1403 1561 1528 1430 1468 1378 1354 1160 1067 852 801 654 451 254 94 
143 443 690 906 1027 1323 1562 1620 1731 1864 1919 1967 1900 1999 1874 1638 1617 1525 1371 1228 1082 749 573 369 100 
199 468 819 1124 1473 1631 1810 2013 2134 2280 2324 2450 2409 2339 2398 2222 2155 1877 1730 1546 1213 1035 720 384 139 
240 579 952 1364 1697 1927 2208 2434 2659 2820 2974 2989 2818 2871 2932 2641 2406 2337 2124 1738 1553 1189 783 501 187 
259 661 1093 1465 1956 2183 2606 2843 3055 3329 3351 3478 3311 3336 3416 3090 2994 2751 2450 2194 1801 1403 1020 638 210 
260 819 1381 1860 2273 2777 3062 3595 3534 3755 4167 4288 4081 4105 3988 3657 3441 3280 2819 2511 2176 1769 1210 779 215 
296 930 1460 2102 2574 3029 3467 4058 4209 4471 4764 4787 4596 4752 4548 4200 3927 3722 3513 2914 2405 1946 1347 867 309 
310 1036 1748 2382 3055 3486 3923 4400 4884 4983 5413 5525 5517 5333 5181 4804 4754 4286 3831 3458 2798 2207 1628 1019 337 
416 1092 1924 2678 3425 3979 4427 5090 5514 5848 6074 6226 6178 6186 5934 5513 5311 4837 4339 3971 3141 2476 1939 1080 337 
446 1289 2147 3061 3715 4551 4900 5557 6214 6522 6727 6808 6826 6927 6454 6346 5819 5334 4985 4264 3613 2964 2138 1386 409 
493 1484 2547 3293 4343 4997 5791 6233 6725 7248 7595 7776 7804 7732 7042 7167 6803 6298 5478 4811 3985 3204 2227 1392 461 
570 1576 2715 3793 4631 5586 6414 6941 7493 8221 8299 8369 8368 8563 8307 7970 7476 6862 6119 5360 4514 3494 2555 1531 530 
646 1835 2982 4103 5213 6003 6704 7840 8076 8994 9129 9651 9497 9470 9175 8667 8363 7454 6923 5976 4934 3939 2943 1779 588 
603 2083 3151 4496 5580 6719 7920 8487 9251 9819 10198 9874 10320 10274 9887 9475 8818 8181 7595 6648 5578 4369 3118 1859 606 
204 212 227 292 355 356 402 432 457 446 485 457 492 471 482 517 393 408 344 291 264 201 179 77 44 
163 442 566 753 816 914 1061 1085 1169 1140 1253 1272 1255 1293 1245 1200 1122 995 957 770 628 471 377 222 75 
120 434 669 853 982 1230 1293 1364 1546 1500 1598 1661 1725 1733 1567 1489 1543 1341 1224 1176 958 609 473 333 113 
171 455 761 1031 1238 1556 1666 1831 1943 1979 2134 2129 2298 2058 2039 1966 1885 1693 1622 1294 1174 908 644 382 127 
193 573 936 1231 1564 1791 2132 2310 2459 2565 2542 2535 2764 2649 2457 2637 2321 2157 1862 1714 1380 1097 774 504 179 
233 671 1021 1488 1882 2128 2346 2724 2952 3016 3319 3391 3336 3098 3092 2965 3017 2616 2213 1993 1748 1419 943 588 170 
255 730 1308 1799 2243 2618 2843 3169 3548 3792 3919 4058 4048 3956 3743 3625 3303 3088 2920 2380 1967 1685 1118 734 226 
319 860 1524 2104 2544 2970 3511 3780 4027 4498 4577 4568 4529 4638 4455 4442 3930 3524 3299 2868 2464 1933 1441 856 267 
326 1052 1738 2335 2863 3603 3983 4321 4851 4898 5263 5263 5328 5350 5001 4984 4626 4147 3691 3280 2787 2160 1600 881 314 
395 1173 1917 2630 3304 3976 4651 5025 5567 5734 5904 6093 6065 6057 5605 5649 5430 5037 4508 3809 3206 2495 1895 1119 403 
412 1304 2254 2950 3825 4523 5171 5800 6181 6425 6894 6982 6891 6946 6713 6409 6081 5486 5104 4251 3575 2874 2078 1256 399 
493 1528 2497 3415 4231 4863 5799 6413 6795 7326 7609 7766 7896 7519 7178 7376 6921 6192 5626 4926 4318 3266 2326 1486 456 
523 1741 2804 3989 4796 5697 6596 7188 7724 8108 8463 8406 8657 8776 8115 8050 7497 6826 6174 5508 4771 3692 2735 1598 541 
586 1728 2933 4195 5357 6360 7414 8078 8275 9074 9434 9701 9441 9525 9170 8799 8439 7798 7094 6341 5083 4150 2922 1822 537 
705 2131 3459 4581 5839 7026 8004 8869 9326 9896 10218 10647 10457 10540 10067 9829 9170 8573 7911 6693 5717 4377 3179 1954 654 
737 2189 3615 5177 6411 7459 8499 9677 10195 10915 11199 11593 11654 11410 11329 10951 10315 9364 8685 7392 6169 4946 3492 2148 731 
232 251 276 315 350 371 451 446 498 490 592 526 565 546 592 537 452 460 391 364 304 253 155 114 33 
192 543 658 764 936 1031 1118 1249 1323 1427 1483 1428 1383 1465 1344 1279 1125 1160 1019 884 712 591 493 256 84 
156 519 715 1058 1122 1324 1441 1629 1754 1775 1842 1856 1870 1833 1811 1651 1605 1500 1348 1161 943 806 564 346 108 
196 506 853 1145 1381 1802 1822 1967 2228 2233 2274 2385 2392 2342 2269 2277 2056 1941 1709 1595 1209 942 672 369 144 
227 595 998 1426 1642 1913 2244 2515 2622 2756 2994 2979 2901 3007 2937 2809 2483 2418 2205 1800 1603 1243 903 578 173 
246 766 1137 1649 2060 2371 2810 2971 3142 3439 3563 3611 3540 3494 3428 3301 2991 2885 2514 2290 1916 1605 1103 635 201 
289 920 1462 1926 2428 2883 3177 3684 3794 4038 4194 4273 4549 4189 4275 4016 3680 3376 3093 2688 2149 1790 1313 777 269 
313 1050 1526 2284 2931 3227 3984 4074 4489 4944 4918 4920 5194 5037 4789 4714 4404 4016 3571 3092 2629 2154 1473 899 263 
351 1091 1865 2633 3307 3748 4316 4929 5185 5685 5760 5831 5765 5873 5548 5517 5197 4580 4192 3552 3089 2392 1831 1132 365 
440 1307 2217 2952 3728 4279 5182 5586 5972 6209 6526 6861 6569 6736 6193 6306 5659 5359 4814 4272 3456 2829 2057 1152 366 
496 1426 2604 3346 4158 4886 5916 6263 6749 6976 7685 7541 7522 7519 7411 7069 6329 6060 5471 4746 3873 3131 2294 1359 438 
570 1701 2695 3664 4506 5388 6349 7000 7705 7964 8358 8591 8725 8563 8249 7735 7335 6877 6010 5332 4476 3542 2562 1481 566 
535 1823 3117 4147 5279 6305 7037 7976 8477 9111 9280 9486 9606 9539 9218 8957 8495 7440 6657 5980 5177 4044 3007 1688 596 
695 2148 3322 4634 5932 6964 7737 8764 9365 10040 10473 10285 10493 10596 10180 9986 9292 8510 7626 6567 5778 4394 3252 2005 684 
681 2194 3731 5058 6447 7454 8604 9532 10336 11018 11259 11539 11783 11443 11155 10965 9929 9368 8375 7271 6107 4819 3500 2296 719 
752 2540 4169 5463 6999 8418 9594 10835 11352 12118 12492 12920 12762 12878 12436 12145 11189 10291 9524 8088 6742 5571 3943 2392 782 
232 251 314 357 402 432 457 476 583 544 561 579 575 591 540 557 545 431 436 350 297 262 184 112 40 
205 519 743 861 1003 1098 1200 1315 1477 1434 1448 1467 1479 1403 1509 1430 1299 1116 1127 927 789 697 477 248 100 
180 545 833 988 1272 1404 1488 1583 1828 1846 2017 1963 1931 1892 1837 1936 1760 1660 1380 1173 1152 898 579 371 129 
176 573 935 1232 1443 1716 1884 2093 2294 2496 2614 2599 2582 2426 2381 2224 2346 2000 1864 1619 1396 968 841 483 163 
208 678 1092 1412 1853 2266 2289 2602 2893 2982 3265 3196 3161 3020 3227 2892 2877 2479 2323 1966 1587 1311 1037 606 217 
288 776 1230 1801 2222 2634 2867 3120 3508 3720 3643 3844 3954 3777 3708 3506 3308 3033 2724 2333 2110 1600 1237 758 252 
283 1025 1560 2001 2589 3110 3401 3775 4107 4294 4698 4826 4935 4542 4421 4262 4064 3665 3302 2922 2307 1956 1445 867 290 
402 1066 1828 2381 3040 3691 3975 4525 4986 5395 5469 5449 5513 5507 5318 5092 4732 4466 3960 3430 2802 2340 1661 967 365 
410 1325 1984 2795 3423 4104 4653 5226 5718 5951 6036 6106 6284 6197 6010 5770 5620 5298 4519 3801 3220 2677 1938 1209 322 
498 1524 2228 3112 4007 4739 5486 6043 6447 6667 7097 7314 7240 7151 7075 6741 6290 5858 5158 4345 3728 3165 2214 1280 443 
583 1660 2702 3550 4480 5298 6276 6616 7368 7798 7927 8198 8087 8141 7909 7534 7258 6539 6054 5136 4329 3429 2452 1538 521 
611 1818 2940 4027 5120 6352 7090 7576 8311 8521 9092 9322 9292 9028 9012 8715 8073 7532 6642 5949 4838 3811 2794 1593 567 
698 2025 3296 4369 5662 6779 7701 8529 9065 9818 10094 10225 10487 10243 10091 9264 8932 8376 7568 6261 5442 4163 3157 1821 703 
708 2257 3700 4899 6167 7536 8707 9529 10319 10652 11431 11481 11375 11481 11109 10553 9925 9266 8487 7160 5900 4871 3575 2077 685 
778 2403 4211 5504 7047 8353 9500 10264 11391 12069 12204 12571 12795 12623 12214 11976 11091 10102 9156 7897 6771 5076 3909 2334 778 
921 2615 4384 6018 7770 9237 10305 11365 12234 13108 13794 14018 14067 13824 13132 13210 12298 11293 9937 8757 7630 5749 4426 2617 829 
254 271 317 361 380 432 558 568 595 671 651 584 716 624 642 584 566 536 423 433 304 288 197 131 44 
224 591 761 918 1117 1222 1349 1464 1531 1671 1637 1658 1741 1712 1695 1555 1451 1271 1263 1116 840 685 574 307 116 
197 556 890 1143 1350 1517 1720 1758 2101 2106 2236 2203 2271 2234 2079 2003 1948 1806 1682 1405 1196 924 696 412 143 
228 638 982 1406 1724 1938 2262 2510 2546 2818 2842 2941 2979 2806 2709 2686 2394 2295 2125 1874 1481 1253 911 526 200 
249 758 1230 1640 2044 2446 2755 2920 3260 3313 3330 3559 3506 3513 3573 3410 3134 2852 2566 2319 1807 1541 1079 652 244 
331 921 1404 2037 2394 2836 3200 3573 3986 4113 4183 4327 4293 4250 4264 3892 3822 3509 3198 2692 2281 1799 1268 737 263 
352 1059 1716 2399 2935 3352 4127 4331 4368 4892 5225 5252 5109 5278 5041 4874 4412 4191 3782 3326 2681 2144 1577 910 358 
392 1273 2013 2686 3376 4055 4593 5220 5467 5779 6054 6087 5897 6069 5945 5514 5423 5020 4450 3900 3311 2584 1779 1099 350 
489 1432 2247 3298 3973 4562 5328 5767 6319 6425 6986 7085 7236 7151 6955 6710 6056 5568 5136 4395 3734 2846 2144 1296 453 
569 1592 2503 3596 4583 5282 6063 6766 7271 7973 7827 8141 8127 8113 7592 7528 6869 6515 5890 4950 4314 3349 2590 1514 495 
578 1652 2839 4047 5117 6217 6933 7723 8405 8755 8795 8961 9167 8756 8975 8470 8006 7319 6574 5632 4793 3943 2809 1710 571 
694 1992 3385 4620 5863 6894 7749 8501 9149 9677 9897 10163 10427 10274 10170 9808 8779 8290 7513 6575 5436 4251 3248 1890 673 
720 2141 3659 5179 6494 7609 8536 9396 10317 10836 11116 11481 11373 11536 11328 10858 10039 9132 8344 7255 6243 4768 3580 2092 715 
874 2496 4101 5525 6989 8299 9605 10708 11537 11900 12596 13034 13050 12596 12533 12029 11188 10393 9138 8290 6782 5290 3875 2322 798 
928 2834 4608 6154 7616 9308 10404 11952 12645 13346 14084 13886 14427 13987 13833 13310 12589 11431 10429 9072 7708 5699 4362 2602 824 
1018 3010 4924 6757 8601 10049 11358 12942 14048 14609 15252 15983 15650 15485 15220 14262 13786 12550 11095 9699 8299 6754 4923 2897 958 
257 321 369 419 414 537 525 576 637 695 703 712 778 782 684 742 587 572 522 444 348 327 222 138 51 
246 562 831 1004 1169 1313 1433 1595 1650 1737 1937 1848 1888 1787 1775 1812 1577 1527 1439 1148 1009 822 544 342 148 
205 619 962 1213 1457 1712 1882 2084 2252 2297 2397 2546 2491 2312 2193 2284 2111 1977 1764 1544 1231 977 737 425 151 
227 676 1140 1409 1916 2258 2410 2734 2899 2907 3000 3028 2984 3131 3052 2895 2628 2459 2152 1858 1641 1332 950 584 179 
296 853 1343 1802 2235 2701 2827 3300 3369 3605 3806 3809 3777 3882 3958 3491 3394 3111 2958 2481 1989 1606 1177 731 250 
340 989 1605 2261 2657 3207 3453 3967 4082 4536 4785 4831 4830 4624 4684 4326 4162 3666 3444 3023 2472 1977 1466 850 349 
393 1137 1842 2512 3344 3712 4380 4730 5020 5405 5635 5672 5576 5654 5501 5273 4910 4650 4090 3500 3013 2509 1748 973 356 
436 1293 2114 2845 3645 4324 4973 5574 5929 6129 6486 6623 6473 6599 6229 6112 5605 5260 4751 4029 3508 2623 2022 1200 384 
489 1525 2526 3371 4376 4981 5814 6432 6900 7069 7743 7996 7730 7621 7330 7039 6640 6303 5429 4763 4124 3199 2301 1464 434 
598 1717 2783 3894 4975 5718 6610 7206 7728 8431 8817 8962 8939 8736 8535 8006 7604 6941 6401 5449 4550 3669 2736 1554 551 
713 1941 3221 4424 5510 6770 7298 8218 8785 9568 9802 10058 9911 9696 9785 9324 8787 7916 7076 6208 5335 4197 2972 1840 601 
758 2170 3717 4881 6188 7344 8338 9081 10247 10525 10789 11178 11284 11417 11055 10371 9938 9032 8154 7151 5924 4708 3462 2135 715 
792 2390 4000 5620 6950 8135 9389 10504 11144 11917 12235 12727 12645 12527 12083 11424 10933 9995 9266 7700 6790 5256 3760 2327 771 
903 2728 4367 5877 7666 9029 10497 11623 12594 13159 13547 14074 13904 13523 12981 12800 12053 11060 9858 8630 7397 5894 4331 2555 887 
994 2988 4916 6740 8266 9990 11707 12514 13695 14311 15102 15355 15320 15307 14862 14257 13626 12214 10778 9746 8307 6436 4859 2840 909 
1094 3253 5375 7584 9324 11124 12695 13762 14662 15691 16162 16747 16859 17051 16206 15384 14445 13597 12051 10655 8904 7067 5170 3034 977 
302 326 382 443 550 565 589 705 681 753 767 788 722 738 690 730 724 680 536 446 415 354 275 153 40 
281 606 869 1065 1223 1379 1526 1706 1774 1795 1930 2022 2056 1921 2062 1765 1748 1528 1414 1220 983 806 593 373 118 
214 643 975 1299 1667 1795 1950 2291 2316 2377 2611 2544 2802 2578 2542 2378 2268 2079 1782 1620 1336 1064 816 508 147 
231 779 1164 1738 1987 2178 2598 2998 3023 3267 3469 3410 3432 3362 3248 3113 2960 2576 2331 2012 1700 1389 971 631 234 
301 817 1422 1886 2428 2838 3286 3522 3737 3992 4053 4126 4184 4031 4108 3844 3529 3367 3053 2645 2197 1714 1261 764 245 
368 1120 1652 2296 2857 3366 3850 4334 4548 4750 4924 5020 4940 4819 4926 4819 4339 4078 3702 3158 2656 2131 1532 941 337 
420 1202 1879 2615 3293 3998 4570 5004 5216 5633 6065 6178 6335 6001 5956 5408 5284 4805 4419 3828 3127 2513 1814 1036 351 
470 1445 2257 3058 3878 4720 5491 5732 6298 6985 6908 6973 7120 7125 6840 6486 6143 5594 5154 4429 3596 2959 2090 1353 415 
588 1559 2618 3686 4625 5249 6230 6980 7542 7811 7938 8063 8216 8303 7882 7648 7077 6711 5823 5093 4287 3278 2510 1524 527 
557 1955 3088 4131 5309 6224 6953 7789 8487 8804 9344 9495 9518 9249 9081 8620 8087 7626 6747 5875 4983 4003 2716 1736 622 
755 2070 3426 4800 5977 7075 7857 8798 9677 10010 10447 10624 10386 10451 10334 9701 9288 8738 7525 6538 5565 4455 3256 1908 620 
748 2249 3825 5210 6695 7966 8922 9973 10685 10908 11947 12008 11992 11851 11434 11135 10423 9767 8708 7645 6304 5157 3668 2145 771 
857 2634 4104 5790 7403 8830 9928 10992 11834 12356 13205 13446 13141 13502 13106 12274 11412 10720 9730 8285 7295 5641 4046 2367 852 
976 2926 4723 6404 8199 9778 11028 12200 13314 13847 14422 14989 15077 14597 14149 14015 13113 12082 10841 9255 7838 6109 4628 2784 951 
1120 3079 5252 7090 8778 11007 12406 13384 14790 15501 16098 16437 16538 16361 16033 15265 14605 13047 11484 10100 8396 6752 4864 2939 1016 
1118 3477 5777 7786 10134 11862 13166 14844 15924 16967 17734 18538 18401 18168 17648 16640 15406 14172 13055 11259 9278 7649 5547 3158 1103 
298 377 410 537 524 621 698 736 830 828 918 837 931 851 845 771 723 666 609 553 481 358 276 173 48 
304 753 934 1177 1353 1506 1723 1862 1958 2032 2228 2158 2171 2224 1979 2003 1843 1735 1537 1400 1142 944 600 409 145 
262 742 1148 1498 1793 2074 2286 2411 2718 2756 3003 2889 2975 2785 2717 2671 2648 2277 2057 1849 1484 1142 825 524 167 
310 818 1301 1801 2140 2520 2893 3171 3343 3717 3913 3693 3645 3768 3580 3405 3234 2920 2647 2288 2011 1495 1133 682 241 
292 928 1531 2088 2586 3012 3337 3949 4099 4536 4619 4775 4691 4578 4500 4234 3950 3666 3346 2879 2497 1897 1436 824 312 
412 1184 1906 2418 3258 3834 4302 4741 5000 5333 5641 5437 5553 5547 5287 5140 4971 4424 4044 3451 2855 2277 1636 950 388 
480 1273 2163 3062 3708 4441 5089 5546 5947 6320 6758 6701 6692 6777 6467 6432 5846 5207 4745 4077 3509 2904 2052 1219 449 
486 1567 2506 3541 4383 5187 5846 6447 6958 7442 7670 7876 7985 7957 7448 7259 6881 6379 5712 5023 4092 3240 2398 1433 511 
629 1765 2998 3986 5118 6021 6947 7665 8240 8711 9080 9367 9432 9088 8933 8415 7837 7261 6807 5555 4725 4000 2663 1718 526 
736 2025 3215 4513 5780 6779 7878 8493 9615 10258 10270 10519 10445 10194 10006 9802 9343 8297 7568 6427 5647 4391 3186 1833 632 
767 2316 3744 5150 6513 7662 8955 9791 10466 11197 11512 11766 11924 11816 11424 10857 10326 9668 8573 7362 6202 4831 3660 2135 730 
919 2505 4431 5828 7448 8750 9904 11014 11913 12507 13222 13493 13580 13175 12974 12454 11556 10658 9742 8475 6967 5507 4172 2537 846 
992 2848 4700 6446 8365 9742 11492 12269 13230 14195 14707 14694 15410 14755 14339 14167 13043 12225 10949 9387 7752 6472 4509 2868 978 
1048 3244 5457 7321 9030 10925 12287 13746 14747 15714 16384 16687 16692 16602 16008 15615 14414 13547 11972 10046 8761 6952 5096 3022 1044 
1137 3514 5782 8056 9952 11979 13699 15152 16179 17318 18055 18574 18139 18392 17600 17027 15856 14494 13264 11395 9669 7677 5544 3260 1119 
1312 3766 6142 8655 11206 13401 15132 16783 17678 19169 19493 20052 20203 19847 19637 18773 17813 15728 14416 12403 10419 8415 6231 3611 1186 
330 411 461 530 618 692 759 820 766 907 904 927 965 1004 942 877 822 880 670 633 455 370 338 155 53 
307 728 1040 1404 1522 1778 1973 2104 2152 2289 2314 2455 2552 2328 2409 2202 2104 1880 1787 1580 1300 1053 726 447 144 
290 740 1311 1714 2098 2213 2419 2751 2871 3009 3291 3371 3339 3139 3117 3102 2855 2659 2303 2109 1729 1386 991 612 217 
311 877 1475 1979 2430 2883 3167 3578 3876 3944 4190 4206 4212 4216 4134 3869 3595 3324 3061 2594 2147 1751 1222 805 278 
376 1147 1751 2480 2989 3463 3789 4390 4606 5050 5017 5173 5331 5050 4931 4906 4481 4236 3771 3258 2735 2211 1538 1007 312 
419 1288 2108 2860 3505 4339 4893 5327 5755 5879 6120 6246 6389 6251 5990 5828 5684 5160 4532 3987 3239 2657 2098 1119 437 
497 1462 2588 3411 4294 4998 5665 6150 6851 7080 7603 7721 7641 7412 7140 6818 6592 6116 5378 4677 3809 3192 2163 1348 468 
609 1697 2849 3923 4948 5893 6712 7209 7854 8441 8525 8667 8787 8822 8416 8037 7629 7125 6321 5454 4702 3794 2619 1577 605 
730 2002 3351 4571 5707 6944 7753 8397 9285 9669 10118 10251 10284 10085 9866 9583 9066 8097 7334 6534 5357 4303 3215 1878 604 
812 2376 3764 5262 6541 7815 8714 9778 10327 11079 11519 11890 11491 11541 11147 10811 10149 9432 8464 7462 6383 5081 3595 2174 798 
882 2745 4243 5743 7423 8821 9936 11116 11764 12218 13115 13583 13271 13537 12886 12316 11611 10711 9876 8459 6986 5698 4149 2406 950 
969 2836 4780 6534 8286 9669 11478 12188 13480 14112 14592 14930 14932 14820 14779 13842 13091 11988 11031 9744 8181 6245 4606 2705 1010 
1127 3165 5457 7329 9181 11122 12445 13685 15183 15532 16272 16563 16682 16816 16047 15610 14344 13388 12126 10806 8951 7139 4990 3137 1019 
1162 3629 6050 8148 10439 12355 13776 15461 16661 17511 18215 18420 18805 18220 18202 17222 16180 14646 13224 11721 9881 7981 5655 3481 1223 
1444 3977 6703 9067 11641 13470 15449 16935 18307 19261 20244 20774 20827 20909 20295 18935 17892 16558 15032 12972 10789 8666 6230 3808 1366 
1589 4495 7249 9954 12694 14914 16504 18472 20185 21314 22164 22271 22879 22781 21541 21053 19513 18175 16387 14200 11904 9475 6843 4212 1426 
330 447 392 549 671 682 847 875 1020 930 888 1063 1012 1009 850 1012 792 767 628 638 553 368 289 188 53 
360 799 1089 1284 1562 1744 2064 2178 2314 2329 2552 2531 2518 2617 2460 2313 2230 2105 1829 1549 1346 1060 792 468 155 
290 776 1311 1695 2067 2383 2700 2854 3108 3118 3360 3410 3407 3292 3337 3055 3084 2609 2301 2052 1728 1420 1048 580 244 
317 971 1541 2016 2602 2868 3391 3494 3936 4332 4507 4355 4498 4278 4185 3977 3655 3528 3053 2831 2266 1761 1306 829 289 
406 1177 1917 2417 3075 3595 4086 4578 4969 5170 5198 5441 5356 5481 5232 4979 4619 4356 3846 3433 2697 2187 1582 974 317 
460 1293 2164 2957 3836 4379 4894 5526 5942 6277 6494 6469 6686 6539 6259 5945 5713 5239 4633 4126 3415 2671 1928 1139 435 
531 1633 2585 3304 4355 5111 5963 6616 6978 7357 7556 7831 7668 7801 7490 7115 6560 6274 5543 4985 4127 3328 2305 1374 456 
613 1772 2874 4147 5222 5984 6894 7620 8196 8648 8824 9159 9209 8766 8817 8271 8032 7309 6488 5708 4652 3707 2772 1609 567 
753 2105 3421 4793 5802 7031 7939 8823 9435 10108 10282 10630 10773 10327 10693 9892 8947 8425 7813 6597 5513 4511 3242 1848 632 
777 2353 3823 5314 6656 7883 8922 9913 10654 11526 11695 11907 11890 11981 11754 11466 10459 9710 8666 7466 6391 5178 3543 2199 652 
903 2583 4403 6171 7645 8842 10325 11735 12300 12722 13235 13654 14168 13483 13014 12626 11843 11060 9964 8447 7163 5876 4187 2363 791 
944 3024 5056 6735 8651 10209 11394 13097 13656 14870 15109 15536 15109 15396 15038 14485 13736 12494 10839 9693 8358 6602 4627 2857 1003 
1108 3353 5395 7343 9737 11193 12930 14208 15219 16158 16848 17092 17303 17156 16982 15931 14859 13751 12469 11061 9101 7292 5208 3170 1133 
1209 3624 6192 8483 10346 12723 14204 16053 17416 17970 18894 19207 19438 19434 18457 17909 16736 15283 13650 11870 9933 7867 5703 3455 1117 
1236 4015 6812 9252 11393 14114 15930 17343 19031 20178 20786 21602 21130 21101 20583 19440 18240 16668 15149 13151 11301 9010 6478 3828 1273 
1435 4207 7633 10345 12635 14952 17134 19351 20802 21941 22494 22967 23049 23368 22320 21435 20322 18567 16918 14485 12272 9945 7117 4322 1368 
380 469 459 551 746 866 884 964 970 1087 1135 1147 1120 1151 1108 1004 996 875 881 668 633 459 353 208 61 
345 898 1203 1561 1754 1940 2292 2456 2694 2733 2846 2901 2894 2824 2757 2619 2379 2209 2024 1844 1414 1150 887 507 150 
304 919 1532 1982 2220 2686 2893 3336 3406 3588 3722 3987 3655 3756 3668 3594 3354 3042 2771 2486 2052 1582 1140 724 231 
375 1056 1684 2362 2868 3324 3728 4036 4549 4746 4864 4959 5040 4826 4634 4514 4279 3906 3616 2854 2592 2048 1523 885 302 
401 1247 2043 2868 3441 4055 4656 4891 5565 5694 6044 6149 6138 5946 5924 5742 5234 4821 4264 3891 3177 2465 1707 1188 376 
503 1453 2496 3325 3954 4991 5528 6179 6745 7195 7121 7532 7455 7442 7356 6728 6639 5874 5266 4646 3838 3142 2324 1372 490 
560 1785 2756 3973 5035 5804 6713 7285 7837 8467 8828 8764 8924 8653 8329 8204 7452 6889 6356 5356 4665 3665 2541 1521 562 
712 1966 3442 4571 5883 6902 7704 8832 9319 9573 9966 10175 10095 10143 9920 9529 8777 8449 7393 6410 5319 4266 3062 1841 586 
803 2373 3904 5319 6544 8053 9099 9851 10575 11115 11530 11731 11788 11745 11332 11128 10649 9469 8521 7497 6302 4831 3654 2213 715 
955 2617 4452 6100 7484 9045 10167 11353 12171 12677 13070 13431 13521 13532 13079 12606 11995 10813 9734 8525 6988 5564 4203 2450 832 
1075 3076 5009 6780 8591 10135 11529 12561 13730 14574 15049 15417 15092 15386 14861 14386 13529 12610 11185 9735 8203 6552 4740 2871 1004 
1149 3294 5487 7572 9742 11637 13395 14501 15446 16019 16892 17300 17285 17023 16664 15943 15334 14016 12398 11006 9238 7389 5473 3215 1035 
1216 3662 6216 8441 10765 12610 14697 16178 17300 18098 19024 19293 19581 19641 18820 18188 16846 15783 13672 12100 10133 8234 6066 3576 1248 
1380 4262 6780 9403 11749 13981 16182 17569 19129 20685 20819 21295 21702 21516 21093 20116 18462 17133 15465 13261 11341 9159 6497 3985 1317 
1505 4646 7523 10467 13240 15785 18184 19807 21174 22469 23301 24011 23689 23784 23160 22009 20909 19330 17069 14808 12618 10090 7450 4419 1495 
1764 5036 8472 11474 14259 16945 19421 21581 23373 24773 25589 25963 26310 26350 25737 24589 22888 21061 18703 16445 14053 10750 7868 4860 1581 
427 488 606 698 791 909 974 1044 1154 1162 1308 1302 1306 1279 1159 1212 1118 984 857 705 700 514 377 210 89 
431 1044 1356 1665 1880 2260 2423 2739 2732 2942 3086 3109 3222 3283 3013 2877 2801 2546 2248 1898 1601 1284 975 599 164 
334 1077 1590 2114 2565 3055 3403 3551 3750 3957 4068 4152 4127 4160 4089 3798 3559 3422 3107 2573 2233 1726 1240 812 254 
403 1166 1880 2598 3247 3615 4404 4323 4871 5098 5306 5529 5387 5467 5340 4740 4723 4321 3862 3426 2808 2172 1597 937 296 
528 1444 2209 3079 4002 4393 4976 5605 6188 6447 6717 6869 6779 6741 6475 6111 5806 5388 4646 4070 3522 2752 2000 1194 412 
570 1694 2638 3662 4669 5279 6180 6913 7359 7826 8469 8185 8184 8051 7876 7696 7128 6509 5751 5107 4409 3528 2490 1415 470 
627 1922 3062 4357 5616 6243 7373 8170 8690 9275 9549 9835 9868 9672 9531 8896 8388 7652 6990 6096 5054 4219 2906 1818 575 
799 2212 3620 5100 6212 7610 8466 9590 10233 10895 11053 11345 11391 10988 11205 10592 10096 9130 8434 7232 6080 4592 3309 2039 762 
837 2535 4172 5877 7125 8834 10012 11056 11531 12516 12678 13135 13317 13246 12944 12471 11267 10463 9625 8464 7103 5526 4123 2381 811 
964 3001 5085 6688 8323 9917 11291 12923 13552 14379 14689 14826 15086 15133 14669 14173 13029 11894 11014 9436 7849 6527 4628 2789 887 
1098 3284 5617 7498 9526 11410 13091 14570 15285 16342 16301 16842 17358 16894 16532 15757 14992 13928 12466 10843 8974 7323 5196 3124 1077 
1253 3759 6454 8579 10872 12429 14398 16149 17148 18068 19196 19465 19430 19115 18715 18092 16728 15274 13951 12287 10173 8368 5858 3546 1110 
1444 4021 6694 9575 11987 14091 15883 17812 19171 20355 21123 21746 21846 21494 20665 20040 18740 17242 15391 13719 11507 9075 6505 3991 1373 
1539 4616 7730 10693 13348 15693 17897 19961 21588 22598 23468 23951 23918 23238 23144 21979 20862 19036 17404 15090 12789 10097 7245 4254 1476 
1683 5227 8654 11568 14669 17132 19478 21818 23519 24550 25966 26509 25937 26614 25356 24215 22978 21180 19078 16958 13920 11188 8186 4955 1600 
1910 5486 9448 12644 15941 19203 21617 23874 25451 27399 27802 28816 29131 29074 27968 26991 25460 23385 20934 18382 15337 11878 8914 5528 1774 
479 541 635 718 808 967 1078 1116 1185 1234 1429 1319 1375 1313 1298 1215 1158 1016 957 813 715 500 379 264 93 
396 1026 1401 1758 2076 2343 2643 2984 2994 3266 3349 3309 3611 3347 3178 3079 2837 2555 2403 2112 1721 1439 1011 645 220 
436 1155 1592 2282 2672 3101 3547 3834 4034 4255 4577 4399 4612 4368 4278 4006 3816 3625 3155 2740 2388 1929 1295 825 348 
456 1209 2019 2700 3413 3892 4630 4790 5217 5422 5588 5660 5742 5788 5514 5365 4899 4508 4216 3679 3059 2367 1619 1092 344 
517 1536 2414 3220 3947 4747 5316 6032 6438 6608 6764 7103 7196 7007 6862 6634 6337 5631 5088 4410 3916 3034 2221 1288 452 
612 1720 2867 3918 4793 5611 6549 7245 7707 8178 8406 8532 8798 8542 8240 7995 7684 6809 6084 5447 4575 3670 2612 1623 581 
717 2134 3414 4617 5873 6740 7910 8426 9351 9719 9972 10112 10333 10241 9799 9339 8857 8160 7327 6364 5513 4265 3251 1916 617 
908 2321 4074 5437 6696 8114 9255 9961 10830 11528 11973 12290 12290 11967 11591 10976 10696 9735 8500 7382 6364 5211 3755 2228 779 
901 2679 4570 6301 7677 9422 10552 11407 12551 13248 13684 13941 13911 13854 13463 13093 12100 11175 9913 8905 7421 6045 4239 2556 927 
1106 3225 5322 7213 8744 10345 11900 13327 14420 14949 15742 16107 15923 16011 15526 14951 13879 12786 11552 10148 8474 6750 4786 3018 996 
1279 3578 5911 7950 9975 12148 13618 14739 16381 17048 17793 18316 18432 17748 17815 16838 15852 14273 13374 11341 9668 7599 5608 3274 1158 
1350 4028 6630 8901 11159 13346 15274 17173 18316 19344 20192 20360 20648 20486 19590 19041 17951 16511 14536 12956 10867 8795 6268 3668 1316 
1518 4587 7613 10047 12559 14895 17006 18971 20318 21575 22507 22965 22932 22817 21905 21127 19660 18225 16727 14197 12172 9816 6994 4195 1414 
1728 4846 8272 11468 13999 16530 18927 21059 22598 24081 25070 25211 25683 25534 24438 23412 22468 20761 18355 16005 13526 10597 7714 4815 1623 
1877 5288 9016 12240 15361 18279 21159 23121 24596 26725 27278 27834 27924 27950 26925 25972 24262 22634 20317 17692 14953 11967 8706 5197 1678 
2018 6063 9849 13416 17025 20063 22810 25067 27153 28896 29638 30884 30513 30844 29437 28145 26732 24528 22076 19220 16138 13055 9684 5692 1943 
479 536 670 753 870 994 1139 1161 1202 1315 1290 1418 1355 1338 1344 1303 1245 1093 959 889 765 589 410 244 90 
431 1025 1575 1698 2263 2459 2933 3091 3236 3445 3585 3574 3626 3455 3249 3329 3169 2880 2473 2302 1907 1500 1042 643 202 
358 1040 1754 2313 2878 3383 3685 4013 4369 4521 4790 4818 4659 4932 4777 4364 4240 3795 3370 2995 2415 1951 1382 855 295 
442 1413 2172 2716 3548 4079 4535 5267 5581 5906 5985 6211 6144 6179 5835 5554 5133 5035 4359 3705 3261 2558 1832 1218 315 
523 1538 2633 3483 4425 4988 5830 6341 6902 7105 7628 7518 7547 7607 7256 6897 6700 5880 5552 4709 3889 3161 2282 1499 478 
615 1879 3124 4052 5341 6106 6976 7833 8327 8690 9073 9121 9326 8958 8799 8450 7884 7232 6577 5626 4967 4022 2818 1678 525 
716 2106 3585 4954 6194 7290 8255 9145 9915 10294 10816 11065 10906 10922 10691 10133 9494 8881 7898 6674 5732 4522 3462 1956 692 
844 2516 4255 5705 7253 8548 9568 10557 11415 12167 12764 12839 13121 12690 12376 12035 11551 10200 9127 8072 6692 5416 3940 2440 805 
978 2945 4743 6515 8170 9657 11149 12426 13432 14244 14174 14646 14767 14673 14691 13559 12846 11944 10877 9429 7821 6008 4499 2902 884 
1169 3440 5668 7473 9425 11288 12765 14243 15191 16010 16427 16748 16875 16831 16356 15816 14803 13828 12015 10895 9093 7194 5101 3103 1104 
1249 3878 6336 8397 10798 12725 14886 16133 17352 17875 19084 19378 19747 19514 18761 18020 16987 15720 13975 12234 10166 8257 5987 3627 1131 
1435 4233 6940 9619 11933 14399 16030 18155 19327 20676 21487 22239 22093 21474 21428 20072 18495 17475 15562 13900 11601 9130 6582 3912 1303 
1588 4963 7762 10630 13678 15972 18197 20454 21845 22933 24108 24213 24840 24312 23430 22508 21270 19670 17571 15606 12922 10280 7605 4569 1564 
1727 5345 8430 11958 14887 17844 20253 22186 24329 25513 26595 27567 27092 27123 25994 24972 23429 21833 19664 17190 14548 11258 8491 5119 1738 
1991 5683 9776 13093 16473 19357 21779 24408 26511 28383 29272 30098 29861 29614 28816 27615 25683 23543 21397 18902 15642 12348 8971 5519 1964 
2093 6390 10594 14313 18110 21330 24592 27087 28912 31083 31965 32766 33136 32769 31605 30307 28379 26338 23613 20429 17520 13938 9879 5992 2073 
443 585 706 843 934 1102 1114 1297 1385 1381 1564 1525 1574 1590 1479 1463 1280 1312 1101 992 771 595 473 264 102 
463 1191 1668 2000 2370 2756 3114 3422 3336 3559 3733 3786 4018 3795 3751 3592 3345 3140 2757 2412 2061 1607 1149 731 250 
470 1235 2071 2451 3010 3701 4110 4196 4633 5001 4999 5265 5110 5188 5033 4655 4519 3922 3762 3310 2735 2197 1506 969 334 
498 1470 2311 3100 3795 4607 5085 5546 6069 6287 6587 6707 6564 6386 6367 6017 5720 5388 4688 4165 3427 2727 2075 1169 464 
563 1758 2888 3815 4603 5532 6381 6870 7484 7861 8001 8342 8255 8256 7824 7649 7224 6581 5751 5247 4319 3533 2497 1501 501 
695 2024 3325 4573 5646 6506 7508 8132 8977 9579 9848 9991 9863 9917 9597 9235 8841 7957 7065 6251 5229 4145 3041 1793 608 
838 2339 3949 5407 6610 7949 8832 9872 10566 11212 11783 12205 11996 11974 11371 10927 10613 9719 8401 7515 6382 5039 3502 2139 777 
947 2704 4641 6309 7773 9256 10448 11614 12588 13515 13943 13708 14325 14057 13510 13178 12221 11589 10145 9053 7392 6027 4331 2512 796 
1095 3273 5182 7101 9079 10877 12327 13456 14573 15539 15786 16117 16194 16109 15696 15167 14163 13197 11646 10094 8598 6901 4786 2947 983 
1207 3648 6065 8344 10280 12273 14262 15130 16611 17442 18177 18605 18711 18391 18035 17220 16255 14845 13580 11619 9722 7868 5763 3326 1125 
1356 4100 6733 9328 11507 14378 15833 17628 18650 19948 20500 21028 21266 20966 20317 19780 18427 16914 14993 13154 10989 8975 6389 3824 1348 
1584 4578 7691 10502 13338 15867 17759 19822 21587 22421 23552 23621 24070 23689 22804 21969 20809 19111 17329 14793 12517 10059 7145 4402 1574 
1624 5222 8641 11755 14593 17440 20060 22245 23659 25037 25961 26633 26673 26526 25688 24983 23175 21466 19286 16640 13948 11114 7980 4840 1640 
1887 5549 9520 13105 16237 19165 22152 24135 26269 27653 29082 28955 29988 29179 28261 27262 25697 23660 21229 18739 15485 12278 9028 5522 1837 
2088 6370 10459 13851 17787 21136 24556 27084 28857 30820 32004 32241 32696 32373 31586 29934 28176 26245 23681 20626 17121 13646 10018 5988 2002 
2373 6972 11181 15602 19684 23191 26573 29543 31599 33768 34848 35686 35466 35528 34678 33419 31221 28430 25918 22593 18680 15197 11001 6642 2187 

