1316
21056
21056
50 16 25
2.000  12.000 0.200 
0.900  4.100  0.200 
0.000  1.000  0.040 
0 0 0 0 0 0 0 0 0 0 0 0 0 0 0 0 0 0 0 0 0 0 0 0 0 
0 0 0 0 0 0 1 1 0 0 1 0 0 0 0 0 0 0 0 0 0 0 0 0 0 
0 0 0 0 0 0 0 0 0 0 0 0 0 1 0 0 1 1 2 0 0 0 0 0 0 
0 0 0 0 0 0 0 0 0 0 0 0 0 0 1 0 0 1 0 0 0 0 0 0 0 
0 0 0 0 0 0 0 1 0 0 0 0 1 0 0 0 0 0 0 0 1 0 0 0 0 
0 0 0 0 0 0 1 0 0 1 0 2 0 0 0 0 0 0 0 0 0 0 0 0 0 
0 0 0 1 3 1 0 0 1 1 2 0 0 1 2 1 1 1 0 0 0 0 0 0 0 
0 0 0 0 0 0 0 0 0 1 2 1 0 1 2 1 0 2 0 1 1 0 2 0 0 
0 0 0 0 0 0 0 2 2 0 0 1 2 2 4 0 1 0 1 1 1 0 0 0 0 
0 0 1 0 0 0 2 1 3 2 1 0 1 1 1 3 1 0 0 1 0 0 0 0 0 
0 0 0 0 0 3 0 3 2 1 0 1 2 1 0 1 0 0 0 0 1 0 0 1 0 
0 1 0 2 0 1 2 1 1 1 3 3 1 2 0 1 0 0 2 0 1 0 0 0 0 
0 1 0 1 2 0 2 0 0 3 1 0 1 6 1 0 3 1 1 1 1 0 0 0 0 
0 0 0 0 1 0 0 1 1 2 2 2 3 0 0 1 0 1 3 2 1 1 2 3 0 
0 1 0 0 0 1 1 1 2 2 3 0 3 2 2 5 2 0 1 1 1 3 0 0 0 
0 0 0 2 1 1 1 2 0 1 5 2 5 2 4 1 3 3 1 4 1 0 0 0 0 
0 0 0 0 1 0 0 0 0 0 1 0 0 0 0 0 0 0 0 0 0 0 1 0 0 
0 0 0 1 0 0 0 1 0 0 0 0 0 0 0 0 0 1 0 0 0 0 0 0 0 
0 0 1 0 0 0 0 0 1 2 1 0 0 0 1 1 0 1 0 0 0 2 0 0 0 
1 0 1 0 1 0 0 0 0 2 4 1 0 0 2 0 0 0 0 1 0 0 0 0 0 
0 0 0 0 0 0 1 0 1 2 0 0 1 0 1 2 2 2 1 0 0 0 0 0 0 
0 2 0 0 2 1 0 0 1 0 2 0 0 0 0 4 1 0 0 0 0 0 0 0 0 
0 0 0 0 0 0 1 1 0 0 1 2 2 1 0 0 1 1 0 0 1 1 0 0 0 
0 1 1 1 1 3 4 0 2 1 3 0 0 0 2 2 2 1 2 0 1 0 0 0 1 
0 0 0 0 1 1 3 0 0 0 1 1 0 3 1 0 0 1 3 3 0 0 0 0 0 
0 0 0 0 0 1 1 1 0 1 2 0 2 2 4 2 0 0 1 1 0 0 0 0 0 
0 0 1 1 2 0 3 2 3 1 1 0 3 1 2 2 3 0 0 0 2 1 0 0 0 
0 0 0 0 2 2 0 1 4 1 1 0 0 3 1 1 2 1 1 1 1 0 0 0 1 
1 0 1 1 3 0 0 4 1 1 1 5 2 0 3 1 2 3 2 1 0 1 1 0 0 
0 0 0 1 1 1 3 1 2 2 4 3 4 0 1 3 3 2 0 1 0 0 1 1 1 
0 0 0 2 0 1 3 1 3 1 4 0 3 1 1 1 0 4 0 1 2 0 0 0 0 
0 0 1 1 1 1 3 4 0 1 2 1 6 5 2 1 0 2 1 3 1 0 0 0 0 
0 0 0 0 0 0 0 0 2 0 0 0 0 0 0 0 0 0 0 0 0 0 0 0 0 
0 0 0 0 1 0 2 0 0 0 1 0 1 0 0 0 2 0 0 1 0 0 0 0 0 
0 0 1 0 0 0 0 1 2 2 3 2 0 1 1 0 0 1 0 0 0 0 0 0 0 
0 0 0 0 0 0 0 1 2 1 0 0 1 0 0 0 0 1 0 1 1 0 0 1 0 
0 0 0 0 2 0 1 0 0 0 2 1 3 1 0 0 0 1 0 0 0 0 1 0 0 
0 0 0 1 1 0 1 0 4 1 2 4 3 4 0 0 2 2 0 1 1 1 1 1 0 
0 0 0 0 1 0 0 1 3 4 0 1 0 0 1 2 2 0 2 2 2 1 0 2 0 
0 0 1 1 0 1 0 2 2 1 1 1 3 2 3 0 2 1 2 1 2 0 0 1 0 
1 0 0 0 0 1 2 3 0 4 1 3 1 1 6 2 1 1 4 0 2 0 1 0 0 
0 1 0 1 1 1 1 3 3 2 3 2 1 1 2 2 2 4 2 2 2 3 1 0 0 
0 3 3 1 3 1 4 3 4 0 2 2 2 4 3 3 5 4 4 1 3 0 2 1 0 
1 0 1 3 1 3 1 1 3 2 4 3 6 7 5 3 1 2 2 6 3 0 1 1 0 
0 1 0 2 3 3 5 6 2 8 9 4 4 10 1 3 3 3 2 8 2 1 1 2 0 
0 1 1 4 2 4 4 1 5 6 2 2 3 3 4 4 8 3 3 5 7 3 3 1 0 
0 0 3 3 3 3 1 7 4 7 2 4 3 1 4 4 5 3 3 8 1 2 2 0 0 
0 2 1 4 6 1 4 1 3 1 9 6 5 4 5 5 4 3 2 7 3 5 1 0 0 
0 0 0 0 0 0 0 1 0 0 0 0 0 0 0 0 0 1 0 0 1 1 0 0 0 
0 0 0 2 0 0 0 0 0 2 0 1 1 1 1 0 0 1 0 0 1 0 0 0 0 
0 0 0 0 0 0 0 1 0 0 1 1 0 1 2 0 1 2 0 0 0 0 3 0 1 
1 0 0 1 0 0 2 0 1 2 1 1 1 0 0 0 0 2 1 0 2 0 0 0 1 
0 0 1 1 0 1 1 0 0 3 1 1 1 0 0 0 0 1 3 0 2 0 0 0 0 
0 2 2 0 2 0 2 1 1 0 2 0 2 4 1 1 1 1 1 0 2 0 0 0 0 
0 1 0 0 3 0 0 0 1 1 0 1 2 1 2 2 1 2 0 2 1 1 1 0 0 
1 2 0 3 1 1 0 2 5 1 2 0 4 4 1 3 2 2 1 3 0 1 2 0 0 
1 0 2 1 2 1 1 2 2 4 1 4 3 3 4 1 2 4 1 0 6 0 0 0 0 
0 0 0 2 1 2 2 3 3 3 5 6 2 4 3 1 3 1 0 3 2 0 0 0 0 
0 0 0 1 3 3 3 2 4 4 7 4 5 3 2 3 0 2 0 3 1 0 2 0 0 
0 1 1 2 3 3 2 2 2 4 5 3 3 5 2 6 2 1 2 2 0 1 2 1 0 
0 0 3 3 0 2 4 2 3 6 8 4 6 4 3 4 4 1 7 2 3 3 1 0 0 
0 0 0 6 2 2 0 5 3 5 3 2 3 4 4 5 6 3 6 2 3 2 2 0 0 
0 0 1 2 0 0 3 5 3 2 3 5 2 8 4 4 3 2 2 0 2 1 1 0 0 
0 0 2 2 4 3 3 9 5 8 3 3 5 10 4 2 2 6 2 5 4 0 0 2 0 
0 0 0 0 1 0 0 0 0 0 1 0 0 0 0 0 0 0 0 0 0 1 0 0 0 
0 0 0 0 2 0 1 1 1 1 2 3 1 0 0 3 3 0 1 2 0 1 0 1 0 
0 0 0 2 0 0 0 3 3 0 2 2 1 1 1 0 2 2 3 0 0 0 0 0 0 
0 0 3 0 1 0 1 2 1 0 0 0 0 1 1 1 3 0 3 2 0 0 2 0 0 
0 0 1 1 2 2 1 0 1 4 3 5 3 5 2 4 2 0 0 3 1 0 1 0 1 
0 1 0 2 1 2 1 3 2 2 4 2 9 4 3 4 3 1 0 2 1 1 0 0 1 
1 1 0 2 5 2 3 4 7 5 5 2 5 5 2 1 4 7 3 6 2 2 1 1 0 
0 0 0 3 1 3 7 4 2 6 5 4 5 4 8 3 3 7 2 4 2 4 2 0 0 
0 2 0 2 0 1 4 2 8 4 3 5 2 2 5 3 6 7 4 6 5 4 0 0 1 
1 1 1 4 3 2 4 6 3 2 12 9 4 4 9 3 3 4 0 3 6 4 1 1 1 
1 1 2 3 5 9 5 7 3 5 10 11 8 7 7 6 8 6 3 4 3 6 4 0 0 
0 1 4 6 2 13 3 3 11 5 7 6 7 7 7 8 7 8 2 4 7 2 1 0 0 
0 1 4 5 6 5 4 6 7 5 8 4 7 8 7 11 10 5 5 3 5 3 2 1 0 
1 0 5 8 4 5 8 8 9 10 6 10 9 13 9 10 6 8 6 2 4 5 3 0 0 
1 1 6 7 3 8 9 11 10 13 11 5 10 6 10 7 7 7 10 1 7 3 2 0 1 
0 2 5 6 5 3 8 14 8 8 7 5 15 12 10 10 12 8 8 4 9 4 6 3 0 
0 1 0 0 1 1 1 0 0 0 1 1 1 0 0 0 0 0 0 1 0 0 0 0 0 
0 1 2 2 1 1 2 1 1 2 0 1 0 1 0 2 1 2 0 1 1 0 0 0 0 
0 1 3 0 2 0 2 1 1 2 1 3 3 0 2 1 0 3 2 0 0 0 1 1 0 
0 1 1 2 1 1 0 5 1 6 5 3 4 6 3 1 2 2 2 2 1 2 3 0 0 
0 2 0 0 0 1 0 2 2 2 3 6 3 5 2 2 2 1 4 1 2 3 3 3 0 
0 0 2 2 2 2 3 9 5 6 4 3 3 2 3 2 4 3 7 1 5 5 0 1 0 
0 0 0 2 4 1 5 4 0 5 6 4 3 6 5 2 2 3 1 2 4 2 1 1 0 
1 1 2 4 3 3 2 2 7 2 3 6 4 3 1 4 9 7 6 1 6 4 0 0 1 
0 4 1 1 4 6 3 6 6 4 7 7 6 5 8 8 7 8 7 5 5 3 1 1 0 
0 5 12 2 6 2 3 2 4 5 9 11 8 4 5 9 2 7 4 6 4 3 1 1 0 
1 0 2 1 2 9 11 9 6 7 11 4 14 13 9 7 2 4 3 4 9 7 5 1 0 
1 1 3 6 6 9 7 4 9 10 11 10 13 12 9 19 13 8 8 8 8 4 4 1 0 
1 0 6 9 8 8 2 13 10 17 12 10 17 14 9 13 10 8 10 15 9 4 4 3 2 
1 1 3 5 9 9 3 18 13 14 13 10 15 16 15 10 13 6 12 7 6 7 8 4 0 
0 2 4 8 5 7 11 16 12 21 15 12 15 10 14 15 14 19 13 5 6 10 5 1 2 
0 4 8 12 13 7 9 16 15 7 15 18 14 24 12 19 18 14 9 10 7 5 3 1 1 
0 0 0 1 0 1 0 0 0 1 0 0 0 1 0 0 0 0 0 1 0 1 0 0 0 
0 0 1 2 1 2 3 1 1 1 0 2 2 0 3 2 2 1 3 0 2 0 0 1 0 
0 1 0 0 0 2 0 1 2 0 2 5 1 5 2 2 1 1 1 1 1 1 0 0 0 
0 1 0 2 1 1 2 4 5 5 5 1 3 3 4 0 4 0 4 0 0 1 0 0 1 
0 0 2 0 0 3 5 2 2 0 10 3 4 5 1 1 1 4 4 3 2 0 1 1 0 
0 2 2 4 3 2 3 5 4 3 2 5 9 1 5 2 6 3 5 5 2 2 1 0 0 
1 0 2 2 0 4 3 5 5 8 5 7 10 5 6 6 8 3 3 3 1 4 1 0 0 
0 0 1 3 2 1 1 3 7 8 4 5 4 7 6 9 5 4 6 4 3 0 0 1 0 
1 1 2 3 8 6 5 9 5 6 7 5 7 6 11 10 5 10 8 3 4 4 1 2 0 
0 2 0 5 5 7 10 8 7 4 5 5 9 11 14 13 4 5 2 5 4 3 2 5 0 
0 0 5 6 2 8 7 12 13 12 10 11 7 14 10 8 10 10 6 7 1 5 6 1 0 
0 2 1 6 6 4 9 17 13 8 10 11 3 15 7 10 7 7 7 13 6 6 4 2 1 
0 0 2 7 8 9 4 15 11 9 6 11 13 12 8 10 7 5 12 8 4 4 4 0 2 
2 1 5 2 5 11 11 12 8 17 14 11 10 13 7 11 11 6 10 9 9 3 7 1 2 
0 6 4 3 8 9 8 11 10 11 12 6 13 15 11 11 10 14 6 6 11 4 2 1 0 
0 6 8 8 14 8 10 11 8 16 15 12 18 10 15 14 13 9 14 15 9 6 3 7 0 
0 0 0 0 0 2 2 1 0 1 0 1 3 2 0 1 4 2 0 2 1 0 0 0 0 
0 0 0 1 1 3 1 0 3 2 2 3 2 2 1 4 2 2 1 3 0 1 1 0 0 
0 2 1 1 2 2 5 4 4 5 2 3 5 1 2 2 4 6 3 0 2 2 2 0 0 
0 0 0 1 2 2 2 6 3 5 3 8 7 8 6 5 1 4 6 4 5 0 2 0 0 
0 3 4 3 7 5 2 7 7 5 7 3 8 4 11 8 2 6 1 2 2 3 4 2 1 
0 1 3 3 4 3 6 8 7 7 9 7 4 7 6 4 7 1 4 7 6 4 2 1 1 
0 1 3 1 8 1 13 5 4 7 7 9 12 5 8 11 11 3 13 4 0 7 1 5 2 
0 3 1 3 9 5 9 13 4 10 12 12 19 16 11 13 9 14 10 8 8 7 1 1 1 
1 6 4 4 5 6 9 9 10 24 13 13 16 9 15 10 15 15 6 11 7 3 4 1 0 
2 2 4 11 6 7 10 13 15 16 13 9 19 7 22 15 13 9 9 9 5 7 8 5 1 
2 1 7 4 12 11 16 12 19 13 16 19 12 19 11 11 11 11 13 5 9 9 5 2 1 
4 4 9 9 15 21 14 19 17 7 24 20 16 23 21 11 12 12 11 8 4 12 9 3 2 
1 2 5 8 8 14 18 17 14 22 22 22 15 19 17 28 14 16 18 16 8 13 8 6 1 
0 4 5 12 13 13 8 16 27 19 13 22 23 18 20 16 22 18 21 14 12 16 5 3 2 
3 11 12 11 7 14 15 28 17 22 25 27 25 27 22 14 25 18 20 18 13 8 10 5 0 
2 3 9 8 9 22 13 21 26 28 26 31 31 29 21 22 21 29 20 20 9 8 9 4 4 
0 0 1 1 2 2 1 1 4 1 1 2 0 1 1 2 2 1 0 0 0 1 1 1 0 
1 1 0 2 0 3 1 2 2 2 2 4 5 1 5 4 5 5 3 1 1 3 1 1 0 
0 1 0 2 3 3 4 5 5 5 9 2 5 4 5 2 4 6 3 2 2 4 1 2 0 
0 0 2 4 4 3 4 2 7 6 8 2 3 3 3 10 5 9 3 9 1 2 1 0 1 
3 0 3 5 4 8 4 8 0 12 11 11 9 7 8 6 5 6 4 7 1 3 2 1 1 
1 3 2 6 6 4 5 3 13 10 12 4 10 3 7 5 7 4 5 4 2 2 1 2 1 
0 3 0 4 9 6 13 7 8 5 5 6 18 8 6 4 10 11 11 9 13 9 6 1 0 
2 3 6 6 9 9 8 7 10 16 3 7 12 9 13 14 13 12 11 10 6 6 4 1 0 
1 1 4 9 6 7 6 8 5 15 16 23 14 21 16 25 13 11 12 7 6 4 2 1 0 
1 3 4 7 8 9 11 20 20 17 21 14 18 13 14 23 19 16 9 10 3 7 4 3 2 
2 3 3 13 18 12 22 17 15 18 19 20 20 23 17 19 14 14 6 11 6 7 7 2 3 
0 5 15 15 11 17 21 23 16 20 21 26 18 25 18 18 17 20 16 12 10 5 4 5 1 
0 4 4 10 14 14 24 25 20 19 25 23 19 25 21 23 14 15 19 16 15 7 5 3 0 
0 2 9 4 14 16 17 19 22 26 27 27 35 20 24 26 20 23 26 10 17 12 9 4 3 
3 4 7 8 11 20 23 22 24 25 35 29 38 23 35 25 28 21 24 26 15 13 9 7 1 
3 6 10 10 13 21 20 29 31 22 40 36 24 41 30 18 26 22 21 20 19 7 6 4 4 
0 0 0 0 0 2 0 2 0 0 1 0 3 2 1 2 1 1 1 3 1 1 0 4 0 
0 0 4 1 1 1 1 3 3 4 6 5 8 2 4 2 3 4 2 2 3 1 1 0 0 
0 2 1 1 2 2 6 4 6 1 3 7 8 4 9 3 4 1 3 5 4 3 5 1 0 
0 2 1 4 8 5 6 8 6 5 9 7 5 7 12 5 15 7 4 3 4 10 0 1 1 
0 2 7 2 5 6 3 8 10 13 12 10 8 9 11 13 12 6 7 6 2 7 2 1 0 
6 3 5 3 5 4 12 9 6 11 11 9 7 12 20 8 11 11 2 7 4 3 1 4 1 
0 2 4 7 3 14 13 17 6 17 13 16 12 8 8 13 8 20 8 12 12 3 4 5 1 
0 6 6 7 9 22 13 23 4 14 14 19 9 5 16 17 22 22 5 7 9 8 3 3 1 
2 1 15 5 11 13 10 7 10 13 15 11 27 30 24 14 25 16 13 17 11 9 5 1 2 
1 2 6 10 3 16 16 22 17 29 20 21 33 20 18 18 10 11 21 13 17 6 3 2 1 
3 3 6 15 10 29 22 22 27 36 21 27 29 19 29 19 24 22 18 13 10 8 9 3 0 
1 9 9 15 7 30 27 24 22 26 30 23 30 26 20 31 26 20 19 15 11 12 8 3 1 
1 5 11 14 23 14 13 24 29 29 31 35 26 17 33 38 18 32 25 15 19 11 11 4 1 
2 5 8 23 19 27 29 25 24 19 39 27 34 28 20 36 31 19 21 33 15 17 12 10 3 
3 3 10 17 19 22 33 37 31 30 39 44 29 30 33 34 51 28 20 17 17 8 10 8 0 
1 10 8 7 24 32 23 52 24 25 34 43 45 38 42 46 40 35 31 24 22 10 20 8 0 
0 0 1 0 2 0 3 0 0 4 4 0 1 1 3 1 1 1 1 3 1 1 0 0 0 
1 0 1 2 0 5 3 6 6 5 4 4 9 3 7 5 4 3 2 2 0 2 2 1 1 
0 0 2 0 4 2 4 5 4 10 5 5 4 7 6 11 7 8 4 6 3 2 3 0 0 
0 0 4 7 2 8 7 9 7 13 10 10 7 16 13 7 10 5 11 3 6 7 2 4 0 
1 4 1 6 4 9 6 5 7 10 13 12 10 10 12 14 11 12 8 6 4 6 4 5 1 
0 1 2 6 11 13 19 16 12 13 18 10 9 12 10 13 8 17 13 6 4 10 4 2 0 
2 5 4 4 4 13 11 14 16 12 4 15 10 3 14 21 18 15 11 13 9 9 4 2 1 
0 3 4 12 17 11 16 12 8 18 15 29 16 23 33 22 16 18 10 10 14 7 8 3 1 
1 7 9 5 13 18 16 18 15 21 33 22 23 18 18 22 25 8 14 10 9 12 7 0 1 
6 6 10 8 18 20 31 29 20 20 25 32 31 26 22 18 24 21 19 17 16 11 3 4 2 
0 4 13 18 11 28 19 26 22 33 30 30 26 22 20 19 24 29 15 9 14 8 7 0 1 
2 6 10 15 15 14 24 28 30 27 26 18 35 29 36 31 35 24 19 24 18 16 12 6 4 
3 5 14 14 18 18 34 16 26 33 44 36 32 28 34 25 36 32 22 18 15 12 18 5 6 
1 5 14 15 24 30 25 26 42 22 34 35 35 31 37 31 38 25 30 29 22 11 12 7 2 
2 5 12 22 13 35 38 37 36 36 45 35 47 34 53 44 39 38 27 31 28 21 17 2 3 
2 5 14 24 21 28 50 27 46 37 53 53 42 50 42 39 43 36 37 38 28 24 12 9 1 
0 0 1 2 1 0 1 5 0 0 3 0 2 3 2 5 2 0 2 1 0 0 0 0 1 
0 1 1 1 5 11 7 6 4 2 5 4 10 7 6 4 12 10 5 12 5 1 0 1 0 
0 0 4 4 6 7 4 5 5 5 5 8 19 6 5 5 9 8 9 4 0 5 3 0 2 
3 1 7 6 13 8 14 12 6 12 8 6 16 12 11 14 12 7 5 9 11 2 3 1 1 
1 0 8 4 13 6 5 17 9 15 11 16 15 16 11 11 13 13 9 6 3 11 2 2 1 
3 0 7 11 15 10 11 16 20 15 13 18 13 26 19 10 23 12 12 8 6 3 3 5 1 
1 3 7 9 12 16 19 19 21 17 20 27 20 23 10 22 19 21 15 12 7 5 6 4 0 
2 4 8 13 12 20 10 21 31 32 22 28 25 23 22 19 23 11 18 14 14 17 9 6 2 
2 5 8 10 15 23 19 14 24 30 27 31 23 29 23 22 25 21 19 18 16 11 6 1 1 
1 4 9 10 17 32 27 24 25 24 36 38 30 29 29 34 22 18 18 19 13 10 13 6 5 
4 5 6 13 22 13 25 30 28 29 42 36 30 33 31 34 33 26 22 27 18 10 12 4 1 
0 12 13 16 25 21 31 39 32 35 45 46 40 46 45 46 30 34 34 31 17 17 16 5 1 
4 9 23 17 22 22 29 45 31 49 43 52 39 40 43 37 39 46 26 28 31 17 12 5 1 
1 5 14 16 28 32 36 46 46 39 50 24 50 42 52 44 46 35 30 29 30 22 12 8 3 
6 15 15 21 36 32 34 48 47 51 56 48 58 57 50 51 48 31 36 33 27 20 14 10 0 
1 17 12 27 43 48 44 44 61 58 55 49 65 72 56 50 45 43 43 31 41 28 14 8 7 
0 0 1 1 2 3 1 0 4 6 2 1 2 2 5 1 3 1 1 3 1 1 1 0 0 
0 1 6 3 3 7 4 7 5 3 4 11 12 10 8 8 3 5 7 5 7 6 0 3 1 
1 0 4 4 8 7 4 8 8 11 11 4 8 7 10 8 7 9 7 7 6 1 1 2 0 
1 4 3 5 6 11 14 7 9 19 10 15 21 11 4 14 10 11 5 7 7 11 3 0 1 
2 2 4 5 8 10 15 13 15 8 6 10 20 15 13 11 10 12 14 7 5 8 7 5 3 
0 2 7 8 14 12 8 12 20 22 12 25 12 14 17 17 13 19 19 9 11 11 6 4 0 
4 4 11 14 11 14 20 20 20 26 27 31 23 20 30 13 17 17 25 12 9 2 12 2 1 
1 3 8 6 12 13 17 19 16 33 28 21 27 18 33 28 22 20 14 6 13 7 8 3 2 
1 7 8 16 21 22 17 32 25 22 33 31 31 36 40 35 23 18 26 19 11 12 6 4 0 
5 12 15 12 26 17 22 32 23 35 37 38 29 25 38 28 23 24 19 26 24 19 7 8 8 
1 10 11 14 27 29 28 41 45 30 40 39 39 31 45 37 26 37 31 26 28 15 18 9 3 
2 12 5 17 20 19 40 38 38 45 30 53 41 52 41 35 42 31 35 27 28 20 19 5 3 
3 6 10 15 27 30 28 44 49 48 49 39 33 41 36 45 32 41 28 33 22 18 11 5 1 
1 7 25 30 32 39 30 45 45 37 46 60 43 52 54 54 53 49 44 28 25 20 13 6 5 
10 12 18 23 37 38 49 50 48 54 55 43 66 63 59 71 55 38 44 34 39 33 22 13 10 
3 15 24 43 41 35 41 52 57 64 61 41 63 64 62 61 44 47 33 46 36 26 13 9 7 
0 0 1 1 4 3 2 2 2 9 7 10 9 6 3 2 4 4 2 6 4 3 3 1 0 
1 3 4 5 2 7 10 15 11 14 4 12 7 18 7 9 10 7 8 6 6 9 4 0 0 
1 1 3 6 2 12 21 15 10 22 17 21 9 10 16 16 13 9 8 8 3 5 5 2 1 
1 3 4 14 7 12 17 16 20 10 11 15 15 18 24 30 17 7 14 6 5 5 3 4 0 
2 2 11 7 12 12 11 16 18 28 25 24 25 29 17 13 15 18 8 13 6 21 8 4 1 
2 8 16 10 16 25 28 24 22 31 17 36 27 32 29 22 26 26 29 14 9 9 10 4 1 
0 10 7 12 17 27 28 28 26 35 46 25 32 39 42 36 33 30 26 20 17 13 13 4 2 
1 11 7 9 16 21 23 36 36 38 41 37 38 39 33 35 32 18 35 17 21 18 9 5 2 
1 6 10 16 20 32 36 49 45 35 40 38 39 52 34 45 38 32 37 32 14 21 14 3 0 
3 11 26 8 33 48 41 39 47 45 60 63 51 47 49 47 45 48 26 34 24 15 9 11 2 
5 12 15 24 40 27 53 35 61 55 58 55 52 51 50 73 61 51 45 31 15 30 17 7 2 
5 11 25 24 47 24 48 55 49 40 57 62 79 70 58 53 57 43 38 35 26 33 14 12 6 
3 14 28 27 47 57 63 57 73 79 68 79 69 75 85 66 62 48 51 47 39 19 18 15 2 
1 13 24 29 33 61 60 81 67 87 88 78 85 74 98 71 70 72 49 62 32 37 21 17 9 
2 18 18 28 42 58 65 71 97 81 98 82 91 87 81 69 62 59 52 59 34 32 17 11 4 
3 19 36 37 44 58 72 77 112 95 87 65 103 93 85 79 87 66 60 60 44 29 25 23 8 
0 0 2 3 1 3 3 10 14 10 6 5 5 7 5 7 4 5 7 4 5 2 4 1 0 
0 7 2 9 8 12 3 25 12 14 16 12 12 14 17 13 14 16 8 6 3 8 8 1 2 
3 6 8 6 11 16 14 18 20 10 18 23 21 27 23 19 22 13 16 13 10 9 7 4 1 
1 3 6 10 12 17 21 17 19 21 19 21 29 32 25 23 20 29 15 12 15 13 8 4 1 
1 4 15 20 12 23 28 36 29 21 41 25 33 34 36 29 38 28 30 19 18 16 9 8 2 
1 9 10 19 24 33 32 38 42 33 62 44 47 33 35 30 49 39 28 22 20 18 12 5 4 
2 14 14 17 32 32 36 38 48 55 39 47 38 53 35 58 38 37 31 29 27 22 17 3 2 
3 11 19 14 36 46 37 39 39 51 56 57 57 63 48 61 48 49 29 30 25 26 21 11 5 
4 13 28 29 43 49 55 42 63 58 55 71 60 55 67 44 53 54 41 49 30 22 16 10 1 
7 13 16 35 42 50 60 64 73 74 89 78 76 80 61 58 68 64 51 51 31 29 16 10 3 
5 19 39 34 43 57 73 60 72 77 87 99 88 70 84 78 66 66 53 47 45 39 25 10 3 
2 16 30 39 44 63 72 56 89 84 86 103 97 95 86 77 68 69 55 55 53 30 27 13 8 
10 17 29 48 53 72 74 81 93 104 106 91 94 90 112 88 88 86 70 62 51 41 31 12 4 
2 22 32 38 79 75 84 91 92 95 125 117 111 112 99 95 97 76 68 82 59 40 35 22 8 
4 24 46 58 56 69 89 98 130 123 128 134 157 126 122 112 90 90 82 66 67 57 35 22 3 
5 20 40 59 68 89 95 108 102 123 142 104 123 135 118 112 100 95 96 93 67 59 39 20 8 
0 1 3 4 4 8 7 2 3 6 4 6 8 10 11 3 5 3 0 2 5 5 2 2 0 
0 5 4 5 11 10 16 14 11 21 15 16 17 22 13 9 18 10 9 10 6 7 7 4 1 
1 5 5 7 9 19 19 19 19 22 23 26 30 19 22 24 22 23 16 16 15 12 8 4 0 
2 5 11 12 20 28 17 30 31 32 34 25 31 18 28 21 22 13 23 22 18 8 15 5 3 
4 11 16 12 18 17 36 32 33 38 40 38 42 37 29 37 38 38 29 25 22 17 11 12 2 
4 11 16 13 26 29 27 29 49 43 37 51 49 40 51 45 32 27 42 24 21 15 16 7 6 
4 17 16 22 28 35 35 41 48 60 61 58 52 38 45 50 53 42 44 38 22 20 19 7 4 
0 18 19 30 30 43 50 51 45 63 70 74 56 62 64 50 49 37 33 47 31 26 19 11 3 
5 20 29 40 46 42 60 61 56 61 67 56 78 70 60 54 61 54 56 41 28 22 17 8 1 
5 17 24 32 52 41 67 67 78 74 83 83 81 74 67 64 80 56 59 56 46 35 32 12 4 
11 22 28 38 59 61 65 59 88 87 98 78 92 81 85 66 85 52 74 59 52 33 22 23 5 
5 17 39 44 51 62 67 71 80 90 80 104 94 88 118 92 84 68 80 60 52 39 18 14 4 
5 24 38 47 72 75 99 74 94 93 117 124 122 108 110 74 91 61 61 64 48 49 26 15 5 
4 20 38 51 83 74 93 100 128 123 114 108 124 117 102 132 117 82 74 73 48 47 32 21 3 
5 37 35 56 73 87 93 98 121 114 117 145 138 113 118 145 102 125 88 72 64 64 41 23 8 
9 27 48 81 80 74 97 127 119 117 149 114 143 125 117 114 113 92 86 93 70 46 36 17 6 
0 3 3 1 4 4 1 7 2 12 11 2 11 11 12 8 6 7 6 2 6 3 1 1 1 
0 2 6 7 17 8 11 22 26 19 18 19 20 22 20 16 27 12 15 8 15 7 6 5 1 
0 6 3 11 17 17 26 20 21 28 33 30 32 25 28 29 27 23 26 15 11 8 7 10 0 
6 8 16 10 18 32 25 35 35 35 34 27 36 35 39 29 23 31 29 25 19 15 11 5 1 
0 14 14 20 38 22 32 40 31 40 35 38 36 27 25 35 32 31 25 38 19 27 7 9 1 
4 9 19 25 23 38 46 40 46 43 47 65 49 53 54 31 47 43 31 23 18 25 21 12 2 
5 10 19 26 37 31 44 35 46 68 53 52 68 48 64 46 55 44 46 38 24 26 27 4 4 
5 15 25 44 47 46 45 68 64 69 59 78 79 70 75 68 63 49 45 52 44 32 29 13 4 
3 17 26 49 41 57 46 65 69 93 72 76 69 82 73 73 68 66 59 46 40 26 23 10 6 
4 17 35 33 46 57 69 93 89 79 83 74 86 86 80 74 102 81 69 64 34 27 19 12 2 
7 30 28 46 60 75 77 75 92 91 102 108 100 86 99 90 81 79 62 57 51 39 26 15 1 
6 29 38 56 61 74 79 85 93 102 111 120 100 113 105 105 91 79 73 82 64 38 40 30 4 
6 28 50 59 71 90 119 102 102 124 107 147 120 141 113 129 89 102 102 85 63 38 38 30 5 
11 23 26 57 90 97 89 116 130 128 137 154 144 136 122 123 127 116 111 87 71 49 40 14 7 
5 26 42 53 81 95 109 135 132 148 154 145 159 144 143 138 118 120 99 86 78 60 40 21 10 
4 26 53 76 101 111 104 151 138 152 184 157 157 152 145 136 136 115 105 99 80 63 48 35 7 
2 1 4 1 4 8 4 5 7 10 7 12 7 4 8 6 5 11 3 2 4 3 2 0 1 
0 5 10 12 18 18 8 16 20 23 15 14 33 13 17 20 24 25 13 14 9 9 2 2 1 
2 2 10 12 16 16 18 23 22 28 23 25 32 26 20 20 14 18 21 14 11 9 8 3 6 
2 9 12 18 15 25 23 32 30 41 34 33 35 48 27 29 39 22 17 29 18 14 21 5 1 
2 14 9 24 30 26 29 42 39 35 31 31 37 42 57 36 36 29 28 27 31 23 13 9 6 
2 6 17 23 34 25 28 50 44 34 45 43 52 41 45 50 44 36 44 42 27 23 18 10 2 
2 10 21 31 32 42 52 51 47 49 44 55 69 46 56 60 70 37 38 38 36 21 13 19 5 
9 10 17 36 27 46 62 57 59 84 64 86 86 83 64 80 58 49 33 33 38 39 20 17 10 
3 27 31 43 44 48 67 62 86 92 103 105 100 72 90 78 70 77 61 44 39 30 21 13 1 
10 22 33 52 58 67 82 86 76 104 101 94 94 94 109 93 80 82 51 69 48 23 32 21 5 
6 23 42 53 46 63 85 95 97 99 100 111 102 103 103 111 93 94 59 56 59 42 30 21 2 
14 23 36 44 48 73 78 113 122 115 133 113 126 106 101 101 98 95 80 68 56 42 36 23 7 
21 19 49 51 71 108 99 123 125 114 124 134 116 123 132 96 120 99 88 86 54 40 36 25 12 
9 23 37 64 73 98 107 109 117 124 143 131 143 136 124 146 135 88 110 88 44 53 39 24 8 
10 36 48 74 71 103 119 122 149 138 140 159 172 151 156 149 137 127 100 103 78 54 42 25 9 
3 39 46 74 89 114 124 146 137 168 180 164 170 165 164 157 147 124 140 100 83 64 51 45 11 
0 4 1 2 4 8 10 8 14 13 11 9 14 4 12 14 9 7 9 8 2 3 2 3 0 
2 6 12 11 11 14 20 18 20 25 23 25 21 24 35 21 27 26 15 19 17 5 17 6 4 
1 7 11 12 15 32 22 28 36 34 24 42 29 28 42 37 25 20 13 22 11 15 13 7 2 
6 11 9 27 28 29 37 33 37 40 49 43 42 46 34 36 40 36 25 24 22 28 12 9 2 
0 13 19 21 35 44 38 34 52 63 66 62 54 56 41 54 44 41 45 25 26 18 16 9 3 
6 13 21 29 41 49 65 52 54 66 72 55 56 61 68 66 55 58 38 27 30 21 17 13 1 
8 28 23 25 39 54 47 62 68 70 65 74 63 76 82 61 54 53 46 39 38 30 19 17 3 
7 20 24 37 49 53 61 78 81 69 93 86 82 72 75 80 48 63 74 68 59 34 22 16 6 
4 25 41 40 64 64 74 93 73 86 65 71 76 87 88 91 82 80 61 62 38 35 19 22 5 
7 21 35 45 57 83 79 104 91 96 99 103 106 114 121 102 99 88 68 54 53 41 28 28 6 
5 25 38 49 62 67 78 109 100 110 129 127 116 117 110 99 99 99 91 65 68 33 31 25 9 
13 27 43 80 84 87 98 120 143 131 136 147 113 151 137 121 98 118 88 75 71 45 39 31 6 
12 30 45 76 88 109 126 106 125 149 131 146 151 144 146 114 126 93 116 89 72 60 51 23 6 
7 36 44 49 89 102 118 139 167 153 157 167 157 147 168 135 143 139 105 100 80 66 49 23 5 
13 39 47 80 106 122 118 129 163 140 187 179 186 167 189 161 134 134 149 104 98 82 60 28 15 
17 48 51 88 103 137 138 138 187 170 183 200 198 185 178 166 146 138 124 112 100 76 61 30 11 
0 3 8 5 11 8 11 15 17 8 16 19 13 14 9 21 11 12 8 10 7 8 4 0 1 
3 10 9 15 17 26 35 33 22 29 32 33 31 41 38 31 28 37 30 15 24 17 11 9 2 
3 15 9 19 23 27 26 42 37 52 47 48 56 49 41 43 42 40 32 24 24 27 9 12 2 
1 11 17 33 29 40 48 46 68 58 67 64 61 64 68 53 48 47 54 50 34 24 20 7 6 
2 19 34 36 38 52 55 80 66 63 67 68 74 77 67 77 78 50 53 34 37 31 27 13 6 
3 16 34 42 55 66 73 87 82 75 74 82 85 80 90 85 51 82 52 66 41 30 25 15 5 
9 26 32 45 58 74 93 90 97 91 107 111 109 119 74 81 103 86 66 57 58 54 35 13 10 
10 24 45 75 77 88 101 98 105 114 128 131 135 130 137 99 112 103 99 72 65 46 33 17 7 
10 27 47 54 72 90 99 96 135 150 137 141 142 132 137 134 109 109 95 72 73 47 57 23 5 
16 41 54 78 88 120 109 143 159 149 182 187 143 168 147 144 137 135 97 114 92 73 55 35 8 
12 28 49 79 102 131 125 154 153 150 179 173 188 162 188 163 152 130 133 98 108 65 57 24 7 
15 40 66 108 104 118 149 182 184 183 202 196 197 170 179 178 161 171 134 100 99 72 59 29 13 
11 34 81 93 119 137 177 182 186 186 231 232 210 196 191 171 187 149 147 121 112 78 64 38 13 
13 62 71 117 135 177 176 203 201 225 230 217 215 239 226 209 215 167 154 124 114 86 83 38 15 
23 54 86 138 144 178 199 204 233 228 249 252 299 244 258 246 209 203 169 159 133 123 79 47 15 
19 46 97 104 145 180 208 214 242 276 279 245 269 253 268 245 209 215 194 139 132 105 82 55 22 
0 6 3 8 11 5 16 19 30 13 14 12 11 16 10 10 12 8 10 4 7 10 3 0 0 
2 5 12 14 14 19 28 32 34 32 42 33 36 26 18 34 34 31 30 25 22 17 8 10 3 
2 11 19 24 29 30 27 35 47 54 60 46 68 55 44 54 53 44 38 27 23 28 21 13 2 
8 14 29 40 45 30 42 62 56 81 71 70 63 63 61 64 63 54 44 25 31 23 22 18 2 
8 13 28 27 38 47 47 82 69 73 77 68 81 78 69 72 78 75 60 55 49 35 23 15 1 
1 20 37 48 63 73 80 80 76 87 106 118 102 94 97 88 90 67 69 63 56 47 32 16 10 
9 24 33 43 67 81 87 94 105 113 104 115 114 119 104 101 101 97 84 87 67 65 30 29 3 
11 41 40 59 65 104 96 105 131 132 122 122 151 136 133 139 109 105 90 99 76 60 35 20 5 
8 40 50 73 105 106 118 135 140 170 161 174 146 164 144 142 146 124 137 118 80 59 31 30 11 
8 40 62 83 109 119 143 148 159 166 168 144 200 190 177 152 179 154 109 119 104 73 42 31 15 
18 39 81 101 117 146 153 159 200 199 189 202 224 191 163 184 150 148 133 132 117 93 50 47 11 
14 42 77 118 131 140 190 165 196 225 204 206 204 207 196 212 166 153 148 127 117 81 61 34 16 
9 39 77 124 156 176 191 212 192 242 200 246 227 222 243 213 203 159 120 161 126 122 67 55 23 
23 45 96 121 154 186 189 213 223 234 237 254 255 219 265 212 198 198 179 138 133 107 69 38 12 
28 49 102 151 168 160 195 265 267 240 307 253 300 274 262 274 252 235 207 167 134 118 81 40 17 
21 67 100 154 175 192 227 257 282 284 297 322 297 306 289 265 263 229 222 168 150 129 65 56 16 
3 4 7 5 12 13 10 15 22 21 17 13 19 14 21 20 16 9 18 14 9 6 4 1 1 
2 9 14 24 28 26 36 38 39 50 48 38 41 53 39 41 31 23 29 23 17 15 16 7 3 
4 16 26 32 32 44 38 51 54 65 76 66 59 51 49 72 40 45 40 35 31 30 16 6 4 
2 16 17 36 43 50 62 63 78 83 76 87 84 81 77 73 71 72 52 45 46 38 25 15 7 
8 24 27 38 49 59 59 84 100 89 104 97 89 85 103 97 67 84 61 61 40 26 30 23 5 
3 21 36 51 47 84 78 99 106 97 134 113 105 122 120 124 99 82 76 67 54 49 35 25 4 
9 26 40 60 68 98 115 119 115 125 161 130 133 149 110 124 101 84 119 88 59 55 43 20 7 
6 27 57 68 99 101 130 145 137 142 152 152 138 145 141 136 135 128 111 101 66 75 44 28 13 
15 43 60 85 99 128 156 151 176 161 167 169 166 156 178 151 154 136 126 97 80 54 51 32 13 
12 49 55 90 116 117 136 156 177 179 180 199 205 210 198 170 179 163 137 118 107 78 67 26 10 
13 53 78 103 146 141 183 178 196 215 209 202 205 245 206 207 158 161 166 130 121 87 71 35 10 
14 52 77 109 138 179 178 183 243 258 240 261 264 245 235 198 210 202 174 146 113 98 70 48 9 
22 57 103 113 151 184 220 218 244 285 284 292 271 292 251 237 255 211 175 183 136 103 79 55 15 
27 53 82 128 166 204 192 248 256 290 298 307 288 283 262 265 240 235 233 173 153 117 81 54 25 
16 70 101 146 202 205 252 254 283 324 298 334 313 318 273 296 299 263 223 198 171 104 94 40 19 
20 71 111 148 205 200 302 272 290 326 341 320 341 360 338 310 280 242 232 225 188 156 94 56 20 
1 6 5 5 12 20 21 17 6 21 18 19 24 30 20 23 17 16 10 8 12 6 4 4 1 
2 6 19 28 36 45 40 51 45 48 46 49 51 47 48 45 39 47 27 26 23 22 12 7 7 
2 11 25 38 51 51 51 55 50 76 68 76 68 72 65 53 61 53 48 41 36 24 19 22 4 
9 13 36 48 55 77 61 80 82 89 95 95 78 86 102 73 75 81 62 41 46 31 43 14 11 
8 14 33 53 66 65 87 94 84 96 117 83 123 107 108 101 87 89 78 63 51 62 29 24 3 
5 26 44 45 74 85 104 106 137 105 118 124 129 117 141 118 102 80 85 90 84 61 51 26 13 
15 25 48 69 96 110 124 133 125 152 159 154 137 132 140 158 137 119 130 100 81 76 50 24 6 
20 39 57 65 109 116 135 144 172 147 146 181 167 172 176 161 128 143 133 122 106 68 60 28 9 
19 52 69 94 115 143 170 174 170 189 235 226 210 181 210 197 167 141 137 126 100 70 59 37 6 
18 45 96 120 118 144 160 198 196 217 243 232 230 226 202 215 192 188 163 153 120 74 61 43 16 
26 55 114 125 170 166 198 216 236 235 233 271 237 232 223 228 214 199 158 148 115 102 81 37 12 
17 53 103 146 189 177 221 233 271 252 301 303 295 262 304 225 223 213 173 158 133 118 86 40 15 
21 73 87 140 155 231 243 257 259 279 299 307 315 297 296 264 253 225 194 181 160 111 75 54 23 
16 66 107 158 197 233 255 261 337 307 331 376 304 334 313 279 279 246 206 198 165 119 101 44 21 
27 75 107 154 187 264 266 270 322 356 328 369 352 335 330 300 321 281 261 223 179 137 121 55 21 
17 83 127 165 211 223 291 316 360 362 393 409 412 341 345 358 331 313 271 227 203 152 109 78 15 
1 8 5 15 12 20 15 22 32 17 17 29 26 23 21 23 21 20 16 21 15 11 8 5 1 
2 10 16 29 32 35 35 42 52 62 66 58 72 49 74 53 63 58 38 32 31 18 25 10 4 
2 15 26 34 49 44 74 63 89 85 85 91 88 81 71 57 80 76 56 59 35 30 19 20 5 
7 16 28 53 46 77 61 89 106 110 102 112 101 114 108 95 88 69 75 74 34 43 28 22 6 
8 32 26 67 82 92 95 125 121 117 117 125 116 112 118 115 97 94 84 80 59 42 35 26 7 
8 33 60 59 94 95 112 128 139 132 156 145 141 142 157 132 129 126 98 84 75 71 46 22 3 
12 44 49 87 117 150 139 156 161 164 164 178 190 136 169 148 141 127 108 95 80 74 47 44 6 
20 38 50 104 113 128 148 172 150 199 185 201 205 200 175 179 206 161 142 107 89 100 61 35 11 
20 43 78 104 123 176 173 212 184 207 201 219 213 231 200 199 191 181 153 127 119 80 65 37 16 
21 43 97 116 147 162 204 197 235 244 244 243 241 270 242 234 217 205 189 134 139 116 82 37 8 
16 58 101 108 147 195 229 209 281 269 271 262 315 282 256 258 219 189 197 153 136 100 90 52 20 
25 71 112 135 181 238 238 274 286 317 312 323 315 309 295 270 270 233 214 194 136 123 83 51 19 
24 74 124 134 202 226 264 295 282 346 315 330 333 330 290 306 276 270 236 190 175 136 109 58 24 
27 72 137 176 195 261 271 308 319 372 343 352 354 364 355 316 327 285 235 234 178 125 96 63 20 
17 71 123 186 217 242 296 325 344 393 384 401 364 400 389 326 310 300 258 262 203 147 110 70 26 
36 100 149 195 240 301 331 363 392 384 401 408 420 368 409 362 378 307 307 243 224 174 120 61 26 
1 4 10 11 21 16 16 31 32 21 26 26 28 27 26 28 21 18 16 12 11 13 9 4 1 
2 13 22 31 26 49 58 55 53 68 67 72 66 58 63 68 60 53 46 43 34 16 12 18 4 
2 17 28 39 59 70 70 76 94 133 114 98 115 100 87 80 95 72 59 63 48 34 27 25 7 
8 35 32 56 70 74 83 105 125 119 114 149 96 129 116 115 102 98 97 87 61 68 25 23 9 
12 38 58 64 79 100 112 139 130 163 161 161 150 151 141 156 135 111 127 104 85 63 49 22 7 
11 37 47 68 120 109 142 149 157 176 181 193 179 158 170 154 166 148 125 98 90 66 46 42 9 
16 30 65 97 111 135 177 194 176 227 195 212 218 191 231 176 169 152 134 135 110 84 54 42 9 
26 43 84 125 157 182 199 187 204 236 226 237 234 220 233 221 223 170 187 135 129 117 77 47 16 
25 50 102 132 194 193 216 261 245 245 284 292 249 263 269 286 202 254 190 163 127 94 97 57 15 
17 65 109 138 182 214 204 271 304 274 312 289 302 274 277 295 261 250 225 186 156 115 99 48 19 
28 64 112 153 189 207 269 291 312 292 380 346 384 356 319 287 295 266 234 221 176 122 106 44 28 
23 88 135 183 253 290 295 324 323 373 393 374 373 374 381 344 327 300 265 225 215 150 99 58 16 
34 101 143 184 227 287 321 345 398 401 387 448 392 426 432 346 342 321 276 245 217 162 114 62 28 
30 97 155 213 260 322 341 394 435 435 399 495 431 442 406 424 371 347 317 258 243 177 143 85 35 
33 106 139 228 274 365 382 385 477 453 495 486 487 498 440 445 428 381 334 296 235 172 146 82 37 
37 109 169 272 288 344 416 430 437 538 495 508 512 482 518 456 431 417 371 324 280 177 152 75 25 
1 5 7 7 23 24 26 25 22 27 38 30 32 34 26 25 30 13 19 24 10 11 14 2 3 
3 19 24 29 47 58 49 71 60 50 73 87 74 62 71 75 73 57 44 40 33 37 21 7 1 
6 28 24 54 49 83 79 103 87 120 104 131 89 96 98 89 88 99 62 57 50 39 36 20 3 
10 27 37 70 81 92 79 111 139 104 108 146 132 138 121 113 124 95 77 68 78 49 46 13 7 
12 29 57 61 103 114 111 116 158 158 154 175 169 160 153 162 159 138 120 89 91 57 52 33 12 
6 43 55 68 123 122 142 181 194 182 161 165 195 196 199 174 157 146 153 97 98 75 59 31 11 
7 51 73 97 131 164 153 185 221 187 180 221 253 241 246 202 205 149 157 145 112 64 79 38 14 
15 65 83 103 145 214 230 255 245 272 231 263 228 245 246 261 228 219 169 144 130 109 67 42 17 
17 54 107 133 197 185 230 279 271 251 285 300 303 282 236 263 244 201 174 187 123 100 79 53 14 
26 80 112 120 221 197 240 286 310 324 361 358 357 331 314 271 274 232 222 187 174 122 95 68 14 
24 77 131 190 210 273 319 288 304 391 380 382 368 337 333 312 301 290 223 217 188 131 93 58 24 
30 93 117 172 215 252 305 319 360 380 419 401 373 383 372 338 341 318 253 236 218 161 103 65 28 
26 83 136 198 243 292 364 330 391 393 420 428 380 406 396 397 389 335 259 267 213 175 147 84 22 
27 101 145 212 268 314 354 383 428 423 433 466 473 478 426 419 364 398 325 275 212 191 142 94 34 
38 110 170 245 275 338 399 437 441 481 483 535 498 511 489 453 445 386 341 318 270 209 149 98 35 
39 100 155 246 306 316 450 432 469 538 539 473 532 591 504 488 439 427 410 325 272 207 156 101 31 
1 13 13 17 13 27 28 21 38 30 42 40 47 36 26 29 34 25 22 28 13 15 12 0 1 
5 25 38 43 65 56 77 90 99 101 111 87 96 89 98 97 85 84 68 57 45 34 32 18 7 
7 21 41 59 63 101 111 118 114 111 120 140 136 128 133 102 102 100 96 78 55 58 40 19 5 
5 29 50 79 95 80 114 132 156 140 136 169 157 175 152 151 132 130 115 95 86 68 46 24 11 
26 27 56 86 123 154 172 166 182 193 202 201 221 203 205 200 183 175 141 129 108 79 45 21 13 
7 46 71 110 149 156 172 218 228 217 240 212 256 218 220 232 182 195 160 131 123 94 70 40 16 
20 60 92 136 160 185 240 262 278 264 302 301 264 281 276 235 231 188 168 139 139 128 76 44 13 
16 65 113 145 193 224 251 262 281 299 369 320 307 283 303 296 267 255 239 184 165 115 93 69 19 
21 85 119 167 222 262 289 320 323 342 371 377 344 337 340 346 314 261 248 196 183 160 93 61 29 
25 60 145 180 229 254 317 354 336 361 386 396 415 376 360 368 372 305 281 247 193 181 115 64 26 
36 88 162 195 228 274 370 396 393 424 482 467 433 439 443 387 321 358 319 228 201 170 123 73 27 
24 106 182 215 296 333 409 401 453 443 489 440 506 466 491 414 395 373 365 305 224 188 138 84 22 
44 118 167 269 305 360 427 462 495 524 550 527 499 526 513 452 437 449 388 298 272 203 140 87 25 
55 106 220 269 345 392 396 471 568 536 520 621 589 588 559 536 453 437 381 327 325 216 175 103 43 
39 126 211 250 335 444 486 522 573 624 619 623 610 573 596 592 513 491 438 346 340 257 199 111 41 
40 129 225 290 393 479 521 551 624 605 634 707 659 657 594 590 542 496 488 397 337 249 207 126 24 
2 5 13 16 14 19 18 32 26 42 33 35 38 35 31 24 30 31 27 22 15 15 12 12 0 
4 20 32 33 65 59 89 91 83 86 105 115 110 91 110 63 75 87 80 71 58 41 22 19 8 
9 21 41 76 82 91 103 126 124 111 108 142 119 114 141 126 108 102 98 90 60 58 50 12 7 
5 30 71 73 88 91 127 140 171 158 151 181 161 169 149 133 136 126 105 109 85 62 50 26 10 
15 49 60 78 107 128 163 157 183 184 179 189 219 204 191 183 143 153 141 109 117 76 55 42 9 
22 54 75 137 139 183 189 222 228 214 238 224 209 260 216 189 187 173 152 128 107 93 61 29 14 
22 64 99 158 148 178 204 250 246 259 283 272 302 264 258 257 209 238 192 170 128 141 70 51 13 
16 67 116 142 178 204 253 288 283 318 319 332 310 324 312 281 253 253 211 164 140 133 98 54 23 
28 75 116 174 222 219 260 319 332 341 366 370 349 339 351 337 308 299 234 225 172 132 94 68 17 
25 84 147 156 204 288 306 345 362 391 438 418 439 408 366 378 345 324 275 238 195 148 116 82 18 
29 71 155 229 259 289 359 410 380 487 439 433 442 434 407 410 405 338 295 268 208 172 118 89 24 
33 102 192 184 260 325 391 432 446 475 462 495 395 498 402 424 399 351 350 289 253 190 144 96 20 
43 112 184 232 316 382 425 448 479 479 489 580 553 569 460 476 435 412 356 318 302 195 162 113 33 
44 103 182 260 332 396 458 485 500 593 608 618 565 552 559 558 501 463 390 343 286 239 170 115 42 
49 149 189 282 348 420 486 505 540 597 615 609 611 618 623 583 507 506 431 431 323 228 186 90 51 
44 140 230 299 377 458 513 554 626 656 634 643 652 655 665 603 574 526 477 412 330 268 213 103 43 
2 10 16 19 23 36 30 29 39 52 39 39 42 36 40 37 29 42 25 25 18 21 7 5 3 
10 17 34 59 60 85 81 97 103 95 108 112 123 122 101 119 84 71 79 65 53 37 26 17 10 
10 42 50 71 93 88 98 130 129 169 130 160 136 140 116 121 127 132 101 97 83 58 41 31 12 
19 27 75 89 90 121 165 145 199 168 182 219 162 168 171 133 140 123 128 91 77 81 54 29 7 
16 49 90 95 139 164 199 169 213 204 214 230 194 231 229 199 178 174 158 139 103 107 67 35 18 
15 54 73 127 127 171 175 212 209 253 250 260 259 274 259 241 218 191 155 161 134 76 83 47 11 
21 55 126 157 194 176 222 295 307 308 319 300 321 328 284 252 215 233 213 207 170 110 88 50 19 
37 65 107 170 200 230 276 317 337 348 315 349 329 330 343 298 284 269 226 223 186 112 108 53 24 
24 84 148 179 230 258 324 341 375 393 383 399 413 359 388 350 338 304 283 239 187 162 128 59 20 
40 92 157 192 234 296 301 377 382 401 417 421 418 445 441 365 360 324 325 247 219 169 132 73 26 
33 110 149 263 281 323 367 405 443 458 489 485 472 527 490 447 433 373 384 313 251 202 135 74 23 
37 113 176 266 323 365 434 462 533 506 548 538 553 570 505 520 500 413 372 313 265 200 155 95 31 
35 122 196 251 348 393 436 505 576 604 597 595 588 611 604 581 499 420 400 354 330 216 160 95 33 
39 139 222 286 382 453 513 567 618 631 656 689 662 664 575 548 580 491 412 363 305 251 177 107 33 
54 121 230 340 423 425 590 617 670 696 663 609 658 651 630 612 592 556 486 405 347 243 177 105 33 
41 145 238 355 434 520 568 644 672 706 728 703 744 694 692 649 666 583 490 436 382 282 251 139 46 
2 5 17 15 27 28 45 43 48 47 44 44 39 53 40 33 42 23 27 23 18 20 13 14 2 
9 29 46 58 71 72 92 103 117 120 124 97 121 130 118 108 90 91 75 56 52 47 38 19 5 
12 35 39 67 60 104 100 123 151 102 163 134 174 158 129 131 146 131 113 84 73 51 27 31 7 
19 40 58 74 95 121 157 156 181 169 179 167 186 169 177 166 148 143 131 109 106 76 66 26 9 
22 32 78 87 131 161 191 218 183 228 217 241 226 215 219 189 197 192 151 153 121 83 59 41 9 
23 65 73 118 155 193 226 217 259 275 305 297 249 265 291 263 235 185 172 183 149 110 72 42 13 
21 69 106 142 218 209 215 269 290 315 296 326 322 320 277 287 277 229 222 182 158 143 111 56 27 
29 53 124 180 211 272 282 342 329 332 391 378 366 366 323 343 309 310 281 248 184 146 102 63 18 
22 94 153 216 233 268 338 347 393 400 452 451 395 435 367 353 354 302 265 229 202 157 119 68 20 
31 94 162 222 245 317 350 390 432 433 461 471 475 469 398 408 381 348 344 253 234 207 126 72 20 
29 94 193 256 297 362 430 420 476 467 518 484 502 512 474 454 434 405 361 313 275 197 149 79 26 
53 136 195 253 376 378 425 433 490 548 556 547 551 550 510 448 494 422 399 356 315 227 144 74 36 
41 113 204 278 332 406 470 530 562 578 587 570 598 585 582 575 549 478 405 390 305 251 174 88 37 
38 143 255 294 378 479 529 511 621 600 678 707 634 682 638 580 526 501 458 408 319 283 206 120 30 
40 122 254 355 424 510 543 626 648 702 670 716 700 722 696 633 567 565 513 427 367 289 206 114 58 
47 136 279 341 442 530 611 665 692 750 743 706 719 797 706 640 615 552 516 490 376 299 214 131 28 
6 9 28 32 29 32 53 47 54 59 67 43 68 61 49 49 59 45 36 29 31 20 12 11 8 
13 27 46 73 82 101 122 115 144 159 164 163 156 158 178 138 128 121 113 88 82 61 43 30 12 
13 47 69 87 114 125 168 188 176 187 185 196 196 172 187 166 142 158 119 106 92 78 45 27 15 
16 51 65 131 139 147 215 223 226 264 263 242 249 226 240 218 187 199 188 141 123 109 80 42 13 
22 66 78 119 194 241 221 258 258 288 291 343 326 278 301 269 261 221 184 185 134 132 81 50 13 
30 62 114 173 209 240 255 297 353 377 381 366 376 364 311 339 318 283 223 231 180 144 101 61 19 
36 98 147 181 253 265 316 372 395 411 437 443 399 423 394 391 363 305 303 255 231 168 109 73 23 
29 88 153 218 308 321 362 398 440 460 458 480 448 449 479 421 425 380 334 240 241 166 137 68 28 
36 117 190 256 278 419 468 446 487 495 519 530 506 527 497 470 460 428 348 283 247 205 146 79 28 
38 131 195 300 317 420 456 551 548 514 563 582 628 558 542 490 520 460 446 346 303 250 163 95 39 
42 129 238 322 396 465 532 574 612 715 656 631 630 596 577 621 517 454 415 341 334 266 176 107 41 
49 143 273 335 412 496 585 575 633 628 678 713 724 720 687 625 627 537 492 445 375 264 202 132 42 
52 147 230 355 414 555 614 640 681 764 763 777 766 702 682 750 675 569 512 449 399 326 213 115 49 
59 154 288 369 528 581 631 729 780 764 781 789 847 827 795 698 679 627 577 489 443 343 242 147 53 
60 182 364 414 493 582 710 806 821 836 869 858 848 902 892 798 798 692 602 543 441 354 269 162 46 
62 192 291 483 576 647 729 809 863 949 908 930 919 887 902 810 791 693 662 556 517 376 266 184 62 
4 18 25 19 27 43 51 47 56 52 62 58 57 58 73 50 44 45 37 30 26 20 19 13 10 
11 31 59 67 97 126 133 147 144 158 139 132 140 164 137 146 129 125 110 123 78 79 35 41 13 
14 46 74 94 128 126 142 144 157 191 187 201 194 196 191 196 139 162 124 128 99 71 57 34 11 
20 52 83 149 142 194 205 190 235 278 271 227 257 241 221 232 208 229 211 165 114 130 75 39 11 
17 71 93 126 174 210 246 265 275 265 284 267 302 320 301 281 268 215 214 171 139 137 89 71 23 
26 76 136 181 219 249 273 325 333 319 440 348 337 389 338 344 269 275 267 209 181 144 95 76 14 
45 94 145 212 277 307 322 363 365 420 397 430 441 429 392 381 350 305 298 246 214 168 111 92 19 
29 89 183 241 327 337 404 425 443 479 501 480 527 435 445 427 392 332 346 290 262 169 139 82 25 
34 127 201 252 335 334 427 466 504 569 521 504 595 539 503 487 454 408 333 310 248 230 162 80 32 
59 138 200 284 380 381 480 523 569 619 603 628 607 585 589 558 483 456 398 373 318 222 155 114 29 
44 138 249 279 411 438 520 531 600 676 652 670 710 648 647 531 523 514 442 397 342 265 183 96 36 
55 162 232 353 438 469 607 627 667 713 788 758 780 702 691 643 619 576 476 425 392 275 194 121 47 
47 161 276 382 420 534 592 659 738 784 852 897 809 809 784 723 678 645 574 471 405 280 222 146 56 
59 194 314 402 492 550 630 710 808 843 840 898 909 866 857 790 738 646 570 514 423 340 237 165 53 
54 180 283 444 521 663 758 759 888 902 955 1002 928 895 926 879 796 637 654 526 477 357 245 166 50 
66 186 335 471 564 684 798 865 938 976 981 953 997 990 920 945 829 752 724 594 510 418 267 193 55 
3 16 23 44 56 54 50 82 78 80 75 85 68 65 67 73 78 62 57 61 37 29 16 11 6 
15 33 64 82 112 143 152 159 189 185 197 198 214 207 187 170 136 150 117 112 80 83 70 27 18 
11 58 87 101 157 146 189 237 218 238 234 262 237 234 237 212 168 185 194 157 118 106 70 38 13 
22 81 98 136 190 218 284 274 305 304 351 338 293 284 322 269 253 238 221 187 146 124 86 44 16 
32 80 120 166 240 247 301 296 347 402 414 401 366 363 353 333 311 264 265 243 229 138 111 73 31 
34 89 153 208 256 291 373 360 419 434 453 444 453 492 388 444 393 334 307 245 237 171 119 79 27 
33 130 174 273 287 319 422 475 499 522 493 520 515 486 507 440 441 369 369 335 265 178 138 83 27 
38 129 191 295 339 397 475 481 565 613 634 613 619 618 586 539 488 461 411 339 293 208 159 103 32 
40 135 257 330 389 465 565 583 583 646 621 657 667 646 664 621 593 509 448 379 347 292 199 96 36 
67 156 260 350 420 502 605 653 711 752 770 817 834 746 717 698 646 645 515 432 378 285 190 136 39 
60 167 269 397 509 556 663 715 732 866 892 859 862 852 789 816 711 608 613 482 424 315 232 139 42 
57 173 296 440 537 631 733 798 844 923 979 1044 960 862 872 884 784 680 640 568 459 339 240 165 50 
75 189 361 452 551 728 797 902 903 965 1032 1020 1016 978 935 922 913 773 759 544 497 358 264 168 59 
62 210 379 489 611 755 836 993 959 984 1056 1031 1074 1066 994 929 919 820 779 654 506 402 308 207 45 
79 230 359 517 650 815 911 1021 1051 1137 1141 1128 1155 1134 1080 1003 957 876 801 663 591 406 337 164 71 
79 254 428 555 734 892 1024 1055 1105 1197 1231 1237 1249 1264 1160 1138 1073 977 838 779 638 475 356 195 63 
6 5 33 37 39 54 67 65 97 81 77 76 93 94 76 90 71 100 54 49 37 31 35 14 5 
14 40 74 80 137 155 154 177 219 208 198 188 199 204 232 185 190 181 148 128 120 90 70 42 16 
19 61 107 152 160 203 236 211 217 257 262 287 299 287 291 265 264 219 199 149 141 126 84 52 21 
27 83 122 177 225 253 276 292 329 343 362 366 344 330 307 333 303 280 246 226 146 138 108 56 18 
26 96 140 240 258 319 347 385 416 427 504 437 456 407 355 426 372 306 308 265 244 172 125 77 19 
39 119 180 256 325 380 381 434 494 471 512 486 498 463 509 457 405 424 325 304 255 176 161 97 25 
51 123 219 271 350 420 448 476 511 559 592 549 587 614 593 527 500 456 399 348 310 252 173 93 31 
56 157 219 312 415 516 551 606 636 645 616 630 673 612 593 612 504 503 455 410 346 281 199 119 37 
47 163 265 377 464 518 594 695 686 743 689 704 698 761 758 656 631 566 509 462 361 284 254 156 32 
59 175 268 405 495 604 666 670 725 759 755 766 845 794 815 747 670 617 575 520 402 340 251 160 59 
67 211 340 438 562 641 682 769 877 944 844 874 913 892 828 833 830 690 649 543 465 358 265 156 48 
72 215 372 502 592 675 775 918 968 938 994 953 1073 991 909 912 887 788 710 654 505 385 301 178 54 
70 251 372 546 662 726 823 948 1001 1044 1020 1017 1017 1129 1003 968 967 798 754 659 582 383 338 209 60 
86 295 417 577 686 775 986 994 997 1163 1114 1062 1125 1183 1125 1099 969 851 825 730 634 495 343 218 75 
116 272 428 569 728 932 1053 1101 1174 1260 1187 1216 1196 1231 1183 1098 1063 975 895 721 593 508 403 224 76 
86 284 445 654 854 906 1055 1203 1240 1284 1265 1396 1340 1326 1277 1268 1163 1054 962 823 738 589 404 272 81 
3 18 24 43 47 77 57 91 114 88 84 87 82 86 93 70 81 80 53 49 41 23 24 16 7 
23 39 94 87 141 162 182 199 204 208 232 228 217 237 219 210 203 184 156 127 128 93 63 36 18 
18 57 106 126 177 216 228 258 272 267 286 297 281 305 283 276 237 204 219 183 153 110 98 41 26 
37 84 136 191 217 257 303 300 334 337 323 405 363 345 362 326 329 307 269 254 176 139 100 59 24 
36 79 143 228 273 335 352 391 457 427 481 476 411 454 387 412 356 332 300 266 235 195 130 66 28 
43 97 175 242 320 375 446 428 450 539 557 530 542 513 498 497 468 409 354 323 258 218 153 111 33 
45 138 212 313 358 460 472 516 571 596 611 585 582 623 595 565 526 475 422 380 294 254 169 105 28 
55 157 239 388 415 480 552 602 637 656 735 697 687 676 663 599 573 559 475 420 384 279 218 126 40 
59 157 289 387 463 571 633 710 704 726 805 837 738 801 730 727 661 599 571 474 414 286 226 124 32 
52 192 306 420 520 619 684 771 874 825 841 822 861 876 814 759 724 660 576 511 450 333 288 132 58 
79 214 373 422 570 684 754 844 870 933 919 954 1019 930 877 871 862 745 636 568 474 342 259 180 60 
65 219 384 528 622 741 812 851 997 1025 1066 1034 1085 1051 1085 974 973 825 727 584 535 414 297 205 71 
87 249 412 579 712 796 895 953 1028 1131 1171 1158 1167 1096 1111 1039 949 944 767 706 575 453 337 211 64 
67 253 403 569 694 865 1025 1109 1221 1188 1213 1287 1191 1213 1141 1101 1032 983 842 764 627 496 347 224 81 
97 291 440 579 812 918 1114 1162 1251 1291 1289 1370 1313 1319 1182 1187 1170 1073 918 801 653 508 407 248 79 
104 295 443 674 751 1013 1090 1185 1261 1359 1405 1550 1385 1436 1387 1314 1235 1164 1064 855 768 622 436 238 85 
7 21 31 35 67 82 82 92 94 90 114 108 103 108 112 99 106 78 77 59 62 49 40 18 7 
18 56 100 92 172 183 195 236 237 233 278 274 267 248 260 261 212 190 207 180 154 92 79 40 14 
23 69 130 168 201 250 263 309 324 351 335 354 364 317 336 323 301 264 235 218 167 115 111 63 15 
29 110 148 214 248 315 366 371 385 425 435 407 447 399 399 389 350 329 279 249 220 178 125 81 21 
44 114 190 249 343 410 366 438 481 549 559 532 538 540 511 455 424 404 378 300 292 198 163 79 42 
51 154 232 337 346 449 480 551 580 626 731 657 677 632 599 576 505 519 408 379 312 247 194 105 34 
46 137 260 373 421 515 555 646 735 726 700 715 750 689 691 665 613 536 491 407 354 269 200 128 42 
52 190 275 371 471 545 678 725 749 783 828 868 738 797 735 781 729 644 563 471 406 339 208 153 63 
64 206 326 443 559 637 747 838 880 866 928 1002 934 958 852 874 788 659 586 542 439 337 262 159 61 
76 231 399 479 619 757 806 857 936 998 1093 1056 1051 984 990 911 877 777 726 585 478 416 278 167 59 
68 261 386 536 664 809 938 1002 1047 1094 1136 1157 1143 1144 1078 1019 1001 865 742 681 607 461 328 200 59 
90 253 424 542 724 796 1002 1091 1158 1232 1215 1228 1208 1291 1163 1066 1029 995 833 728 566 461 358 215 85 
113 280 451 611 785 892 1083 1139 1236 1380 1363 1431 1339 1302 1324 1197 1126 1060 954 788 700 518 383 241 82 
112 294 486 622 854 1005 1203 1238 1353 1409 1393 1426 1467 1454 1324 1306 1195 1069 1017 832 756 595 404 230 88 
103 299 549 766 871 1086 1179 1327 1474 1570 1522 1634 1519 1527 1433 1389 1291 1215 1133 856 794 594 439 279 94 
110 378 583 746 952 1114 1323 1389 1498 1527 1591 1625 1691 1617 1618 1537 1396 1301 1101 1021 893 667 453 309 106 
9 26 41 42 58 85 83 92 103 97 106 119 108 117 124 99 100 90 72 68 61 36 27 24 11 
24 61 92 124 173 207 220 238 240 264 255 264 266 278 243 231 222 203 172 198 149 111 78 48 21 
24 67 126 176 214 265 275 319 329 340 387 355 368 356 312 327 261 267 217 196 198 138 104 69 20 
34 104 147 232 272 354 353 359 421 432 411 451 425 443 410 410 333 317 309 275 213 175 124 78 24 
37 89 173 293 304 339 450 498 496 517 509 543 557 539 474 490 457 426 370 329 263 226 156 73 29 
73 123 256 287 380 451 485 553 609 588 591 555 632 568 661 561 533 471 412 354 363 252 169 127 38 
59 154 291 343 390 492 539 651 635 659 677 734 734 687 711 607 598 552 490 439 369 308 204 125 45 
66 186 264 423 483 585 681 728 750 849 868 905 863 741 722 780 681 662 520 512 415 342 238 124 50 
66 198 355 471 572 702 697 853 790 933 945 950 894 878 871 784 735 667 638 541 459 371 283 163 66 
72 204 374 492 580 700 807 828 952 957 1008 1024 1057 1030 962 976 869 871 682 605 534 422 291 165 61 
87 250 408 533 702 770 921 970 1027 1132 1144 1144 1109 1181 1082 998 940 862 774 659 509 515 331 207 73 
87 267 437 629 696 858 945 1062 1115 1242 1308 1273 1285 1296 1263 1074 1034 961 876 736 629 510 345 207 71 
92 280 467 639 820 940 1061 1192 1259 1352 1342 1271 1357 1304 1258 1203 1097 1032 947 794 676 581 403 233 87 
116 329 500 735 796 1040 1119 1206 1424 1427 1430 1447 1495 1454 1325 1228 1245 1102 1004 872 761 584 411 231 100 
103 303 565 719 911 1076 1225 1309 1414 1504 1528 1579 1574 1548 1447 1366 1317 1234 1116 981 791 613 511 279 97 
125 393 627 755 967 1122 1243 1395 1489 1663 1659 1582 1644 1719 1555 1537 1400 1301 1143 1064 838 679 500 286 101 
11 36 53 64 70 80 94 106 132 99 121 124 105 145 124 110 118 107 90 91 66 57 35 26 8 
22 57 130 147 183 223 246 254 251 294 308 275 305 309 274 281 253 229 200 169 162 113 88 55 20 
27 75 150 156 241 262 285 353 370 423 429 430 387 396 384 364 321 316 255 244 208 154 117 68 21 
48 104 180 215 272 386 403 438 482 538 529 500 492 460 523 461 417 377 320 274 277 183 123 104 21 
45 149 199 310 362 419 490 482 565 632 636 547 609 638 595 542 534 485 392 332 301 239 193 103 51 
55 176 255 354 416 498 633 615 638 690 745 740 735 710 701 636 609 576 526 419 370 283 187 123 37 
67 176 321 376 492 608 627 784 796 816 842 810 815 788 815 748 707 621 541 537 402 293 221 123 49 
64 197 316 436 558 678 752 854 849 879 926 969 961 943 810 792 747 711 592 575 457 367 257 163 55 
75 228 362 513 635 744 837 919 946 1039 1091 1079 1083 1046 924 888 836 777 713 615 509 414 286 181 55 
108 261 416 559 731 836 934 958 1096 1179 1180 1189 1144 1151 1117 1017 953 876 822 699 547 448 314 217 85 
85 247 453 615 750 864 968 1047 1185 1256 1256 1241 1252 1327 1214 1168 1073 994 876 770 640 535 349 231 87 
92 290 476 690 786 981 1072 1176 1301 1365 1337 1398 1324 1397 1376 1284 1176 1036 916 735 749 572 386 251 84 
130 310 506 691 915 1005 1174 1276 1416 1448 1457 1541 1512 1461 1411 1334 1293 1145 1084 910 787 602 411 291 87 
107 314 557 756 998 1145 1295 1472 1527 1575 1617 1766 1596 1577 1553 1513 1427 1289 1037 1013 808 673 458 249 99 
151 359 621 841 1034 1175 1345 1504 1582 1654 1794 1738 1776 1728 1708 1591 1570 1401 1309 1090 923 693 516 288 101 
135 399 673 879 1013 1267 1462 1633 1700 1807 1861 2034 1896 1866 1811 1711 1653 1462 1266 1159 924 745 558 365 103 
13 22 40 90 83 96 107 116 143 141 131 147 163 147 164 142 134 118 81 101 80 40 44 20 11 
22 68 123 133 193 245 270 310 309 335 318 347 310 303 368 294 278 282 227 222 182 124 102 79 15 
33 85 163 207 243 363 378 384 405 480 460 449 450 428 427 369 418 326 340 286 229 208 129 81 17 
48 105 205 247 382 471 390 491 510 517 554 599 515 550 527 486 482 383 384 309 260 238 166 100 32 
48 148 249 322 448 488 494 586 620 743 773 714 693 668 621 616 588 542 466 461 366 252 223 122 46 
55 175 322 378 478 553 639 676 756 817 861 869 790 775 736 695 690 601 604 490 396 342 199 145 57 
79 196 328 460 586 655 735 795 840 973 881 987 922 884 852 882 767 689 650 603 453 341 273 185 57 
65 258 381 500 584 761 819 903 1045 1025 1137 1115 1002 1044 1029 991 877 788 720 635 514 425 316 155 72 
80 273 428 614 721 876 963 1020 1057 1090 1236 1265 1193 1138 1108 1028 1005 845 746 715 579 459 353 168 64 
98 312 465 649 827 882 1074 1162 1207 1284 1343 1448 1306 1256 1264 1173 1081 998 898 825 661 545 351 239 72 
110 291 487 746 883 990 1147 1197 1363 1433 1490 1416 1428 1412 1375 1311 1230 1043 992 830 762 573 395 249 90 
130 354 567 762 917 1066 1244 1375 1469 1510 1552 1621 1616 1528 1533 1476 1385 1158 1125 924 854 722 483 319 119 
127 359 592 782 951 1135 1331 1470 1584 1671 1655 1687 1711 1608 1606 1448 1386 1354 1212 1025 877 703 460 308 95 
113 378 635 898 1138 1288 1490 1635 1717 1693 1816 1899 1797 1778 1753 1704 1583 1410 1329 1090 933 719 518 335 104 
149 424 707 946 1170 1278 1583 1681 1787 1869 1952 1920 1971 1955 1867 1762 1625 1447 1406 1239 1007 803 614 398 117 
159 414 741 1041 1222 1483 1652 1797 1951 2026 2061 1992 2110 2100 2012 1997 1797 1602 1483 1264 1068 888 617 413 129 
10 24 39 81 75 127 124 124 125 147 168 175 151 159 140 130 139 117 101 86 76 49 46 30 10 
24 58 151 182 219 244 299 331 350 401 362 401 344 371 311 330 322 292 276 203 188 132 107 66 18 
36 92 172 278 316 359 385 443 434 512 469 494 493 491 486 440 440 351 367 291 227 200 139 69 20 
49 130 217 321 409 455 465 503 574 589 632 610 650 618 615 574 478 490 453 356 313 268 188 106 34 
45 177 264 348 444 506 588 675 674 812 795 812 750 719 714 694 649 556 517 445 379 325 231 149 47 
73 187 301 424 498 629 754 800 832 884 902 865 893 870 797 800 676 650 572 529 428 376 243 148 44 
66 211 354 517 616 727 826 864 935 1010 1051 1084 1047 983 929 972 868 745 630 608 543 407 292 207 56 
56 242 418 574 703 833 991 978 1089 1160 1198 1186 1169 1143 1084 1041 973 903 765 678 580 409 329 179 61 
98 300 492 601 800 872 971 1086 1252 1241 1260 1287 1261 1199 1228 1101 1031 971 902 787 670 495 369 232 74 
113 342 525 690 850 985 1216 1270 1288 1333 1452 1405 1437 1378 1315 1219 1131 1112 944 848 715 556 410 246 84 
104 330 564 815 857 1088 1263 1313 1421 1516 1574 1526 1531 1544 1520 1435 1311 1204 1001 968 754 608 433 292 74 
130 389 603 851 1010 1201 1327 1475 1534 1633 1605 1731 1654 1656 1556 1561 1373 1279 1203 1040 849 690 459 292 105 
117 406 608 871 1125 1303 1348 1549 1752 1782 1827 1794 1797 1811 1663 1761 1569 1432 1233 1117 904 683 492 328 98 
135 431 675 980 1180 1400 1561 1772 1789 1879 1939 1988 2011 1841 1854 1811 1659 1554 1358 1176 977 763 537 339 122 
164 445 713 1002 1251 1478 1627 1869 1870 1969 2147 2120 2154 2007 1926 1823 1775 1679 1478 1257 1074 844 598 368 113 
147 499 763 1044 1344 1597 1773 2013 2097 2155 2278 2170 2258 2159 2100 2080 1916 1808 1574 1349 1152 881 633 373 125 
15 41 66 82 96 125 131 146 143 161 155 176 185 181 165 164 162 126 121 100 81 63 46 30 8 
24 108 162 206 250 309 329 369 399 401 428 417 444 450 434 381 338 329 330 229 204 190 113 95 29 
47 123 203 269 325 417 502 450 532 552 511 526 539 518 520 510 472 456 384 355 263 243 161 110 41 
70 127 237 342 461 548 575 605 635 668 720 694 701 711 636 593 561 562 454 431 344 302 202 123 51 
56 201 302 412 517 580 678 699 778 846 864 908 851 803 824 728 698 630 568 497 414 321 284 154 55 
75 217 354 513 605 720 747 882 951 1039 979 982 1031 956 956 878 805 778 679 587 472 370 269 188 50 
103 258 394 537 738 748 932 1025 1044 1106 1111 1125 1149 1069 1063 1040 980 914 785 663 626 465 343 203 57 
99 296 469 657 767 921 989 1099 1218 1254 1260 1228 1318 1256 1196 1142 1102 986 871 785 641 496 366 218 68 
114 349 533 667 878 1000 1181 1267 1362 1378 1420 1443 1417 1348 1354 1329 1238 1013 955 895 766 594 418 227 98 
130 391 573 785 949 1215 1316 1344 1510 1482 1671 1689 1601 1546 1529 1425 1293 1177 1083 1002 760 548 470 282 86 
130 392 615 876 1054 1261 1428 1506 1558 1732 1738 1792 1823 1722 1621 1635 1394 1381 1210 1007 922 724 489 283 103 
137 431 690 945 1134 1311 1552 1652 1814 1880 1956 1928 1856 1835 1780 1753 1675 1470 1274 1190 975 752 550 343 94 
147 406 711 1068 1259 1398 1590 1788 1877 1940 2058 2044 2138 2050 1975 1771 1733 1569 1453 1209 962 827 578 330 113 
168 467 777 1022 1372 1502 1710 1930 2034 2185 2214 2283 2235 2200 2069 2054 1834 1617 1570 1338 1139 832 623 386 136 
180 509 778 1169 1386 1650 1946 2001 2190 2324 2359 2390 2339 2369 2216 2156 1947 1828 1610 1396 1170 964 673 411 148 
170 542 895 1226 1508 1760 2009 2260 2339 2478 2509 2473 2550 2537 2325 2332 2155 2012 1812 1596 1281 1089 753 424 133 
12 35 63 86 104 128 130 150 143 164 178 189 152 184 183 186 126 126 129 91 80 60 61 34 13 
48 87 165 220 292 313 380 383 402 417 469 473 480 490 439 398 353 360 312 264 228 175 140 99 16 
51 124 208 318 377 463 487 516 534 597 548 576 578 580 546 532 523 464 412 336 296 225 177 97 37 
70 172 245 380 438 546 630 661 675 779 806 806 753 757 656 682 658 566 508 434 370 287 224 112 37 
64 174 373 415 505 629 690 785 876 872 889 828 941 856 834 872 699 660 592 554 432 367 233 146 53 
85 242 363 495 665 774 801 937 1009 947 1071 1038 1046 1060 982 935 902 813 700 608 528 394 282 173 51 
85 269 428 584 717 902 997 1040 1143 1131 1199 1198 1209 1168 1152 1211 1063 988 832 757 644 432 363 213 78 
95 309 486 634 836 946 1156 1209 1294 1287 1315 1273 1375 1373 1284 1219 1154 939 932 822 727 520 398 272 65 
98 339 522 751 912 1118 1319 1319 1501 1501 1557 1586 1572 1502 1502 1415 1315 1125 1064 873 787 585 416 270 88 
109 364 598 864 977 1229 1453 1484 1575 1706 1706 1718 1775 1646 1539 1541 1442 1276 1150 989 833 709 429 303 87 
122 405 660 940 1116 1322 1506 1668 1738 1830 1907 1954 1874 1758 1755 1690 1593 1420 1287 1147 928 759 501 346 95 
147 461 690 988 1273 1325 1671 1748 1836 1959 2060 1988 2064 1975 1864 1830 1691 1533 1473 1234 1000 819 563 356 110 
160 500 749 1052 1334 1516 1758 1923 1944 2134 2202 2237 2155 2168 2100 1908 1803 1692 1499 1448 1119 824 606 380 135 
161 493 821 1143 1325 1612 1885 2076 2149 2221 2331 2374 2309 2323 2216 2241 1958 1806 1597 1394 1175 952 688 398 111 
162 519 895 1184 1545 1838 1922 2131 2372 2449 2504 2587 2531 2491 2421 2247 2135 1943 1682 1538 1287 1044 739 455 160 
188 574 969 1326 1575 1892 2104 2311 2448 2653 2677 2727 2708 2665 2598 2460 2349 2094 1939 1696 1337 1016 766 475 134 
15 52 66 82 100 130 156 173 174 170 193 195 180 170 192 153 138 145 130 110 99 72 52 30 9 
26 99 179 215 272 313 393 405 417 483 465 485 468 490 470 435 394 343 312 281 224 174 141 65 25 
43 121 226 296 390 434 473 528 602 633 588 620 597 594 561 546 499 498 459 337 299 263 190 100 42 
39 167 283 343 465 558 643 696 717 722 764 819 784 662 725 697 652 613 546 448 362 291 229 125 37 
87 204 356 462 518 683 682 822 904 904 966 912 909 979 882 776 723 724 634 531 431 345 276 174 48 
77 236 358 484 662 763 870 870 1039 1039 1106 1068 1134 1005 1065 925 912 811 651 605 522 407 278 173 58 
77 272 453 631 810 879 1016 1139 1181 1163 1217 1234 1249 1225 1187 1138 1002 898 791 763 577 454 372 206 70 
111 314 497 715 858 961 1096 1268 1285 1386 1341 1374 1447 1418 1337 1235 1153 1048 917 863 628 540 400 258 59 
117 347 552 745 940 1124 1251 1414 1513 1553 1617 1633 1626 1465 1523 1387 1306 1103 1141 968 757 585 429 288 100 
127 381 574 832 965 1259 1352 1542 1575 1724 1706 1620 1760 1675 1620 1655 1401 1346 1194 1015 851 673 487 278 84 
133 395 671 878 1051 1314 1486 1640 1710 1929 1907 1964 1904 1913 1779 1713 1599 1515 1300 1161 931 744 489 289 87 
136 476 685 967 1257 1343 1673 1883 1904 1986 2105 2114 2059 1970 1978 1868 1762 1585 1419 1189 978 798 576 322 127 
126 497 770 1056 1406 1565 1758 1948 2084 2152 2188 2214 2257 2077 2139 2063 1873 1676 1509 1343 1115 856 656 381 132 
187 522 842 1144 1438 1727 1944 2101 2202 2258 2462 2399 2494 2352 2295 2207 2035 1897 1640 1534 1217 914 701 420 133 
162 516 867 1159 1601 1832 2039 2236 2389 2458 2605 2562 2626 2589 2559 2356 2275 2040 1796 1572 1314 1021 747 485 147 
163 534 920 1250 1583 1844 2140 2435 2547 2713 2708 2747 2682 2750 2664 2523 2342 2063 1975 1765 1415 1142 789 466 178 
14 46 67 97 113 131 141 190 218 198 199 206 178 202 191 160 196 154 157 124 100 94 43 40 20 
44 88 158 233 305 369 434 420 499 546 547 537 546 489 470 428 436 411 314 299 245 220 157 86 31 
37 137 248 316 389 482 508 619 666 706 714 689 680 658 647 609 592 509 439 406 318 243 185 112 47 
58 164 285 434 528 562 683 751 826 790 812 893 812 801 786 825 642 663 565 541 408 347 243 128 55 
65 221 377 520 617 676 820 901 930 985 1007 1005 1018 1024 911 936 812 789 722 584 500 411 281 195 55 
103 260 439 549 753 832 986 992 1111 1130 1219 1094 1139 1104 1151 1090 987 906 766 690 593 472 309 231 75 
102 294 465 664 848 972 1131 1239 1221 1318 1360 1390 1392 1297 1304 1198 1187 1016 952 813 687 532 376 234 74 
124 347 530 753 968 1056 1261 1359 1428 1432 1452 1473 1503 1468 1449 1400 1335 1201 1064 928 722 554 404 239 86 
124 364 611 862 1034 1240 1371 1504 1627 1656 1715 1692 1716 1728 1738 1559 1422 1306 1143 1039 877 690 493 300 104 
156 421 721 911 1146 1359 1507 1680 1732 1834 1781 1822 1883 1901 1871 1681 1609 1538 1377 1134 990 758 547 362 100 
167 463 770 1033 1275 1547 1699 1901 2008 2038 2007 1987 2090 2043 1967 1895 1780 1645 1500 1312 1049 882 582 360 122 
153 476 750 1096 1361 1604 1848 2060 2099 2203 2231 2297 2139 2298 2164 1993 1940 1689 1589 1423 1098 927 648 394 126 
175 465 854 1184 1479 1766 1990 2097 2308 2424 2382 2439 2392 2435 2418 2223 2109 1926 1737 1593 1216 1022 686 429 121 
208 572 894 1291 1572 1942 2100 2317 2405 2512 2677 2712 2674 2632 2376 2281 2243 2052 1802 1602 1422 1121 810 479 147 
219 616 1004 1470 1747 2059 2274 2429 2685 2798 2833 2872 2818 2823 2686 2581 2478 2159 1959 1731 1499 1156 847 521 169 
215 655 1106 1367 1866 2044 2438 2570 2670 3004 2981 3083 3100 2954 2843 2824 2583 2238 2199 1851 1546 1233 864 537 189 
16 39 98 116 132 157 177 216 179 231 237 231 242 215 219 207 188 172 166 135 114 92 57 34 13 
46 121 185 269 357 387 456 516 566 559 565 577 557 567 508 501 479 431 364 290 273 225 161 73 29 
50 163 270 365 439 477 585 637 708 740 734 716 754 727 689 700 598 557 492 412 362 294 210 130 46 
77 207 322 414 597 654 749 821 824 874 838 911 944 897 894 837 783 711 615 568 463 348 271 140 52 
96 270 389 527 659 754 921 1025 1024 999 1108 1071 1108 1101 1070 979 901 795 726 687 518 428 277 197 81 
97 272 436 591 791 943 1050 1098 1197 1260 1285 1342 1272 1226 1178 1167 1037 1016 872 779 612 479 358 206 79 
91 315 544 708 899 1114 1224 1336 1387 1501 1454 1557 1489 1430 1478 1275 1223 1137 1052 894 752 579 399 262 85 
119 399 595 829 988 1178 1373 1398 1556 1716 1688 1771 1681 1627 1593 1442 1437 1290 1222 1004 864 662 511 310 103 
123 399 659 950 1076 1334 1503 1728 1771 1764 1948 1902 1882 1829 1816 1684 1577 1428 1332 1099 906 737 552 329 101 
171 425 753 1006 1278 1482 1586 1836 1915 2034 1982 2042 2141 2015 1990 1854 1720 1618 1448 1295 1089 859 585 383 148 
154 495 750 1107 1439 1650 1803 2025 2087 2279 2259 2347 2323 2413 2227 2033 1896 1798 1606 1363 1165 895 680 408 150 
189 524 877 1267 1548 1753 1963 2156 2318 2495 2616 2626 2389 2440 2334 2180 2151 1942 1696 1477 1256 1027 707 445 158 
204 613 987 1276 1664 1907 2106 2327 2574 2626 2609 2566 2742 2562 2512 2383 2293 2104 1870 1654 1359 1074 851 467 172 
216 638 1023 1374 1740 2066 2250 2500 2601 2816 2896 3029 2953 2841 2773 2693 2506 2303 2079 1785 1524 1183 835 527 165 
261 691 1089 1557 1829 2261 2545 2626 2820 2990 3046 3236 3098 3174 3080 2867 2716 2424 2242 1835 1631 1277 909 611 202 
253 727 1165 1537 1955 2285 2595 2914 3103 3329 3315 3230 3436 3291 3236 3011 2967 2714 2398 2101 1736 1313 995 618 217 
15 51 75 114 149 145 180 194 182 233 233 226 224 222 225 198 195 158 166 135 95 93 64 43 19 
32 130 210 294 344 412 489 513 563 578 607 609 562 557 578 558 514 467 383 382 280 250 175 91 30 
59 164 273 332 483 553 601 654 775 736 807 834 764 774 667 687 624 598 520 477 361 310 214 118 55 
62 219 355 496 616 698 711 840 930 898 925 958 944 958 884 812 776 772 625 516 465 358 281 186 55 
86 244 427 560 715 822 946 1032 1111 1036 1127 1106 1128 1049 1103 1031 953 857 754 674 546 438 303 183 57 
104 299 473 656 829 922 1063 1120 1228 1273 1284 1266 1285 1288 1246 1170 1105 968 890 745 660 508 386 218 75 
99 352 534 765 995 1051 1185 1291 1445 1388 1423 1493 1463 1504 1439 1399 1257 1080 967 951 731 559 416 308 103 
133 362 648 842 1070 1279 1434 1491 1613 1628 1647 1696 1796 1716 1633 1471 1419 1245 1134 1038 878 666 493 329 97 
151 466 658 921 1157 1363 1584 1729 1851 1952 1844 1888 1930 1974 1784 1687 1601 1413 1273 1164 927 755 511 302 115 
141 453 727 980 1247 1505 1647 1840 1978 2086 2063 2088 2083 2028 1941 1876 1763 1698 1466 1295 1119 874 610 382 96 
167 521 824 1211 1350 1564 1846 1993 2208 2198 2340 2418 2308 2268 2094 2170 1888 1749 1600 1300 1137 908 631 386 129 
219 541 856 1286 1450 1739 2023 2160 2244 2447 2507 2603 2527 2449 2462 2335 2154 1956 1793 1540 1309 1019 799 420 139 
203 606 938 1341 1641 1892 2172 2425 2399 2727 2653 2752 2691 2639 2527 2345 2241 2111 1945 1715 1420 1080 776 474 159 
212 562 1073 1432 1776 2138 2249 2592 2782 2745 2863 2925 2821 2797 2791 2700 2539 2282 2104 1779 1521 1093 896 552 187 
217 659 1134 1523 1785 2186 2536 2699 2827 2958 3110 3136 3170 3019 2973 2864 2664 2506 2187 1890 1579 1273 911 576 187 
223 702 1162 1591 2029 2364 2631 2840 3137 3199 3339 3338 3349 3242 3184 3096 2902 2644 2460 2070 1641 1321 917 589 203 
26 41 103 130 177 198 208 239 241 256 287 267 262 255 243 218 194 205 185 155 121 95 60 52 15 
51 132 231 340 402 473 513 631 666 688 689 714 670 671 648 607 549 516 450 396 350 274 195 118 36 
63 186 317 404 512 637 680 776 877 824 892 929 867 833 817 781 743 700 594 528 437 341 240 145 53 
88 246 408 546 678 776 869 977 1045 1040 1112 1049 1065 1043 1069 917 912 836 772 660 580 432 290 191 51 
107 306 476 680 738 944 1008 1150 1223 1350 1264 1389 1294 1235 1199 1147 1153 928 863 816 675 486 376 230 65 
124 307 520 722 897 1095 1252 1310 1404 1531 1560 1488 1489 1527 1405 1384 1223 1235 1144 899 770 620 455 294 85 
134 394 650 899 1134 1239 1432 1489 1602 1676 1676 1677 1714 1743 1644 1528 1479 1302 1236 1038 907 671 541 280 92 
144 414 719 1007 1189 1486 1599 1734 1858 1962 1908 2055 1991 2025 1931 1804 1679 1583 1377 1176 1001 799 596 349 127 
153 484 843 1140 1323 1518 1765 1893 2086 2207 2249 2260 2172 2115 2009 1985 1806 1653 1471 1331 1115 975 645 375 129 
177 558 899 1190 1582 1818 1943 2193 2342 2328 2482 2413 2397 2344 2263 2199 2046 1849 1681 1534 1174 935 681 483 157 
204 616 978 1368 1652 1862 2206 2380 2350 2522 2606 2697 2672 2600 2610 2443 2246 2143 1875 1653 1424 1070 772 478 155 
207 656 1033 1439 1778 2129 2260 2514 2636 2843 2882 2910 2991 2871 2732 2646 2440 2240 2060 1770 1441 1190 867 537 184 
229 701 1169 1517 1873 2156 2513 2797 2965 3089 3211 3254 3211 3103 2959 2826 2717 2419 2215 1945 1653 1253 963 584 176 
255 727 1249 1642 2099 2393 2671 2985 3144 3305 3422 3455 3534 3262 3241 3140 2986 2697 2454 2085 1821 1422 1024 637 225 
298 819 1236 1741 2247 2593 2890 3128 3303 3547 3789 3626 3717 3723 3530 3320 3187 2849 2588 2241 1849 1514 1100 680 226 
274 840 1403 1880 2349 2709 3088 3398 3634 3807 3942 3943 3991 3785 3749 3651 3350 3030 2835 2507 2096 1666 1131 730 244 
15 63 105 153 177 189 239 257 243 293 265 295 313 290 270 246 232 230 174 155 130 119 83 41 14 
60 175 288 371 482 531 565 593 695 691 724 749 797 725 726 666 543 513 497 432 386 252 190 148 49 
67 208 343 447 570 685 840 799 890 931 955 974 877 945 873 834 849 692 608 561 507 371 277 163 57 
95 233 438 602 681 857 999 1058 1145 1141 1155 1181 1254 1088 1074 1080 998 909 771 715 624 467 347 193 61 
115 323 531 699 828 1038 1108 1210 1366 1358 1305 1469 1418 1406 1283 1252 1221 1070 946 860 692 554 372 233 73 
123 358 585 773 959 1198 1360 1400 1546 1616 1633 1636 1593 1648 1499 1474 1412 1295 1135 971 750 662 468 319 99 
162 367 704 869 1161 1378 1456 1663 1793 1802 1806 1901 1850 1820 1777 1686 1515 1420 1257 1088 912 764 501 336 109 
162 502 790 1075 1344 1591 1713 1860 2062 2042 2187 2192 2066 2065 1920 1988 1811 1688 1472 1265 1058 804 615 364 114 
167 518 914 1193 1479 1741 1890 2050 2138 2245 2292 2249 2339 2336 2181 2080 1972 1781 1663 1430 1203 984 641 415 126 
189 580 929 1259 1639 1860 2166 2221 2384 2558 2499 2454 2553 2564 2462 2368 2139 2016 1772 1543 1389 1078 753 457 158 
216 659 1010 1398 1696 2090 2371 2535 2645 2779 2778 2898 2733 2818 2862 2575 2434 2109 2024 1696 1435 1178 837 480 147 
233 673 1144 1489 1912 2216 2471 2689 2893 2990 2987 3103 3037 2927 2884 2789 2687 2354 2182 1920 1619 1269 910 509 187 
232 720 1187 1625 2097 2362 2628 3019 3217 3156 3317 3325 3289 3296 3272 3047 2886 2716 2301 2065 1800 1315 980 602 193 
253 740 1346 1797 2141 2537 2936 3117 3259 3440 3496 3595 3553 3666 3466 3313 3081 2765 2638 2272 1996 1465 1067 657 212 
277 819 1386 1930 2313 2609 3056 3285 3697 3773 3736 3829 3753 3824 3717 3494 3358 3072 2755 2387 1995 1607 1112 673 222 
268 873 1535 2003 2465 2980 3328 3651 3896 4085 4091 4146 4180 4215 4065 3878 3642 3283 2895 2512 2154 1774 1210 759 277 
28 76 111 151 205 222 266 319 274 355 332 351 318 295 283 285 261 235 229 186 178 118 90 45 22 
62 188 292 432 500 583 709 747 747 779 800 781 862 793 796 762 670 624 532 502 389 344 244 149 53 
74 253 394 518 627 770 850 898 985 1094 1178 1042 1096 1014 1031 920 832 764 716 655 517 437 309 200 60 
90 310 503 671 768 929 1073 1172 1263 1347 1318 1333 1309 1329 1239 1215 1080 1019 872 822 662 497 347 223 86 
137 356 614 763 915 1179 1261 1424 1500 1503 1495 1606 1563 1511 1476 1412 1350 1102 1069 895 708 596 472 242 77 
137 412 698 871 1135 1278 1535 1640 1771 1768 1798 1799 1811 1829 1662 1570 1460 1395 1203 1054 830 697 479 312 103 
170 478 758 1094 1289 1558 1723 1788 1984 2016 2013 2144 2108 2016 1901 1821 1762 1564 1382 1207 1041 843 571 365 119 
186 547 836 1251 1402 1690 1915 2025 2267 2326 2408 2509 2328 2321 2194 2130 1970 1850 1571 1417 1142 906 652 407 148 
197 595 944 1322 1588 1864 2100 2204 2416 2579 2575 2587 2602 2540 2501 2274 2179 2005 1756 1575 1349 974 719 421 149 
190 636 992 1378 1694 2122 2291 2518 2671 2791 2820 2833 2890 2774 2666 2586 2414 2259 2007 1695 1430 1141 780 522 179 
222 689 1096 1519 1878 2288 2539 2778 3015 3129 3141 3218 3281 2983 3047 2914 2647 2446 2134 1956 1537 1248 880 570 188 
253 745 1246 1691 2041 2475 2712 2979 3106 3349 3363 3375 3393 3454 3362 3072 2905 2501 2288 2028 1739 1307 960 627 209 
299 803 1294 1782 2262 2640 2985 3226 3499 3621 3777 3784 3790 3679 3541 3291 3152 2958 2645 2223 1873 1456 1154 627 214 
277 824 1363 1972 2329 2827 3156 3544 3730 3897 4104 4120 4100 4082 3654 3602 3406 2991 2902 2453 2092 1691 1174 709 275 
353 895 1511 2010 2554 2906 3386 3651 3978 4302 4268 4301 4313 4259 4117 3902 3685 3288 3133 2561 2212 1731 1264 759 271 
345 912 1597 2155 2666 3185 3592 3983 4099 4472 4553 4597 4536 4530 4531 4282 3851 3621 3157 2711 2354 1832 1405 839 260 
18 72 109 144 189 197 282 279 285 309 303 316 314 283 258 265 274 238 217 179 157 119 88 49 16 
54 161 303 373 459 602 667 659 687 733 765 801 754 731 742 731 636 614 516 453 342 297 211 128 50 
75 222 406 503 628 756 810 933 945 995 951 984 1005 966 931 871 868 773 725 624 479 416 267 151 58 
90 283 483 618 760 833 951 1033 1108 1199 1226 1242 1256 1220 1112 1134 1002 1022 850 755 625 486 342 226 70 
100 337 545 738 939 1096 1185 1318 1475 1454 1492 1525 1502 1410 1378 1367 1252 1099 1045 881 716 596 412 263 94 
122 393 629 875 1056 1279 1346 1519 1618 1717 1739 1759 1753 1717 1594 1550 1457 1307 1176 1028 814 684 518 273 116 
147 437 657 1028 1315 1461 1633 1728 1919 1989 2022 2033 2001 1867 1864 1658 1640 1560 1318 1179 958 785 579 351 123 
159 475 812 1160 1397 1605 1778 2024 2128 2241 2313 2311 2220 2274 2142 2085 1843 1698 1596 1335 1119 908 738 387 136 
203 561 932 1283 1518 1853 1996 2149 2271 2476 2524 2526 2558 2456 2338 2210 2125 1912 1723 1523 1282 1002 719 425 150 
213 609 995 1378 1704 1977 2160 2410 2636 2704 2873 2786 2912 2699 2546 2444 2425 2188 1907 1661 1405 1116 771 462 167 
245 647 1084 1413 1799 2134 2479 2623 2898 2978 2994 2979 2984 3006 2923 2801 2589 2272 2085 1884 1528 1228 900 533 171 
252 765 1176 1651 2069 2343 2663 2755 3018 3147 3341 3271 3253 3207 3109 3006 2841 2577 2205 2027 1658 1318 976 650 196 
275 844 1290 1769 2163 2538 2963 3176 3285 3472 3555 3583 3597 3476 3404 3356 3100 2817 2566 2206 1796 1436 1096 672 232 
270 830 1348 1855 2294 2685 3050 3379 3503 3662 3835 3815 3870 3874 3761 3402 3283 3072 2797 2441 1908 1538 1120 711 251 
310 843 1463 2007 2434 2969 3317 3682 3832 4070 4196 4160 4105 4062 4043 3829 3585 3146 3016 2622 2105 1690 1196 755 248 
328 962 1503 2119 2611 3129 3531 3789 4091 4285 4364 4472 4600 4460 4250 4096 3711 3469 3178 2672 2263 1853 1373 830 294 

