51430
50000
50000
50 16 25
2.000  12.000 0.200 
0.900  4.100  0.200 
0.000  1.000  0.040 
0 0 0 0 0 0 1 0 0 0 0 0 0 0 0 0 0 1 0 0 0 0 0 0 0 
1 0 0 0 0 0 2 0 0 0 1 0 1 0 1 2 0 1 0 0 1 0 0 0 0 
0 1 0 0 0 1 0 0 1 1 2 2 1 0 1 0 0 0 1 1 0 0 0 2 0 
1 0 0 0 0 1 0 3 0 1 1 0 1 0 2 2 1 0 0 1 1 0 2 0 0 
0 1 0 2 0 2 0 1 0 1 0 0 2 2 3 1 2 0 2 0 0 0 0 0 0 
0 0 0 0 1 0 2 0 3 1 0 3 2 4 2 3 3 1 1 0 1 0 1 0 0 
0 0 1 1 1 2 3 4 3 4 2 2 1 3 1 4 3 3 1 4 3 1 0 3 0 
1 1 1 1 0 3 2 3 0 3 1 2 3 3 1 1 3 3 0 1 1 1 1 0 0 
0 2 0 0 2 2 4 3 3 4 2 2 4 0 5 2 2 3 1 1 1 1 1 0 0 
0 0 0 1 2 1 2 3 2 3 1 2 0 4 3 2 1 3 2 1 0 1 2 0 0 
0 1 1 3 2 5 1 3 4 1 3 2 4 1 3 4 3 2 5 3 4 4 1 1 0 
1 3 2 3 1 5 3 6 2 2 1 8 1 6 3 4 4 2 2 3 2 1 0 1 0 
0 0 0 0 2 3 1 4 2 5 2 7 2 5 3 7 3 4 3 6 2 0 1 2 0 
0 0 2 1 3 3 3 3 4 4 7 10 5 3 3 4 1 0 3 3 2 2 0 2 1 
0 2 3 3 4 2 7 8 4 4 3 4 4 10 4 6 5 7 8 7 3 2 2 0 0 
0 1 3 5 2 5 3 3 3 7 5 5 8 2 5 8 6 2 7 2 3 4 1 0 0 
0 0 0 0 0 0 0 1 0 0 3 0 1 0 0 0 0 0 1 0 0 1 0 0 0 
0 1 0 0 1 0 1 2 0 0 2 1 1 3 2 1 1 1 0 2 0 0 0 0 0 
0 0 0 0 2 0 2 2 1 0 3 3 1 1 2 0 0 1 1 5 1 1 0 0 0 
0 0 1 0 1 0 3 2 3 2 1 1 1 0 1 2 1 4 2 1 4 0 1 0 0 
0 3 0 1 0 3 1 2 4 2 1 4 0 5 2 2 3 1 3 1 1 0 2 0 0 
0 2 1 0 2 0 2 0 0 3 0 3 2 2 2 7 2 2 1 0 2 1 0 1 0 
0 0 0 5 3 2 2 4 3 4 0 3 5 4 1 1 4 0 2 2 1 0 2 0 1 
0 1 2 6 2 5 6 4 3 5 4 2 0 5 3 3 2 2 4 2 3 1 0 2 0 
0 2 2 2 2 2 5 1 4 2 6 5 6 2 3 5 2 1 2 0 2 1 0 2 0 
0 1 0 2 1 3 3 3 3 5 2 2 3 5 6 5 6 4 8 1 2 2 2 1 0 
1 0 1 2 4 2 3 5 4 4 7 4 4 3 1 2 3 3 6 4 3 1 1 1 0 
1 2 1 2 3 2 4 7 3 5 6 3 7 6 10 8 4 4 4 3 3 1 2 2 0 
1 1 2 3 1 7 6 5 0 6 14 8 12 11 7 2 5 6 3 2 5 1 3 2 0 
2 0 2 1 3 2 4 3 13 8 7 7 7 5 14 8 7 9 4 5 2 0 5 2 1 
0 3 3 3 8 7 4 6 7 9 8 13 11 13 6 7 5 8 4 5 3 1 6 2 0 
0 1 1 4 2 7 8 6 14 14 12 14 10 13 21 11 6 7 7 3 3 5 0 2 0 
0 0 0 0 1 1 0 0 0 2 2 1 1 0 0 0 0 1 1 1 0 1 0 0 0 
0 0 0 0 2 0 2 4 1 0 1 1 2 2 2 2 2 0 1 2 1 1 1 0 0 
0 1 1 0 1 0 2 1 1 1 1 2 0 3 0 2 1 1 3 0 1 1 0 0 0 
0 1 1 2 0 0 3 0 3 1 2 2 1 2 3 8 2 5 0 3 0 3 0 1 0 
0 0 1 4 0 4 2 2 1 3 3 1 5 1 5 4 3 6 2 0 0 1 1 0 0 
0 3 2 2 3 3 3 3 4 3 6 6 7 6 1 7 2 3 3 6 4 1 0 0 1 
0 0 3 2 2 6 9 2 4 4 5 4 4 5 7 5 3 4 4 1 2 3 1 0 0 
0 0 2 2 4 6 2 4 7 5 8 9 7 5 2 2 6 6 4 3 6 1 2 2 1 
0 1 2 1 5 1 8 4 8 8 5 5 8 7 6 3 6 7 4 4 4 3 1 0 0 
0 1 1 4 5 5 7 6 6 9 8 6 11 4 11 7 7 7 3 5 1 6 2 0 2 
1 0 2 7 4 7 6 3 9 12 5 3 8 5 13 5 10 5 6 4 6 5 4 0 1 
0 1 4 6 2 9 8 4 9 6 11 10 8 8 11 12 8 8 6 9 4 7 3 1 0 
2 3 3 5 6 8 8 7 12 11 7 9 12 16 10 13 14 9 5 7 7 9 7 3 0 
0 0 5 5 6 5 11 13 9 16 10 25 11 11 14 6 9 9 17 10 5 7 4 4 2 
3 1 10 3 6 12 7 16 12 12 15 14 14 12 6 15 9 16 10 13 9 3 4 2 1 
0 2 8 9 7 9 14 13 15 11 10 19 13 20 19 16 17 19 9 7 4 5 4 3 1 
0 0 0 0 0 1 0 4 0 4 2 0 1 1 1 1 3 3 0 0 1 0 0 1 0 
0 0 0 1 2 2 4 6 3 0 1 3 1 3 0 3 3 1 3 2 2 3 0 0 1 
0 1 0 2 2 0 2 2 3 0 5 4 3 2 3 4 4 4 4 1 3 1 0 1 0 
1 0 3 0 2 1 3 3 4 8 5 4 3 5 6 6 1 3 8 4 3 1 1 0 0 
0 1 2 5 5 1 3 2 5 2 7 6 3 8 4 2 4 6 2 3 1 1 0 1 1 
1 0 2 4 5 7 7 5 5 10 6 9 4 8 4 5 6 5 4 2 4 1 3 2 0 
2 1 4 3 7 5 5 11 6 7 8 6 4 12 10 9 5 7 6 4 5 3 5 1 1 
0 1 5 8 5 4 6 6 8 9 7 10 11 12 13 11 9 4 11 5 4 5 6 0 0 
0 1 1 6 3 9 6 12 12 11 11 12 4 12 5 16 11 6 7 7 3 1 3 2 2 
2 1 4 2 7 8 12 11 15 4 12 14 10 4 10 16 4 9 7 12 11 5 3 2 1 
1 4 4 6 7 9 14 7 8 6 12 13 12 14 13 16 6 14 13 9 11 6 7 1 1 
1 6 4 6 12 5 23 14 11 14 11 13 8 10 20 11 9 27 19 12 7 5 6 4 1 
0 5 3 4 11 12 5 16 20 6 22 24 19 18 13 13 15 16 11 16 11 11 11 3 0 
2 5 2 14 12 17 9 16 18 23 16 26 19 23 14 15 19 11 11 25 9 10 4 6 2 
1 3 11 18 12 18 19 11 14 20 24 34 24 23 22 19 23 18 21 11 17 9 10 4 0 
2 4 6 10 12 28 18 15 17 23 24 32 27 18 29 18 21 17 16 17 11 10 8 5 0 
0 0 1 0 0 1 0 1 0 1 1 3 1 0 0 0 1 0 1 1 2 0 1 0 0 
0 0 0 3 2 2 1 4 3 2 4 3 2 4 3 7 2 4 3 2 2 0 1 0 0 
0 1 2 0 5 7 1 6 3 3 3 6 4 2 1 5 4 3 3 2 1 3 4 0 1 
0 1 3 3 4 1 5 4 6 3 1 5 10 9 9 10 6 5 6 3 3 3 1 1 1 
1 1 1 3 2 7 1 7 5 3 8 8 6 8 10 5 6 9 3 4 4 3 1 2 0 
0 1 4 4 9 7 7 11 11 15 5 11 14 7 6 8 2 11 4 6 4 7 1 3 0 
0 2 5 5 2 14 11 10 14 10 7 9 6 10 8 12 8 11 8 7 4 3 4 3 1 
1 5 3 4 11 6 10 6 10 7 10 11 12 15 12 15 19 10 10 9 3 2 1 3 1 
1 4 2 6 8 5 7 8 15 16 8 11 21 16 15 14 19 13 4 5 2 7 4 2 1 
1 1 6 10 13 14 12 19 13 18 18 20 18 14 16 19 20 16 11 14 7 3 11 5 1 
2 3 9 6 7 14 22 16 15 21 18 26 17 24 13 24 15 20 17 10 8 7 4 1 3 
2 5 3 9 14 17 21 18 25 24 27 12 24 19 19 16 16 21 12 21 15 14 13 4 3 
3 2 6 4 5 19 23 28 13 17 26 25 33 25 23 25 21 20 19 13 18 11 3 2 2 
1 7 7 9 17 23 19 21 22 27 28 48 28 20 29 20 15 29 16 12 20 9 7 3 2 
2 12 2 13 12 20 23 24 23 28 30 50 32 42 34 20 19 32 22 17 15 17 8 4 2 
3 3 18 17 22 22 24 26 32 42 39 31 32 36 31 28 19 34 16 26 23 15 9 6 2 
0 0 2 1 0 1 0 1 0 3 1 0 1 1 0 2 2 3 0 1 1 0 0 0 0 
1 1 3 1 1 2 6 3 8 5 6 3 5 6 6 3 4 0 1 3 1 0 3 0 0 
1 0 2 1 1 2 3 4 4 6 6 6 10 5 4 2 5 5 4 3 4 3 0 1 0 
2 0 3 5 3 1 7 5 8 8 5 11 4 9 14 10 5 6 4 4 4 4 4 0 0 
1 1 4 5 4 5 9 8 12 5 4 7 8 11 8 11 12 9 7 3 3 5 3 2 1 
1 1 3 2 7 5 11 9 9 12 6 11 9 8 14 12 6 8 4 7 3 9 2 1 0 
0 3 3 7 5 13 15 13 7 10 14 16 8 13 7 20 11 8 13 5 9 6 8 2 0 
1 3 4 6 7 16 12 12 10 15 17 13 12 12 12 10 18 22 9 5 10 9 9 3 0 
0 5 8 6 12 9 19 10 13 14 19 20 11 18 19 26 21 17 14 9 9 5 6 2 3 
2 4 6 5 8 16 21 12 19 14 14 18 27 19 24 22 21 20 11 6 13 8 3 2 0 
0 3 10 10 12 14 20 24 16 31 15 16 23 23 33 23 24 12 11 17 18 11 9 3 0 
1 10 9 8 14 27 31 31 22 30 33 21 29 20 29 24 19 23 25 17 15 10 6 6 2 
2 5 12 13 19 15 20 30 30 25 26 30 34 33 36 29 17 26 17 11 18 16 7 8 2 
4 6 6 15 13 18 29 21 35 36 39 31 46 20 42 36 35 35 28 29 14 17 15 4 1 
0 4 13 16 18 26 21 39 42 24 51 29 51 29 33 32 43 26 31 28 21 15 11 5 2 
0 10 15 25 27 28 16 37 36 24 58 41 49 32 41 47 49 42 35 25 27 22 20 9 1 
0 0 0 1 0 4 1 2 0 2 1 5 2 0 2 2 1 1 0 1 2 0 0 0 0 
1 0 5 1 2 0 6 1 4 1 6 7 3 4 3 5 1 1 2 3 6 1 0 0 2 
1 2 2 2 6 1 9 8 8 10 5 6 4 8 3 10 6 6 5 4 2 3 2 0 0 
0 5 3 5 6 3 6 4 6 10 10 9 9 10 8 14 6 6 6 2 8 6 3 2 0 
0 1 10 4 4 7 7 9 4 11 8 12 10 11 13 16 5 12 9 8 10 4 5 2 1 
0 0 5 5 3 13 6 11 15 14 11 14 16 16 17 9 23 11 13 7 6 6 5 1 2 
2 1 4 7 13 15 17 12 13 24 22 24 23 17 27 20 9 12 14 12 8 4 5 5 0 
0 4 11 5 8 9 19 24 14 22 23 18 18 23 26 18 21 25 20 11 16 8 7 2 1 
1 5 9 12 19 18 18 31 25 18 23 29 32 30 30 25 21 26 10 17 14 12 5 3 0 
1 8 9 11 17 12 18 27 32 32 28 22 28 28 23 24 23 23 17 18 18 15 11 4 1 
3 6 7 13 15 33 25 33 27 30 32 31 42 32 35 22 34 23 25 24 19 8 8 5 2 
1 8 13 14 22 28 24 30 30 40 40 36 42 43 40 42 29 44 23 25 16 19 10 8 1 
1 8 8 24 15 31 28 26 47 45 43 54 41 44 28 39 35 42 21 25 16 16 14 5 1 
0 9 18 25 23 25 40 36 39 52 40 64 44 44 47 47 50 36 37 32 27 17 12 7 3 
2 12 13 21 28 31 38 46 43 45 53 51 48 44 45 59 48 37 40 36 24 22 15 8 7 
5 7 14 34 30 55 46 56 47 50 47 60 63 62 54 55 58 50 38 51 44 25 15 17 4 
0 1 1 1 2 3 1 1 1 2 2 7 6 1 4 6 5 2 0 2 0 0 0 0 0 
1 6 2 6 8 5 6 5 8 8 7 8 10 9 8 10 7 6 5 2 2 4 2 0 3 
0 3 7 9 4 9 14 9 10 12 8 15 6 12 8 13 8 3 10 9 7 6 4 2 1 
1 2 9 5 12 10 12 12 12 15 16 20 14 12 17 19 11 7 16 3 12 7 4 1 1 
1 5 4 2 15 8 17 13 18 21 28 16 17 18 20 22 13 12 14 5 6 9 6 8 0 
0 1 4 9 10 19 15 18 18 25 28 27 14 23 19 23 24 19 11 8 8 11 10 2 2 
3 6 8 14 5 21 25 20 26 28 28 38 29 38 21 24 20 23 14 19 10 17 6 0 2 
3 6 14 14 17 13 26 24 27 36 37 23 36 38 26 25 22 23 29 24 12 13 5 6 3 
2 8 13 8 20 28 35 26 39 35 39 31 40 45 28 38 31 32 34 24 21 15 11 9 2 
1 11 10 8 16 27 29 28 55 38 43 56 45 44 44 41 42 35 28 26 20 17 12 17 1 
4 10 15 20 20 34 23 34 45 43 53 52 46 47 40 39 58 44 31 35 23 14 14 7 4 
2 5 24 28 30 36 43 44 39 48 51 68 53 59 49 52 59 50 44 31 32 18 21 10 6 
6 9 15 29 37 43 52 60 42 66 60 76 58 54 50 62 59 68 34 38 32 30 16 9 1 
5 17 23 29 33 47 61 47 59 51 64 61 71 70 73 59 41 50 50 36 42 28 22 9 6 
6 17 13 39 49 53 64 71 75 81 73 58 72 80 78 71 81 56 71 39 30 32 26 9 8 
5 19 19 33 48 55 72 60 71 81 78 89 85 89 80 81 78 54 68 48 44 33 19 19 5 
0 1 2 3 0 1 7 5 0 2 2 4 7 1 2 0 6 6 5 1 5 1 1 0 0 
1 4 9 6 2 5 10 3 7 8 6 15 14 12 9 9 12 7 4 9 8 3 3 2 2 
0 7 4 9 4 4 16 11 11 7 12 5 11 11 11 19 11 6 16 4 6 4 3 1 3 
0 5 7 8 6 5 17 17 8 21 23 25 19 14 17 18 20 18 15 10 13 7 10 6 2 
1 2 3 13 19 15 9 15 22 31 12 19 29 27 17 17 20 18 25 15 17 10 12 5 3 
0 5 13 11 16 19 29 24 27 21 34 26 30 26 24 40 17 18 20 21 14 16 12 4 0 
3 5 9 21 18 27 15 32 38 23 47 36 34 40 33 34 30 22 32 20 22 16 10 7 4 
4 5 8 18 21 25 28 31 36 40 48 42 41 41 40 40 46 24 24 18 21 15 13 7 1 
7 14 18 21 29 22 44 44 36 47 31 33 43 46 41 35 45 28 35 33 29 21 18 10 5 
6 14 22 30 31 32 42 36 50 46 55 52 50 47 47 52 52 46 39 34 23 17 20 12 5 
3 13 20 31 37 40 57 49 45 48 51 58 80 63 70 69 63 45 30 35 34 23 21 11 5 
6 14 24 27 29 36 57 54 65 77 64 85 69 75 61 68 73 57 58 46 35 31 20 11 5 
3 16 22 43 40 40 64 68 81 83 68 69 84 71 84 95 67 55 49 47 47 33 21 20 5 
9 18 24 38 48 59 73 81 68 78 93 93 87 92 109 86 86 73 56 69 53 44 34 25 8 
7 24 25 40 43 55 78 102 95 88 102 87 110 110 91 88 94 76 68 69 50 38 22 16 8 
9 20 33 44 59 70 82 92 120 117 114 89 122 119 105 100 118 94 77 59 51 38 36 24 7 
0 2 3 3 2 2 3 3 2 6 4 5 5 6 3 7 6 5 4 1 2 2 1 3 0 
0 6 4 3 4 13 6 5 17 22 16 10 14 9 18 15 11 12 12 11 6 7 6 3 0 
0 0 5 8 13 11 15 17 19 23 19 19 17 16 21 23 26 11 14 16 10 7 6 5 2 
0 5 5 9 18 14 17 20 22 24 24 27 21 20 23 30 17 26 17 11 9 6 8 5 1 
1 6 10 18 19 23 21 25 25 30 33 30 29 31 32 29 28 28 30 17 16 17 12 3 0 
4 9 12 15 15 35 30 24 32 31 41 35 39 44 45 29 31 23 26 23 23 14 13 5 4 
3 8 15 22 34 26 41 40 42 49 45 51 52 53 45 42 47 40 38 31 19 22 19 9 6 
4 14 16 20 30 34 45 53 56 46 68 71 44 59 62 44 45 49 38 45 27 27 18 12 1 
4 11 12 25 36 41 43 57 63 58 63 64 73 49 66 58 55 49 51 42 45 30 21 16 1 
1 16 24 38 30 38 55 66 64 74 65 69 82 82 91 60 70 64 63 49 41 36 22 11 6 
5 17 31 34 51 64 58 64 76 73 85 70 74 94 105 66 75 56 66 50 49 30 19 15 7 
9 22 25 44 58 58 76 77 95 93 83 88 98 122 89 77 79 95 95 68 42 45 37 10 4 
3 27 38 49 71 66 83 90 120 115 116 82 101 100 100 94 106 96 85 62 72 49 30 15 5 
6 25 40 55 62 86 90 96 102 103 116 122 129 117 119 110 115 91 74 84 67 49 44 21 9 
7 24 41 62 67 99 101 82 111 124 137 147 163 132 143 134 105 101 104 94 71 49 60 26 6 
17 20 51 67 100 112 123 126 136 144 154 150 123 138 143 132 142 130 120 101 88 60 40 27 10 
0 3 3 1 3 7 4 6 1 7 8 3 2 7 5 9 6 4 7 6 1 6 1 1 0 
0 3 8 15 6 10 10 9 13 9 21 21 22 12 10 18 19 16 11 16 7 8 5 0 3 
1 8 13 17 9 19 10 23 22 35 22 25 24 29 22 19 25 18 15 14 18 12 9 5 1 
1 7 11 10 20 21 23 28 30 29 33 15 39 19 36 16 29 18 27 13 14 14 11 4 2 
3 6 10 16 24 25 26 30 31 21 38 34 35 46 36 37 29 43 24 25 22 14 9 6 0 
2 5 15 26 27 30 41 27 47 42 33 53 41 45 37 50 48 33 36 26 27 20 12 7 2 
3 11 19 25 28 34 44 45 45 46 57 50 37 59 54 53 54 50 41 32 29 23 14 7 7 
2 17 29 25 37 42 56 50 59 47 76 71 46 73 55 52 48 62 53 33 33 27 26 8 2 
5 13 28 38 40 60 59 58 64 65 66 77 79 88 77 72 67 65 48 55 33 30 26 17 3 
2 13 15 41 44 62 72 67 95 82 93 92 99 83 80 89 78 70 75 56 45 31 27 17 3 
5 15 32 44 63 70 63 84 83 102 105 96 117 86 100 95 87 68 73 55 48 38 29 25 8 
8 21 35 33 61 82 84 110 88 97 124 127 112 113 102 104 101 87 112 59 70 41 31 21 5 
5 30 39 61 73 85 100 101 106 128 123 142 130 139 140 129 126 98 88 81 71 60 42 22 4 
9 31 35 52 82 84 107 114 120 148 122 145 117 142 134 119 127 123 104 93 74 62 47 27 7 
10 28 54 63 87 90 108 132 148 158 138 149 161 150 143 158 148 125 113 112 89 70 47 34 10 
14 37 49 70 86 139 132 142 143 156 175 143 187 165 155 155 162 153 142 127 96 84 49 39 10 
0 0 4 4 4 6 7 8 4 7 13 6 7 7 11 6 7 5 7 11 4 4 1 1 0 
1 4 5 6 12 15 9 25 19 20 26 23 17 13 17 19 21 13 17 11 10 8 8 3 2 
0 2 8 12 14 17 15 27 34 19 27 25 29 31 31 27 27 22 24 14 12 9 12 8 1 
3 9 16 15 13 25 23 21 28 36 44 35 29 40 39 31 26 32 31 33 21 16 10 4 1 
5 9 20 18 25 29 36 41 35 61 61 48 61 38 44 54 47 36 39 20 18 21 13 9 1 
1 11 19 25 24 46 42 41 57 47 37 54 65 47 60 48 48 45 61 47 34 29 14 5 2 
4 15 23 29 43 31 52 55 67 64 81 74 67 78 61 66 63 68 62 48 44 34 16 18 3 
5 20 22 48 37 59 63 70 72 78 77 87 82 85 84 74 67 64 63 48 39 34 27 10 8 
6 13 31 37 58 55 68 84 83 98 103 114 97 89 91 89 82 78 67 61 51 43 32 14 9 
5 21 33 46 82 89 94 83 84 103 124 115 115 106 121 100 83 83 94 68 59 41 29 30 6 
4 17 46 74 78 85 94 90 131 115 106 125 132 114 136 102 115 125 103 85 55 49 43 31 12 
9 28 43 59 73 93 102 122 128 153 133 110 156 159 134 151 128 115 99 73 83 58 43 20 9 
12 26 57 70 88 104 106 132 141 167 150 145 157 181 178 165 152 118 113 114 92 68 35 31 11 
12 38 53 70 104 119 136 151 175 181 184 208 191 194 188 186 182 133 128 128 94 90 45 32 10 
17 36 50 83 126 133 151 191 203 200 182 222 174 215 195 210 203 183 135 148 109 91 66 37 10 
20 48 73 83 95 155 156 196 203 218 187 223 194 244 193 186 204 180 143 146 116 88 81 51 12 
1 2 3 4 4 8 6 7 7 12 8 12 13 4 8 13 10 3 7 7 12 4 4 3 0 
1 2 14 21 19 18 19 16 22 23 26 20 22 22 37 22 20 26 21 12 15 13 4 5 1 
3 8 11 18 19 24 27 32 35 35 43 53 41 20 39 39 31 23 26 18 21 13 7 5 2 
2 9 10 26 28 32 32 37 63 49 56 43 45 55 44 36 38 36 32 35 30 12 15 7 3 
3 10 23 17 33 39 34 45 48 51 61 58 58 62 57 60 49 43 53 36 34 29 21 10 3 
6 15 32 31 42 52 55 72 62 78 87 68 74 78 76 64 62 58 47 53 31 27 24 8 6 
3 13 27 34 43 54 56 78 80 82 93 100 93 103 124 85 66 68 68 47 49 34 29 18 3 
5 15 37 50 51 62 82 84 97 107 114 111 126 104 112 94 95 81 66 63 52 36 39 23 7 
7 24 39 51 73 86 89 130 110 130 121 121 116 134 115 99 113 97 86 90 73 65 32 21 4 
5 31 36 53 70 79 91 136 144 127 133 134 132 147 140 142 107 110 100 90 62 51 47 26 6 
12 28 56 62 76 100 111 143 155 144 177 169 157 149 162 144 131 130 128 102 80 69 59 31 15 
11 39 49 80 94 121 137 159 153 155 170 164 185 161 171 157 167 129 112 122 97 85 64 35 16 
13 41 63 90 116 137 131 160 186 185 218 200 206 216 207 202 185 197 149 142 117 99 66 33 11 
11 45 75 104 108 153 160 182 200 221 211 220 228 230 213 232 226 185 180 169 124 112 69 48 19 
14 49 77 114 140 163 193 197 238 238 224 219 238 239 253 252 245 205 188 146 145 114 84 40 15 
24 57 100 106 149 180 230 244 237 256 276 272 285 316 288 276 253 240 191 177 172 116 97 53 25 
0 4 9 9 2 12 14 9 27 18 11 15 16 8 12 14 14 6 5 8 10 4 5 3 0 
1 6 13 20 20 30 26 23 33 45 35 28 34 36 37 33 33 28 29 20 17 9 7 3 3 
2 7 15 23 30 27 38 37 41 41 44 44 46 52 51 44 35 33 30 35 23 25 13 4 3 
4 7 25 22 37 33 48 48 49 66 73 65 59 61 67 57 53 42 44 26 34 34 20 10 5 
1 6 22 23 41 50 59 64 71 81 79 77 83 60 91 70 59 57 57 52 44 30 30 14 3 
7 12 41 38 55 67 81 81 73 94 100 108 96 102 93 92 95 78 74 53 48 41 25 13 5 
5 16 36 44 51 68 99 69 112 115 136 115 118 110 94 94 114 92 77 84 59 54 35 21 7 
8 26 41 56 57 78 97 124 122 134 137 130 139 133 139 104 98 119 106 93 89 52 38 30 5 
10 26 58 76 78 103 125 105 146 152 160 172 184 154 183 137 143 124 117 98 91 68 46 31 12 
9 40 60 75 109 132 137 142 162 192 212 187 197 194 178 160 164 124 126 128 107 90 52 29 10 
9 37 63 91 113 127 141 166 208 207 192 222 200 220 200 191 184 168 170 124 103 87 64 32 9 
16 43 67 118 135 154 163 196 225 216 242 241 233 231 186 223 195 200 165 142 132 103 57 60 21 
13 59 88 140 143 158 206 209 242 229 225 286 242 275 248 243 239 202 199 194 170 115 83 47 13 
28 38 108 149 156 181 218 227 240 294 299 323 324 306 282 254 267 247 214 181 160 129 94 61 17 
18 54 113 132 178 219 237 251 280 313 327 351 332 325 320 334 308 263 242 227 182 139 109 62 22 
19 67 98 154 212 208 302 293 322 356 368 408 380 355 367 363 344 305 237 250 191 160 116 65 20 
1 5 4 4 8 8 14 19 17 17 16 19 15 22 11 15 15 13 12 9 19 6 5 2 1 
1 13 12 11 26 29 46 27 46 36 41 31 45 59 46 41 36 42 29 26 27 21 16 5 4 
6 10 15 33 31 30 49 42 57 43 66 66 76 57 48 62 64 46 38 37 35 20 16 10 6 
4 14 28 34 58 41 81 62 70 82 80 65 80 67 69 61 53 54 56 52 39 29 25 17 4 
3 20 30 42 59 63 72 95 71 84 94 101 95 87 77 91 87 60 76 54 43 21 26 13 5 
4 23 50 42 68 93 75 81 105 131 100 130 111 127 107 122 106 75 76 71 62 56 38 21 5 
9 33 42 61 66 86 90 106 119 133 138 126 158 121 127 120 97 109 98 88 70 56 40 23 14 
14 28 46 84 81 104 118 144 150 163 170 174 144 146 162 161 130 127 113 98 91 73 56 26 14 
13 34 59 85 104 124 163 151 133 170 174 169 187 201 184 183 153 161 145 122 110 93 57 38 15 
12 42 59 92 101 124 170 162 211 196 214 220 235 216 222 200 224 167 174 146 119 94 64 38 12 
13 51 84 117 136 155 168 203 220 246 254 272 263 228 223 232 197 186 161 169 120 93 77 47 18 
24 47 89 115 141 192 211 251 241 272 276 289 312 291 257 275 262 239 223 169 160 127 79 62 11 
23 64 101 151 179 207 277 241 260 316 355 324 341 324 296 278 271 260 224 214 174 147 101 64 25 
26 63 127 179 195 208 225 300 303 336 336 348 345 366 398 331 321 310 244 257 201 162 102 65 29 
21 75 113 155 211 259 299 328 334 376 390 394 384 411 409 372 337 311 310 259 199 158 125 85 14 
27 88 125 188 233 287 324 348 436 432 429 427 482 422 442 410 346 378 304 284 213 199 140 87 17 
1 3 7 7 11 12 11 18 25 17 19 19 27 15 18 18 17 12 17 4 16 5 7 3 1 
5 9 15 19 26 17 32 40 49 49 48 52 51 49 52 43 50 44 44 35 26 26 16 12 3 
2 10 21 32 33 32 53 65 63 65 62 67 66 76 49 60 54 62 38 33 29 24 27 13 0 
7 18 21 29 44 56 66 70 72 71 92 101 69 88 94 76 81 70 67 47 37 53 31 18 4 
12 21 34 48 64 77 75 84 99 104 103 99 111 114 105 96 90 91 72 64 60 54 41 21 7 
7 26 43 71 77 77 117 102 120 116 139 130 125 114 128 137 124 107 107 101 71 68 44 26 12 
13 31 55 53 89 101 120 126 123 153 154 178 156 166 158 168 143 148 108 106 80 70 41 33 4 
8 48 58 66 107 128 136 139 158 188 176 184 212 177 192 152 176 182 140 128 94 91 63 50 13 
16 35 79 98 120 144 190 187 203 243 224 229 263 224 244 226 203 200 156 145 118 100 74 51 18 
20 56 87 123 142 183 200 196 231 270 247 265 255 247 250 235 218 186 172 160 145 111 69 48 13 
26 54 96 143 151 208 222 223 256 282 260 314 256 271 341 277 278 253 246 199 168 129 95 60 9 
11 70 93 132 199 240 244 310 310 296 316 353 348 357 318 322 289 275 260 224 174 122 89 65 19 
27 89 118 172 199 256 268 318 365 350 383 369 394 354 414 352 319 324 269 258 212 154 118 61 30 
29 83 156 200 209 264 358 342 393 401 399 456 425 425 426 385 385 311 305 282 231 204 120 54 30 
25 86 141 204 280 333 306 390 459 440 469 509 508 486 425 479 443 371 355 327 232 209 129 93 29 
27 91 164 211 270 346 393 417 456 513 532 571 502 509 543 531 490 438 338 359 266 208 145 80 41 
1 4 9 10 18 18 23 18 13 22 31 29 23 25 24 20 14 25 10 14 14 5 13 3 2 
4 14 17 29 28 46 47 55 67 66 53 63 58 75 52 55 48 54 40 29 34 33 19 15 4 
7 14 22 38 43 62 63 72 76 84 75 86 102 80 67 83 65 62 53 51 55 34 19 11 5 
5 25 49 55 45 60 91 102 92 111 111 109 109 112 98 90 117 92 80 50 46 41 26 22 7 
14 23 44 54 57 81 106 112 119 136 134 148 131 139 128 129 109 81 88 89 76 57 40 31 8 
9 35 55 71 80 120 106 141 151 159 144 152 186 165 183 132 147 130 114 107 90 75 60 24 8 
18 39 65 81 100 140 131 154 197 176 188 211 189 184 198 174 175 185 126 133 109 84 65 33 16 
12 35 71 86 126 152 175 216 210 225 239 240 238 213 231 212 226 209 175 138 128 112 66 47 15 
17 44 87 125 133 166 194 248 224 264 276 286 276 284 274 235 247 219 211 194 157 113 99 39 20 
21 64 87 135 181 196 215 263 274 300 311 319 348 301 320 294 279 273 236 193 124 122 89 64 15 
17 78 125 171 182 269 281 282 321 369 348 377 365 354 345 342 316 306 257 227 202 128 112 67 32 
32 75 132 186 219 284 315 341 358 354 394 407 410 391 393 439 315 346 322 235 242 185 126 70 25 
28 96 131 231 265 306 330 384 424 421 504 495 483 489 478 458 399 353 305 259 240 198 154 98 30 
31 95 156 198 286 325 361 445 453 505 532 544 547 517 512 514 460 410 375 328 309 224 171 111 24 
37 110 156 230 320 391 396 506 536 539 587 572 588 569 591 511 482 465 383 375 332 232 182 92 35 
52 118 188 296 336 393 429 550 579 605 615 665 664 624 606 559 574 506 439 368 355 289 199 104 48 
1 6 11 13 9 20 21 20 25 27 25 24 35 28 22 27 26 20 18 15 18 7 11 4 3 
6 10 20 31 38 32 53 51 90 110 66 80 88 69 70 75 66 57 58 44 42 26 17 13 6 
5 17 34 57 55 65 73 77 88 119 87 75 102 99 89 97 87 73 65 60 49 30 27 19 11 
7 21 33 64 75 78 111 116 90 131 126 131 122 121 106 135 114 90 101 84 70 52 35 25 3 
9 30 35 63 97 109 114 125 137 173 164 172 146 154 164 139 141 134 116 99 78 85 52 33 12 
11 34 55 89 99 134 117 157 157 194 193 192 187 191 208 188 177 185 155 119 105 93 59 35 14 
19 33 75 101 123 165 177 196 212 228 241 246 259 248 228 242 193 187 162 140 124 102 70 39 14 
27 43 77 123 148 183 204 267 250 263 272 284 318 269 292 285 257 220 201 176 164 119 89 53 17 
17 61 110 138 195 229 225 271 290 341 303 313 323 272 317 323 275 243 242 213 180 151 96 58 26 
25 74 131 167 217 250 301 331 299 362 382 391 393 358 376 363 350 319 308 251 223 160 121 73 23 
31 80 137 169 233 275 356 350 358 397 413 414 452 433 473 427 372 333 335 297 244 184 135 82 23 
23 102 151 214 281 282 361 404 421 487 489 525 495 508 479 461 433 420 369 333 268 190 166 84 28 
36 103 170 243 306 348 426 477 567 533 559 571 570 544 564 513 492 469 431 393 300 233 163 107 34 
48 109 194 280 357 425 428 507 557 561 606 570 613 619 587 581 557 525 465 412 339 274 197 114 38 
38 149 210 324 411 445 527 584 631 640 670 703 670 702 626 657 653 535 540 455 412 309 206 125 45 
50 140 226 322 446 519 565 627 641 708 727 768 736 744 731 716 639 609 570 499 394 336 237 138 45 
2 11 11 16 17 31 25 32 52 45 31 42 41 37 39 31 32 35 34 27 18 19 10 3 0 
6 23 22 45 51 54 79 90 86 84 101 98 96 85 102 97 77 74 62 62 54 43 39 13 5 
7 22 31 74 70 92 100 115 102 137 111 138 119 107 133 131 108 95 101 89 78 56 31 25 6 
5 32 46 76 77 117 121 140 153 144 158 143 172 147 166 148 153 117 124 106 98 62 48 32 10 
13 39 64 102 123 150 148 152 170 199 208 232 235 189 171 191 184 147 157 110 102 72 55 47 12 
9 52 81 110 137 165 196 196 246 267 206 259 239 257 256 224 210 189 177 157 140 113 80 39 16 
17 73 103 141 162 206 198 228 241 313 315 302 312 306 301 297 264 237 203 198 163 111 102 49 20 
23 58 119 171 189 243 258 311 328 316 325 338 317 357 371 326 322 297 245 225 182 158 125 68 19 
26 74 135 156 233 246 300 360 377 354 401 419 402 413 387 411 386 370 304 251 218 162 122 76 29 
40 92 151 208 244 304 368 440 425 432 461 494 505 460 453 439 421 383 370 284 276 223 145 84 35 
31 100 173 224 310 350 408 441 460 521 528 523 539 569 523 490 496 426 388 357 273 240 182 104 32 
43 124 190 278 310 441 466 502 544 591 623 608 678 586 612 570 562 531 475 400 337 246 187 120 39 
45 152 223 304 374 450 529 551 638 690 699 709 735 764 712 671 630 582 508 399 402 294 219 125 39 
52 140 219 314 437 528 585 608 679 772 803 790 784 779 790 726 631 634 556 489 398 327 220 147 48 
57 159 310 379 478 572 627 734 823 827 811 846 833 817 878 831 770 711 592 543 452 355 265 182 47 
52 189 283 407 529 632 735 792 865 864 930 1030 993 980 933 841 914 749 711 617 495 406 292 173 52 
2 13 7 16 25 27 30 38 33 36 35 36 28 35 39 37 27 36 27 22 19 17 12 7 3 
8 20 21 55 60 81 77 90 107 121 109 91 106 98 100 109 86 80 75 66 66 43 30 22 8 
10 19 49 63 72 85 92 109 124 134 125 137 123 174 119 116 127 118 107 80 79 58 40 31 14 
13 46 66 80 107 124 129 120 167 186 186 184 215 193 186 195 174 138 116 111 108 76 55 46 15 
9 57 72 115 122 154 179 206 218 212 224 258 238 252 222 230 189 190 187 143 111 102 61 39 17 
20 47 95 119 154 165 195 265 265 279 308 285 301 281 276 287 240 242 245 177 176 127 85 54 22 
26 63 116 146 185 250 257 297 333 307 350 321 348 334 360 301 283 252 267 238 177 169 121 68 25 
34 78 128 152 202 265 314 334 344 384 385 408 409 398 389 379 343 320 306 285 199 186 135 64 24 
40 83 155 210 271 292 371 418 418 452 474 438 477 482 491 441 400 352 321 278 244 207 123 92 24 
37 96 180 232 362 342 366 453 447 510 468 474 562 526 530 515 440 431 380 376 307 214 170 100 36 
41 121 215 296 343 393 455 540 573 567 617 635 617 637 574 611 568 514 491 377 362 260 186 110 30 
51 149 232 322 399 439 519 581 626 646 726 705 726 693 726 680 618 531 511 474 371 319 213 117 33 
53 134 278 329 415 483 533 669 683 749 780 753 788 813 755 717 732 623 601 524 429 336 268 143 53 
50 153 252 376 475 586 670 797 807 852 853 890 901 847 873 884 814 751 669 557 535 374 282 163 52 
63 203 307 439 534 672 702 782 863 927 963 1049 954 978 952 912 893 830 776 678 520 416 309 195 63 
56 201 336 486 588 697 795 917 975 989 1038 1073 1067 1079 1155 1009 1013 920 771 662 569 478 327 226 65 
1 4 16 21 27 29 39 36 32 36 44 43 43 53 49 46 44 30 42 35 20 19 9 7 3 
6 19 32 50 57 64 78 95 104 114 124 130 124 132 111 121 99 95 73 77 49 51 33 23 12 
8 36 47 67 101 112 120 145 149 148 159 169 151 164 171 160 139 124 105 132 64 59 61 33 10 
21 47 49 87 115 145 161 181 182 195 210 193 216 226 199 185 204 179 151 122 101 100 58 53 12 
16 46 86 113 144 176 204 216 222 247 227 258 275 262 250 247 210 204 189 150 140 114 86 50 18 
14 59 99 152 166 217 251 274 274 307 364 313 335 319 339 280 279 241 246 170 207 142 114 89 28 
27 64 98 168 207 255 268 307 345 370 423 407 380 369 385 366 338 288 284 253 224 194 127 61 23 
33 109 126 207 268 297 355 393 418 412 446 468 459 499 441 458 413 380 320 288 251 204 139 77 28 
36 94 180 212 296 312 399 443 487 488 588 567 513 559 550 501 512 456 407 335 293 248 183 113 40 
40 126 213 245 350 387 483 494 592 547 596 602 593 644 599 608 534 498 426 394 321 261 202 134 35 
62 179 232 323 367 464 529 615 672 652 710 722 722 713 743 676 642 615 527 453 344 308 204 135 55 
52 146 271 357 426 551 609 690 721 781 803 821 867 843 821 744 708 637 621 486 437 352 246 142 55 
56 162 294 386 485 585 663 763 881 907 849 922 901 911 900 896 850 779 622 542 478 386 307 176 68 
66 221 337 426 524 702 775 848 946 945 980 1014 1013 1030 1013 889 940 830 748 657 559 455 327 193 65 
71 221 363 459 614 705 802 924 1001 1075 1080 1114 1120 1127 1122 1028 991 942 857 731 609 464 349 220 71 
81 242 402 534 664 849 969 1034 1109 1176 1225 1149 1281 1230 1221 1139 1117 1038 933 794 696 514 370 252 73 
4 11 13 20 36 37 47 60 36 45 43 63 68 57 48 58 51 47 41 43 21 21 15 11 7 
5 30 61 59 85 87 118 100 127 126 171 179 149 147 145 161 138 137 112 109 73 48 34 32 7 
15 32 50 81 115 138 171 184 194 180 213 210 181 176 185 177 186 152 167 116 97 80 61 28 9 
19 46 85 134 162 156 177 233 243 220 233 275 253 260 251 260 217 209 181 173 140 103 73 37 16 
22 73 111 144 193 233 253 228 311 306 342 292 339 323 293 289 247 238 253 209 181 150 106 56 24 
33 67 121 185 234 257 287 314 331 363 381 377 399 399 387 374 316 328 299 279 222 177 140 71 25 
36 74 132 227 240 331 343 402 446 409 446 434 515 468 435 411 376 355 350 302 225 184 147 105 26 
26 98 184 256 304 321 409 452 503 504 506 538 606 521 551 529 484 440 390 395 302 233 180 113 39 
38 117 193 307 383 410 480 531 601 655 613 637 641 674 633 615 572 561 493 453 336 297 188 126 33 
50 163 270 347 444 424 543 602 644 706 765 787 823 738 755 696 671 615 531 479 398 342 256 168 50 
54 179 271 363 449 552 623 729 787 844 924 896 886 849 850 811 772 720 612 581 476 380 263 163 55 
67 199 304 460 552 649 709 763 878 884 938 962 952 958 945 948 857 802 695 621 480 388 261 163 73 
74 211 328 471 631 741 818 889 1013 983 1026 1077 1085 1125 1105 1006 985 931 861 723 621 448 336 243 84 
72 236 401 532 642 789 892 1055 1149 1143 1220 1215 1319 1241 1244 1181 1107 1028 925 764 633 539 397 260 89 
92 288 451 596 754 910 1056 1096 1230 1318 1424 1384 1410 1380 1353 1302 1179 1148 1046 914 748 587 408 246 96 
93 285 483 586 817 975 1120 1266 1372 1400 1459 1559 1458 1469 1498 1470 1315 1269 1217 898 769 659 449 294 101 
4 10 23 32 33 44 63 52 59 53 62 59 55 72 59 61 62 43 48 34 26 29 25 11 5 
11 42 57 70 71 117 119 113 154 155 138 185 149 163 154 156 149 138 129 112 88 77 54 28 10 
10 42 107 109 119 173 148 202 183 237 200 218 238 231 226 208 212 201 160 152 128 94 76 50 10 
28 50 90 129 149 204 193 254 230 282 313 290 324 322 273 273 281 225 211 199 152 113 88 66 19 
29 67 113 150 218 241 290 308 335 348 343 375 341 382 367 328 336 289 265 230 200 169 128 54 26 
27 101 132 204 260 278 328 404 380 453 461 468 415 443 429 424 389 374 334 280 258 197 121 92 33 
36 110 174 247 308 377 386 456 460 519 529 578 532 506 549 511 468 458 408 329 308 210 165 89 22 
45 125 200 309 313 438 479 540 540 600 628 634 671 607 663 614 577 556 448 435 326 247 188 142 48 
52 146 255 301 426 500 561 637 631 707 751 777 766 723 759 686 702 612 539 495 418 296 230 121 51 
56 165 279 374 487 573 654 742 730 852 883 833 903 892 891 847 776 678 650 553 423 362 282 145 72 
73 166 344 421 542 674 762 864 838 948 980 984 1000 1030 1001 966 901 804 780 627 535 413 311 212 64 
57 201 340 479 585 742 841 928 1069 1101 1087 1170 1090 1134 1169 1133 1060 912 835 749 610 479 368 201 59 
95 254 359 544 678 812 952 1106 1247 1106 1180 1186 1287 1246 1248 1236 1157 1041 896 851 747 524 420 252 69 
82 264 414 587 827 943 1063 1222 1326 1352 1392 1503 1381 1395 1392 1390 1315 1192 1084 885 789 577 457 255 76 
110 285 528 661 889 1046 1211 1406 1370 1444 1468 1635 1547 1554 1636 1554 1369 1280 1194 936 874 672 505 267 94 
122 347 555 749 977 1111 1307 1431 1573 1592 1716 1769 1829 1774 1753 1597 1497 1423 1287 1148 960 692 534 321 118 
4 16 20 25 34 56 53 60 66 71 64 76 73 67 67 56 60 64 43 51 51 27 20 8 8 
10 23 68 80 104 158 143 165 159 177 202 218 200 189 180 189 164 147 134 136 93 65 53 34 8 
21 44 86 115 124 172 193 242 253 278 260 249 240 283 245 217 228 215 196 161 127 104 83 52 13 
19 72 81 151 179 203 250 276 278 276 308 325 326 391 314 317 290 289 251 222 185 143 117 67 28 
22 73 131 166 234 293 323 337 368 407 391 459 405 409 403 388 405 345 279 252 262 222 115 88 26 
27 87 172 215 262 320 388 467 448 498 477 522 553 480 495 477 464 435 356 322 258 220 135 73 30 
35 112 175 277 336 394 448 507 548 606 679 665 620 639 618 557 550 507 465 407 344 279 198 117 38 
47 146 242 325 419 540 532 617 652 725 724 769 750 730 663 696 644 553 550 489 406 304 237 128 42 
64 184 303 385 441 569 649 713 762 831 876 895 900 899 803 755 741 676 636 547 490 372 276 149 55 
63 187 326 443 545 641 743 801 872 943 992 985 1066 1047 1012 953 896 805 700 646 536 402 295 199 69 
64 182 373 477 610 701 804 867 1034 1146 1153 1157 1165 1194 1089 1007 1018 946 825 739 560 471 339 227 62 
93 250 424 577 730 818 938 1062 1171 1244 1347 1364 1342 1372 1242 1151 1140 1026 975 775 733 569 428 236 69 
91 269 478 609 811 913 1058 1165 1318 1407 1515 1530 1496 1462 1427 1381 1325 1196 1054 955 757 657 399 281 86 
96 305 492 743 866 1054 1212 1308 1445 1596 1559 1652 1617 1549 1613 1546 1439 1294 1174 1008 837 688 550 310 104 
128 351 533 762 996 1146 1348 1504 1596 1616 1786 1799 1805 1840 1747 1639 1559 1511 1330 1120 1004 798 553 332 110 
115 394 612 839 1096 1268 1496 1635 1837 1860 1866 1912 1998 1993 2060 1975 1768 1630 1514 1271 1091 841 600 353 118 
10 18 16 45 46 59 75 63 101 76 89 95 89 96 91 81 83 57 78 52 48 28 18 9 6 
16 38 62 104 136 160 194 185 219 239 209 215 234 231 233 204 200 137 172 146 97 92 67 41 16 
16 50 100 138 179 195 241 242 262 271 315 345 324 292 309 247 257 254 235 173 125 124 91 57 18 
24 72 122 161 236 251 276 366 375 342 378 414 409 365 405 357 322 306 310 255 220 176 117 69 22 
34 104 152 228 285 317 378 426 460 436 461 487 511 526 497 499 420 437 382 331 247 183 169 122 36 
32 90 194 273 304 383 454 504 551 577 579 617 606 593 609 590 542 514 442 407 367 298 186 130 38 
49 144 184 289 422 458 543 612 664 692 678 698 726 778 753 653 629 601 552 490 432 318 229 143 49 
58 171 268 418 487 570 677 734 813 794 831 905 898 893 853 840 831 779 650 616 447 336 299 130 56 
58 198 311 430 579 678 741 882 921 997 1043 1047 1035 1070 1029 969 900 853 751 710 587 389 310 188 55 
78 264 364 537 617 751 852 939 1080 1096 1141 1209 1241 1189 1208 1109 1063 1002 898 792 627 506 360 249 66 
91 268 463 618 758 963 1045 1135 1278 1332 1362 1443 1387 1347 1343 1267 1124 1094 1003 887 724 615 432 238 85 
102 290 472 715 881 982 1158 1275 1347 1484 1513 1559 1586 1589 1473 1416 1336 1251 1156 1008 827 669 493 280 109 
109 326 506 823 973 1166 1303 1431 1564 1667 1745 1594 1729 1715 1724 1668 1507 1366 1232 1133 941 746 548 299 119 
109 374 570 839 1122 1257 1348 1532 1687 1841 1875 1929 1965 1934 1947 1839 1715 1563 1446 1162 1072 825 627 339 107 
142 407 689 912 1183 1383 1588 1813 1932 2023 2087 2155 2218 2235 2172 1988 1954 1761 1564 1416 1162 983 656 401 144 
152 461 762 1085 1322 1582 1681 2001 2147 2297 2374 2287 2374 2350 2387 2140 2051 1881 1636 1522 1280 987 698 475 133 
3 13 31 45 52 73 81 90 93 91 88 93 106 97 99 105 96 85 59 68 54 43 36 17 7 
18 41 86 121 138 196 201 206 199 209 262 253 276 275 248 257 234 201 206 178 123 116 86 41 9 
23 67 94 133 195 239 257 291 317 313 354 390 358 360 307 304 337 255 238 217 182 146 99 70 27 
19 94 134 208 253 308 349 398 434 433 431 450 490 487 433 399 379 347 338 267 221 205 137 87 19 
32 101 182 237 325 377 437 469 490 534 531 545 569 593 522 523 483 435 398 394 307 245 195 114 30 
37 137 216 336 383 455 497 621 644 666 694 681 669 689 640 647 593 576 551 477 351 306 228 130 43 
41 165 271 353 407 528 584 715 703 760 822 856 860 884 870 822 750 688 612 547 437 399 267 159 48 
68 202 324 415 506 630 742 779 899 929 957 1009 1001 962 945 915 883 776 733 616 564 440 298 199 61 
76 215 360 531 633 742 841 985 1099 1075 1193 1226 1186 1212 1196 1082 997 986 800 757 645 505 316 216 76 
86 277 423 613 778 869 1017 1099 1173 1309 1351 1384 1355 1331 1337 1236 1203 1129 999 870 715 602 456 260 83 
100 299 501 635 867 1024 1086 1311 1387 1476 1539 1559 1567 1517 1471 1427 1363 1244 1150 1047 847 646 477 262 99 
104 341 592 781 920 1112 1232 1432 1530 1658 1683 1785 1799 1764 1622 1685 1578 1472 1220 1107 954 760 565 329 110 
133 371 613 858 1040 1333 1451 1600 1748 1885 1928 1979 1972 1968 1908 1883 1771 1707 1426 1259 1073 844 612 385 125 
137 396 768 965 1214 1398 1654 1791 1897 2064 2126 2217 2149 2182 2085 2036 1847 1763 1630 1427 1180 883 718 383 100 
153 507 770 1030 1388 1627 1828 2067 2175 2213 2382 2512 2453 2375 2369 2237 2075 1921 1702 1585 1266 1062 746 439 165 
155 523 825 1214 1457 1739 2054 2280 2285 2504 2663 2768 2726 2642 2640 2467 2289 2225 1940 1731 1455 1133 800 544 179 
7 18 29 56 72 73 72 88 95 94 124 122 93 109 120 104 94 98 74 72 69 48 40 22 8 
11 49 100 118 161 209 210 252 243 270 292 256 288 311 291 270 262 216 206 191 174 129 97 58 18 
27 59 111 172 208 231 278 302 354 376 401 419 400 402 351 409 327 312 294 270 244 145 115 70 25 
30 81 161 205 286 339 404 380 487 518 513 535 540 482 479 480 481 389 388 295 268 204 173 101 31 
42 116 209 280 357 426 527 526 593 592 653 599 642 666 616 601 576 527 455 445 373 270 201 111 34 
57 164 265 316 398 560 524 649 710 692 786 789 806 785 760 702 693 686 599 476 434 338 223 144 44 
62 192 341 439 502 626 735 796 832 859 912 923 954 918 1053 862 869 779 689 606 491 416 277 154 49 
65 207 355 450 628 737 791 968 999 1122 1071 1115 1120 1080 1148 1044 956 900 855 680 595 470 329 214 48 
79 267 410 578 753 865 931 1176 1114 1210 1304 1267 1319 1355 1297 1241 1157 1070 957 837 686 536 405 241 74 
89 298 489 664 857 1012 1175 1252 1384 1394 1400 1479 1524 1527 1517 1448 1314 1273 1080 1001 779 647 477 298 96 
95 311 556 754 953 1135 1255 1422 1563 1606 1669 1630 1752 1746 1694 1709 1539 1409 1299 1132 940 748 526 336 109 
110 358 594 776 1084 1259 1410 1628 1801 1816 1947 1966 2006 1939 1954 1851 1750 1590 1495 1223 1083 862 597 381 122 
118 412 709 978 1218 1458 1634 1939 2012 2034 2221 2203 2198 2201 2136 2094 2009 1829 1605 1413 1078 932 680 403 137 
146 466 743 1007 1360 1597 1870 2048 2222 2268 2401 2454 2490 2439 2475 2282 2268 2023 1857 1550 1312 1019 763 440 152 
184 513 839 1218 1504 1829 2080 2256 2411 2541 2777 2853 2875 2738 2701 2526 2450 2213 2046 1772 1488 1177 843 489 159 
193 621 946 1327 1637 1933 2277 2508 2785 2833 2942 2993 3044 3010 3021 2763 2639 2462 2140 1865 1611 1257 947 567 212 
8 26 35 54 74 79 105 105 98 124 133 156 143 148 125 127 124 108 110 94 78 45 37 27 11 
12 59 118 137 193 233 260 273 336 361 377 330 328 346 352 335 289 311 279 216 171 137 101 77 25 
35 95 140 203 269 306 348 409 438 471 429 478 467 486 454 417 381 374 323 318 237 203 155 86 35 
43 114 203 302 393 390 452 475 562 592 583 612 622 625 580 573 498 468 474 418 305 261 201 129 42 
53 131 251 338 440 523 566 671 692 699 729 734 817 742 721 716 647 627 563 462 422 298 248 145 49 
56 159 292 442 513 560 672 768 855 864 876 992 938 980 891 833 767 754 688 559 536 407 279 177 57 
82 201 353 482 615 716 848 890 1006 1106 1173 1090 1152 1161 1142 1057 1038 871 807 727 605 467 381 210 62 
90 280 433 641 733 864 958 1102 1227 1269 1256 1376 1353 1355 1253 1264 1185 1056 984 900 724 593 398 243 80 
110 318 494 670 849 933 1097 1348 1445 1457 1637 1648 1593 1519 1458 1422 1332 1215 1143 939 789 687 476 312 98 
113 351 560 777 976 1179 1361 1459 1575 1719 1747 1765 1776 1861 1707 1739 1568 1473 1309 1103 993 744 585 349 128 
142 390 648 891 1071 1304 1558 1625 1840 1888 2016 2162 2094 2014 1974 1963 1850 1672 1531 1351 1186 912 616 358 136 
133 470 753 1030 1319 1479 1680 1905 2035 2246 2217 2381 2272 2396 2295 2193 2099 1806 1692 1522 1268 958 749 447 144 
166 450 859 1123 1387 1675 1919 2181 2355 2460 2609 2662 2635 2624 2623 2450 2305 2098 1933 1654 1458 1080 821 468 150 
194 577 939 1217 1615 1909 2183 2437 2656 2768 2835 2997 2937 2942 2799 2623 2506 2272 2120 1818 1524 1206 935 529 166 
220 637 998 1491 1775 2078 2462 2650 2893 3094 3174 3240 3296 3284 3174 2949 2836 2509 2372 2081 1720 1422 988 597 204 
240 623 1151 1564 1979 2370 2632 2883 3149 3419 3529 3642 3586 3593 3445 3364 3254 2865 2601 2341 1919 1555 1092 663 224 
8 35 48 54 75 104 110 117 129 138 161 156 162 168 166 148 122 129 96 99 72 56 44 26 12 
26 55 130 193 206 237 313 349 360 385 384 423 390 416 365 366 326 356 279 213 222 162 127 79 26 
41 104 152 208 294 345 447 454 451 498 491 519 553 522 498 495 457 384 366 348 314 216 158 88 38 
50 133 210 296 385 491 525 547 607 636 660 718 706 641 645 653 542 578 491 451 403 261 206 127 39 
53 143 273 378 455 534 627 728 809 800 864 857 819 891 858 789 735 715 612 498 493 394 249 153 56 
66 198 314 452 600 701 749 829 936 1011 1052 1105 1065 1092 1015 1034 900 835 746 670 599 470 328 221 72 
83 245 424 539 663 750 952 1086 1133 1253 1243 1260 1345 1321 1221 1146 1107 1030 946 856 691 539 386 246 82 
102 269 481 663 862 944 1130 1226 1403 1430 1414 1527 1504 1504 1463 1382 1333 1171 1103 939 874 624 457 314 92 
107 325 584 736 967 1118 1294 1480 1562 1654 1728 1712 1684 1768 1771 1577 1536 1364 1348 1081 953 721 534 311 119 
129 379 686 875 1076 1265 1493 1621 1822 1800 1980 2094 2030 2001 2016 1915 1789 1665 1474 1320 1137 888 614 376 154 
159 466 748 1072 1268 1519 1721 1936 2137 2124 2243 2286 2293 2396 2251 2266 1998 1931 1666 1452 1326 984 724 449 154 
173 491 862 1145 1435 1657 1941 2203 2386 2531 2596 2631 2592 2714 2579 2409 2333 2108 1904 1692 1431 1157 858 475 164 
192 575 889 1297 1660 1904 2185 2422 2596 2847 2889 2902 3011 3049 2880 2750 2486 2287 2131 1942 1527 1322 897 560 195 
221 624 1007 1462 1803 2202 2392 2775 2940 3235 3185 3270 3327 3285 3184 3005 2924 2605 2395 2167 1704 1396 990 636 213 
262 671 1162 1587 1956 2408 2749 2937 3275 3405 3640 3611 3759 3638 3672 3409 3208 3000 2708 2357 1906 1583 1108 687 259 
277 783 1325 1865 2196 2497 2888 3235 3578 3743 3972 4018 3992 4023 3948 3762 3555 3244 2961 2566 2076 1736 1278 737 236 
14 24 42 84 102 115 139 116 125 161 157 166 169 173 151 162 146 129 121 125 95 62 55 33 12 
36 83 146 212 231 288 383 353 391 397 469 476 445 419 420 442 378 374 356 280 263 166 136 84 35 
39 95 179 239 354 406 445 518 545 577 576 612 582 548 561 580 538 446 423 403 320 247 169 118 34 
47 181 260 299 446 511 566 636 686 709 772 763 767 777 744 723 665 635 556 472 420 314 236 135 56 
63 181 377 405 545 659 676 778 854 969 972 922 966 951 937 904 849 777 655 623 501 380 280 189 67 
93 231 375 569 628 806 878 970 1045 1128 1242 1244 1172 1238 1214 1116 1032 920 896 772 636 507 338 201 80 
108 259 477 647 777 936 1029 1164 1250 1428 1430 1523 1499 1361 1340 1365 1302 1081 991 943 801 621 435 271 86 
104 321 525 701 945 1142 1255 1469 1510 1679 1720 1723 1670 1758 1692 1607 1490 1403 1212 1072 924 725 525 304 107 
123 384 619 843 1004 1259 1467 1573 1785 1845 1938 2055 1977 1960 1926 1868 1771 1640 1472 1285 1103 834 612 364 115 
152 418 688 990 1290 1407 1728 1927 2052 2140 2262 2321 2265 2377 2209 2174 2042 1885 1679 1459 1247 1025 741 449 153 
172 451 842 1152 1369 1705 1921 2197 2287 2477 2566 2640 2597 2549 2596 2440 2322 2250 1877 1578 1447 1174 833 489 150 
178 568 962 1382 1584 1962 2263 2405 2668 2780 2861 2930 3004 2821 2934 2837 2628 2378 2221 1852 1509 1240 951 538 168 
221 604 1068 1465 1843 2207 2492 2799 2942 3069 3294 3360 3494 3389 3221 3050 3041 2661 2453 2103 1796 1396 1027 651 224 
216 750 1146 1625 2014 2521 2795 3047 3316 3579 3667 3670 3736 3758 3635 3438 3194 3062 2639 2366 1993 1562 1163 677 232 
275 834 1356 1835 2219 2700 3070 3368 3677 3887 4062 4308 4215 4217 4031 3847 3711 3326 3051 2622 2145 1736 1269 734 244 
265 894 1504 1894 2385 2981 3453 3733 4001 4402 4554 4579 4700 4636 4416 4168 3980 3657 3255 2827 2374 1878 1399 858 313 
10 32 56 90 116 128 133 147 195 164 182 156 204 209 212 168 165 159 140 133 104 83 60 38 8 
27 105 167 203 270 326 357 431 433 454 509 494 535 487 455 481 394 405 350 315 291 206 154 92 31 
38 132 211 329 392 425 497 526 641 658 662 690 694 641 639 624 621 555 510 434 347 290 231 125 59 
52 158 267 402 472 608 651 756 775 833 870 868 921 857 815 799 739 751 625 557 463 373 268 163 48 
57 201 343 470 569 699 783 902 1017 1014 1113 1055 1162 1098 1063 1028 936 918 804 685 577 468 313 202 68 
93 263 449 574 739 891 961 1106 1214 1270 1328 1370 1329 1370 1300 1272 1161 1056 991 895 674 569 408 248 74 
102 319 511 747 929 1026 1178 1373 1437 1499 1664 1607 1670 1623 1553 1512 1478 1321 1219 1073 809 679 520 332 98 
140 390 583 818 1107 1216 1456 1548 1667 1887 1803 1861 1957 1894 1835 1866 1666 1594 1439 1180 1020 840 541 336 108 
132 447 734 950 1229 1410 1651 1811 2061 2094 2177 2255 2210 2261 2124 2099 1945 1868 1638 1423 1195 941 697 416 124 
155 475 796 1140 1393 1693 1967 2127 2363 2336 2533 2549 2492 2518 2473 2443 2225 2134 1912 1685 1341 1145 795 478 161 
183 558 894 1271 1707 1950 2173 2377 2560 2702 2823 2818 2847 2919 2875 2850 2545 2332 2093 1883 1514 1271 929 476 182 
224 655 991 1509 1785 2235 2442 2713 2955 3025 3176 3221 3371 3292 3216 3187 2893 2692 2405 2032 1713 1412 967 602 222 
216 680 1207 1594 2066 2466 2797 3205 3264 3530 3718 3691 3774 3747 3648 3591 3244 3057 2677 2452 1965 1609 1147 697 237 
246 806 1354 1782 2343 2730 3061 3447 3704 3956 3993 4044 4159 4189 4147 3995 3779 3377 3105 2663 2182 1800 1348 752 275 
282 911 1491 1981 2526 2910 3378 3952 4042 4404 4444 4433 4665 4560 4542 4289 4029 3770 3568 2957 2514 1945 1464 827 323 
312 919 1638 2064 2754 3341 3766 4301 4627 4807 5021 5140 4986 5083 4905 4801 4476 4161 3761 3261 2685 2135 1545 906 308 
17 40 66 102 117 142 161 157 189 194 213 245 249 201 226 213 173 188 138 145 129 91 62 54 15 
30 99 191 244 291 378 429 427 473 509 480 553 536 540 555 486 451 453 406 326 304 242 172 92 41 
41 166 261 313 420 466 605 597 652 702 724 704 769 715 721 685 663 619 524 467 457 355 214 148 43 
54 167 302 405 524 643 732 744 858 831 896 942 917 1008 923 886 830 798 736 560 508 403 339 188 80 
82 224 409 560 674 774 891 1006 1015 1152 1180 1236 1224 1188 1234 1082 1083 1024 885 802 680 514 358 243 85 
112 275 493 627 801 965 1094 1240 1338 1411 1518 1518 1591 1482 1432 1411 1372 1253 1140 996 840 685 471 290 101 
115 347 633 764 989 1166 1260 1480 1615 1807 1814 1831 1895 1830 1766 1708 1635 1443 1367 1139 1021 740 560 347 100 
144 417 719 912 1205 1384 1595 1762 1915 2032 2138 2148 2247 2170 2090 1937 1973 1749 1542 1399 1224 901 662 391 137 
186 506 772 1105 1378 1626 1881 2071 2221 2417 2400 2528 2654 2546 2420 2385 2209 2017 1792 1626 1405 1058 741 452 164 
195 557 938 1309 1671 1951 2171 2371 2621 2820 2929 2926 2889 2909 2771 2693 2642 2345 2240 1884 1550 1259 879 501 198 
235 635 1067 1416 1841 2162 2493 2687 2958 3092 3316 3495 3359 3338 3189 3072 2962 2677 2424 2102 1702 1351 1022 588 243 
239 716 1150 1682 2048 2412 2800 3098 3310 3546 3639 3670 3795 3714 3719 3515 3356 3061 2780 2375 1949 1588 1167 688 247 
265 797 1423 1854 2344 2719 3242 3468 3625 3951 4246 4307 4447 4202 4108 3923 3730 3415 2995 2711 2235 1776 1211 782 258 
310 859 1476 2096 2656 3048 3528 3835 4176 4596 4646 4737 4729 4715 4453 4361 4047 3769 3410 3056 2426 1998 1419 882 302 
331 974 1614 2203 2836 3516 3868 4285 4674 4893 5076 5088 5254 5200 4979 4896 4568 4138 3805 3353 2753 2214 1630 982 318 
402 1081 1751 2385 3182 3714 4305 4626 4990 5430 5650 5536 5799 5606 5562 5185 5029 4614 4217 3607 3083 2409 1714 1062 374 
10 36 75 98 137 138 177 184 201 235 263 215 245 264 202 217 237 189 165 172 112 119 69 49 11 
39 120 217 282 329 443 446 532 532 586 622 616 637 611 591 571 548 503 442 393 339 263 201 118 38 
54 178 252 372 501 584 634 702 721 746 807 848 782 855 830 737 742 692 622 574 474 357 239 151 48 
65 205 361 471 637 730 793 880 980 1062 1084 1067 1101 998 1084 1008 949 918 839 681 572 451 334 211 72 
86 258 427 583 724 886 1063 1069 1181 1292 1399 1344 1335 1384 1352 1259 1202 1120 954 903 723 615 467 270 95 
108 331 530 724 954 1070 1285 1299 1468 1597 1695 1693 1666 1692 1643 1609 1536 1369 1270 1117 943 745 527 353 106 
133 383 654 917 1110 1336 1501 1693 1796 1864 2072 1999 2080 2034 2019 1909 1818 1691 1517 1311 1128 894 723 369 132 
156 425 794 1000 1393 1554 1753 1962 2159 2248 2270 2476 2480 2362 2342 2103 2119 1965 1788 1570 1266 1050 778 430 152 
185 550 921 1239 1532 1822 2180 2340 2503 2702 2881 2880 2918 2844 2811 2646 2527 2302 2104 1766 1487 1191 895 556 181 
216 673 1073 1464 1843 2156 2417 2586 2864 3174 3139 3231 3237 3224 3145 3093 2882 2719 2434 2053 1726 1399 997 612 190 
263 729 1162 1633 2022 2435 2659 3133 3276 3477 3620 3718 3772 3563 3728 3466 3277 2910 2621 2497 2047 1592 1145 721 230 
276 862 1376 1874 2368 2774 3182 3434 3709 3894 4179 4253 4241 4175 4060 4039 3650 3487 2982 2685 2310 1759 1343 787 240 
296 896 1566 2021 2608 3068 3530 3958 4274 4432 4648 4494 4806 4889 4558 4497 4189 3826 3386 3024 2513 2004 1423 872 297 
335 1068 1648 2292 2906 3409 3908 4267 4645 5122 5130 5240 5321 5288 5197 5009 4684 4182 3730 3364 2794 2270 1643 969 320 
348 1147 1811 2506 3257 3753 4317 4961 5215 5633 5683 5837 5878 5613 5695 5498 5049 4640 4286 3733 3087 2435 1798 1067 362 
417 1270 2069 2885 3501 4152 4816 5273 5815 5937 6243 6234 6525 6345 6200 5974 5870 5178 4685 4142 3395 2761 1886 1131 405 
18 48 90 104 173 189 226 250 252 291 266 276 285 264 249 244 255 236 184 180 154 124 93 46 20 
45 143 236 322 364 454 527 643 658 717 752 745 742 727 699 681 643 591 557 458 355 293 207 99 44 
51 177 314 438 557 644 754 793 910 885 971 951 986 980 924 885 879 791 704 611 520 393 297 211 54 
75 220 398 558 689 816 927 1055 1098 1225 1305 1253 1342 1236 1217 1141 1083 1008 880 833 662 500 407 187 63 
111 308 516 706 852 1038 1210 1362 1474 1499 1559 1607 1562 1638 1574 1450 1285 1304 1210 1015 835 674 542 275 103 
116 404 591 870 1102 1256 1418 1576 1693 1837 1766 1947 2049 1918 1899 1759 1626 1642 1497 1224 994 814 542 339 119 
125 395 757 1018 1270 1465 1716 1965 2163 2225 2257 2386 2395 2348 2244 2261 2071 1968 1643 1500 1249 1000 728 397 146 
174 530 880 1223 1469 1748 1981 2265 2451 2703 2799 2857 2919 2717 2774 2607 2401 2286 2067 1702 1525 1158 841 487 206 
174 637 1025 1406 1832 2074 2348 2679 2889 3182 3320 3366 3213 3289 3073 3078 2830 2594 2362 2026 1741 1322 1004 648 196 
234 738 1102 1554 2120 2492 2854 3175 3217 3491 3769 3880 3802 3730 3695 3451 3366 3024 2801 2297 2080 1633 1112 699 237 
263 761 1356 1816 2259 2827 3112 3488 3865 3953 4287 4431 4344 4170 4158 3996 3730 3437 3128 2675 2354 1760 1293 786 298 
295 905 1547 2086 2679 3118 3532 4057 4320 4610 4695 4867 4865 4887 4637 4517 4245 3924 3539 3088 2595 2103 1568 857 311 
356 1029 1653 2371 2980 3530 4084 4429 4860 5143 5261 5470 5478 5329 5174 5131 4754 4494 3886 3398 3021 2364 1634 997 324 
406 1175 1925 2693 3288 4001 4515 4977 5326 5692 5985 6088 6073 5972 5939 5621 5256 4957 4315 3861 3242 2555 1825 1138 368 
431 1205 2157 2953 3648 4357 4930 5509 5846 6267 6484 6581 6571 6649 6458 6297 5880 5417 4768 4420 3529 2918 2078 1247 380 
503 1432 2310 3234 4008 4787 5551 6061 6440 6911 7146 7587 7363 7287 7063 6921 6426 6056 5454 4727 3848 3112 2342 1416 447 
20 50 96 149 206 199 234 248 294 294 296 294 326 298 293 322 281 251 218 186 148 117 92 57 17 
42 177 265 339 410 517 630 706 705 760 790 806 833 784 745 718 716 693 615 505 425 358 252 171 54 
76 195 342 478 566 705 818 873 954 1015 1028 1078 1049 1070 1017 1026 978 904 801 728 562 488 351 194 74 
100 255 475 647 775 944 1033 1180 1205 1301 1343 1403 1374 1411 1404 1346 1202 1152 1056 916 758 594 426 249 85 
111 327 560 738 992 1089 1269 1417 1618 1606 1674 1790 1849 1780 1692 1658 1506 1417 1308 1078 1032 747 541 328 115 
149 416 687 999 1235 1452 1587 1782 1980 2044 2121 2227 2144 2146 2178 2051 1887 1783 1527 1374 1106 917 668 380 128 
194 520 820 1168 1487 1661 1984 2131 2341 2470 2558 2501 2638 2605 2557 2509 2264 2130 1878 1623 1368 1118 767 467 166 
202 614 983 1330 1763 1950 2293 2577 2713 2885 2936 3052 3046 3082 3053 2975 2783 2595 2286 1991 1664 1302 959 609 190 
231 694 1098 1558 1979 2372 2690 2966 3200 3394 3553 3670 3625 3707 3538 3446 3184 2973 2641 2244 1902 1486 1098 650 215 
272 777 1349 1783 2228 2706 3147 3487 3784 3877 3987 4116 4117 4174 4111 4015 3570 3438 3017 2735 2202 1695 1253 805 263 
274 896 1530 2048 2559 3216 3625 4013 4256 4437 4654 4794 4829 4715 4553 4317 4197 3886 3318 2966 2553 2069 1467 836 281 
333 994 1704 2346 2960 3603 3998 4441 4813 5112 5403 5345 5553 5302 5146 5069 4654 4339 3957 3465 2814 2262 1676 1018 346 
400 1196 1864 2601 3346 3924 4464 5017 5304 5590 5896 6124 5959 5948 5796 5636 5432 4820 4381 3874 3156 2555 1797 1096 389 
414 1253 2048 2914 3663 4382 4952 5465 5837 6307 6436 6477 6801 6651 6540 6448 6016 5394 4734 4317 3528 2745 2048 1140 429 
481 1440 2288 3207 4038 4857 5517 6187 6545 7055 7317 7492 7442 7446 7013 6933 6635 6031 5417 4585 3852 3065 2220 1391 495 
518 1506 2651 3559 4521 5327 6216 6903 7307 7687 7994 8100 8310 8275 7890 7697 7277 6623 5980 5178 4398 3464 2431 1544 504 
19 63 103 138 176 223 276 250 262 307 313 316 342 341 355 309 296 278 240 216 199 157 103 64 17 
59 167 269 422 479 576 692 699 775 832 857 847 864 869 841 851 758 719 670 566 467 361 287 151 48 
81 229 382 514 663 786 837 950 1089 1194 1196 1161 1224 1229 1223 1083 1019 917 858 750 620 482 360 207 83 
103 292 495 672 873 973 1166 1226 1377 1443 1472 1529 1581 1502 1562 1453 1355 1266 1124 990 811 671 439 268 91 
117 386 579 839 1047 1305 1477 1592 1724 1865 2013 1853 1943 1899 1911 1816 1762 1560 1374 1216 1106 853 602 343 139 
155 476 798 1082 1268 1538 1874 1894 2113 2146 2212 2411 2334 2449 2336 2141 2127 1833 1735 1541 1210 1031 698 440 148 
168 583 853 1214 1546 1843 2151 2378 2578 2724 2897 2908 2934 2858 2768 2664 2512 2302 2130 1815 1511 1226 949 515 195 
199 605 1057 1524 1894 2263 2480 2819 3022 3216 3344 3418 3439 3279 3246 3160 2973 2898 2490 2137 1864 1471 1065 628 218 
234 714 1308 1658 2116 2576 2923 3254 3468 3693 3986 4076 3962 4011 3800 3746 3548 3088 2854 2506 2145 1599 1187 775 257 
321 844 1482 1950 2434 3008 3368 3709 4025 4397 4432 4570 4643 4522 4485 4212 3899 3683 3177 2954 2477 1900 1426 882 294 
345 954 1634 2236 2932 3417 3931 4308 4490 4870 5097 5136 5181 5003 5025 4838 4501 4200 3861 3359 2800 2212 1566 1081 317 
394 1184 1892 2526 3208 3848 4405 4903 5296 5432 5709 5807 5839 5861 5705 5381 5147 4692 4399 3679 3142 2498 1785 1115 386 
429 1255 2132 2995 3621 4236 4718 5339 5812 6096 6510 6604 6577 6535 6342 6220 5832 5399 4777 4255 3489 2785 2020 1194 371 
512 1405 2255 3281 4010 4710 5450 6039 6469 6983 7190 7292 7309 7310 7108 6873 6411 5945 5360 4639 3891 3126 2225 1379 481 
552 1588 2603 3526 4574 5331 5909 6725 7166 7554 7882 8080 8050 8150 7761 7504 7109 6610 5958 5273 4288 3453 2460 1542 510 
612 1748 2783 3955 4937 5885 6776 7366 7975 8490 8725 9047 8965 8907 8704 8498 7759 7185 6371 5573 4819 3784 2673 1654 588 
18 74 112 176 218 275 275 315 357 342 348 420 385 356 341 341 320 292 253 231 205 162 122 71 20 
63 186 338 396 568 649 736 799 876 937 1030 944 949 1025 986 916 854 762 689 644 503 456 306 190 61 
84 282 424 546 673 898 1035 1059 1233 1317 1298 1272 1371 1314 1324 1293 1163 1051 950 829 753 635 360 241 89 
124 287 561 792 881 1083 1308 1398 1530 1615 1711 1753 1709 1717 1690 1575 1540 1458 1267 1134 942 701 556 326 114 
125 451 636 917 1147 1389 1645 1736 1965 1959 2051 2253 2186 2124 2090 1970 1857 1803 1549 1393 1179 933 685 402 149 
168 532 875 1166 1435 1809 2012 2174 2426 2536 2691 2699 2719 2701 2607 2419 2328 2182 2003 1760 1412 1158 807 458 166 
225 647 1019 1340 1759 2117 2264 2651 2859 3055 3094 3189 3222 3225 3190 3099 2875 2512 2267 1987 1775 1348 996 559 211 
248 675 1251 1703 2134 2441 2805 3133 3398 3537 3656 3871 3764 3894 3666 3657 3438 3126 2703 2421 2045 1570 1175 711 255 
292 867 1419 1913 2401 2914 3280 3654 4004 4142 4396 4481 4472 4496 4296 4120 4033 3639 3194 2720 2343 1914 1323 836 274 
338 1007 1639 2286 2807 3320 3879 4196 4554 4796 5202 5253 5221 5161 4907 4685 4475 4174 3669 3189 2673 2118 1623 954 312 
354 1081 1858 2555 3093 3788 4459 4849 5237 5681 5630 5827 5945 5812 5846 5653 5100 4785 4447 3797 3132 2555 1838 1135 365 
423 1248 2076 2900 3561 4414 5067 5390 5922 6160 6512 6582 6670 6528 6274 6346 5848 5341 4883 4185 3578 2728 2030 1243 403 
516 1402 2310 3188 3935 4867 5542 6031 6722 6827 7226 7611 7277 7395 7218 7032 6625 5918 5331 4650 3925 3242 2323 1360 468 
522 1555 2665 3604 4428 5404 6027 7058 7282 7857 8092 8438 8370 8330 8068 7644 7406 6686 6076 5314 4476 3514 2764 1495 546 
573 1757 2879 4017 5157 5986 6880 7672 8094 8573 8984 9243 9289 9174 8791 8730 7995 7389 6649 5954 5001 3764 2888 1670 609 
654 2026 3278 4436 5493 6541 7588 8348 9026 9658 10031 10030 10155 10088 9792 9495 9008 8260 7304 6478 5525 4233 3213 1910 664 
30 75 132 182 245 247 325 376 435 366 404 401 412 438 393 367 375 347 321 264 206 190 162 79 22 
66 207 321 483 614 665 742 921 909 1012 1076 1130 1126 1093 1057 977 944 916 763 687 592 459 342 206 83 
91 287 470 631 818 936 1071 1223 1347 1307 1396 1510 1385 1507 1447 1261 1224 1206 1068 908 771 575 418 306 89 
121 391 561 821 1032 1267 1433 1580 1728 1811 1928 1875 1926 1834 1906 1751 1636 1569 1369 1264 997 811 582 360 127 
168 414 766 1076 1293 1529 1811 1928 2109 2250 2348 2389 2402 2356 2378 2206 2121 1913 1673 1518 1266 972 738 439 159 
174 627 935 1235 1604 1815 2212 2411 2581 2800 3034 2869 2925 2929 2842 2714 2605 2349 2136 1821 1530 1257 931 532 194 
254 659 1124 1514 1969 2224 2632 2873 3163 3227 3535 3506 3569 3490 3346 3274 3109 2759 2640 2249 1850 1495 1165 647 208 
287 782 1308 1749 2302 2726 3017 3391 3717 3970 4201 4233 4255 4057 3996 3946 3625 3390 3057 2717 2224 1811 1321 779 259 
327 922 1504 2200 2615 3195 3648 3963 4267 4580 4850 4941 4925 4913 4691 4499 4332 4001 3630 2993 2612 2074 1547 921 283 
381 1116 1739 2389 3097 3534 4144 4627 4966 5371 5535 5758 5759 5597 5507 5201 4839 4451 4092 3538 2970 2349 1755 1056 370 
414 1204 1990 2755 3573 4147 4753 5305 5581 6156 6356 6392 6518 6457 6118 5908 5725 5185 4564 4016 3325 2704 1899 1207 425 
446 1435 2415 3177 4058 4656 5382 5969 6427 6923 7045 7440 7301 7290 6952 6637 6495 5757 5260 4651 3884 3097 2187 1362 403 
513 1622 2567 3547 4419 5269 6040 6666 7109 7771 8048 8188 8254 8097 7867 7622 7174 6480 5972 5151 4365 3324 2511 1454 473 
570 1827 2853 3979 4922 5843 6846 7299 7979 8405 8944 9151 9222 8997 8865 8609 8006 7275 6518 5750 4863 3715 2767 1633 536 
661 1944 3079 4211 5452 6326 7545 8262 9046 9439 9841 9709 10049 9870 9785 9193 8680 8068 7336 6248 5278 4195 3068 1890 648 
730 2063 3492 4785 6221 7100 8229 9248 9768 10280 10770 11117 10948 10876 10658 10329 9775 8873 7883 7038 5812 4776 3313 1975 642 
26 89 152 211 250 300 337 368 421 445 441 463 476 454 493 414 387 375 323 278 238 197 176 99 34 
77 229 337 543 634 850 896 991 1046 1122 1153 1122 1267 1183 1178 1134 1065 1049 863 791 666 524 379 227 77 
114 326 475 747 925 1109 1226 1227 1384 1566 1544 1607 1615 1695 1546 1534 1417 1328 1168 1055 856 662 540 290 92 
121 411 691 855 1083 1384 1559 1791 1829 1897 1968 2160 2178 2073 1976 1975 1878 1781 1587 1369 1119 843 642 356 116 
161 506 854 1150 1457 1716 2032 2243 2377 2472 2547 2592 2695 2632 2613 2509 2387 2176 1910 1725 1399 1137 842 507 179 
229 683 992 1430 1831 2144 2301 2685 2917 2988 3154 3183 3310 3250 3078 3012 2909 2604 2355 2089 1784 1396 972 576 211 
251 781 1225 1763 2179 2582 2851 3214 3523 3620 3791 3990 3946 3896 3862 3712 3376 3175 2881 2499 2031 1652 1234 723 245 
268 904 1434 2028 2612 3108 3431 3860 4079 4399 4555 4572 4723 4841 4574 4267 3920 3689 3321 2961 2489 2003 1406 863 274 
326 1011 1707 2434 2912 3565 4049 4425 4902 5206 5399 5498 5409 5371 5157 5081 4713 4372 3833 3359 2800 2246 1742 1006 348 
428 1229 2006 2755 3350 4013 4690 5178 5730 5812 6006 6177 6274 6279 6074 5796 5323 5026 4602 4016 3329 2644 1962 1172 375 
452 1286 2232 3168 3899 4605 5088 5815 6225 6642 7094 7118 7098 7084 6964 6645 6269 5719 5197 4604 3853 3002 2217 1328 471 
528 1610 2497 3525 4346 5083 5990 6642 7227 7526 7934 7952 8025 8118 7867 7547 6920 6520 5799 5187 4293 3374 2570 1547 473 
563 1748 2835 3850 4850 5872 6589 7453 8038 8410 8853 9030 9094 9007 8773 8217 8088 7066 6598 5703 4781 3754 2819 1588 566 
634 2008 3181 4338 5661 6540 7469 8229 8960 9655 9838 10091 10065 10101 9608 9479 8867 8023 7571 6363 5295 4237 3172 1849 638 
679 2219 3507 4956 6098 7213 8125 9112 9721 10576 10861 11172 11170 11082 10890 10363 9600 8974 8139 7135 5969 4684 3346 2031 697 
811 2394 3871 5376 6746 8010 9133 10019 10817 11492 11989 12138 12461 12167 11809 11252 10852 9859 8837 7676 6599 5199 3787 2352 777 
36 83 178 235 302 339 349 423 473 480 499 516 524 519 525 481 444 386 362 291 277 190 146 89 25 
87 244 430 599 795 919 975 1123 1205 1298 1295 1333 1342 1362 1338 1310 1203 1092 1018 877 712 578 432 258 82 
110 346 541 818 1022 1213 1426 1463 1603 1724 1790 1850 1834 1848 1747 1758 1601 1509 1317 1179 984 790 556 353 107 
158 449 776 1018 1198 1577 1716 2009 2098 2264 2343 2319 2411 2362 2322 2130 2121 1965 1790 1545 1290 960 714 427 155 
188 547 956 1283 1619 2037 2222 2451 2623 2769 3017 3025 3144 2993 2936 2811 2720 2462 2143 1987 1602 1277 949 556 188 
229 694 1115 1636 1992 2413 2676 2982 3386 3428 3603 3618 3714 3611 3546 3471 3222 3014 2702 2377 1939 1550 1163 667 238 
286 825 1406 1876 2478 2854 3340 3690 3934 4116 4397 4373 4518 4557 4275 4019 3876 3626 3262 2871 2310 1846 1303 821 280 
344 1008 1658 2367 2921 3462 3916 4259 4766 4997 5147 5296 5296 5374 5196 5000 4628 4297 3835 3462 2805 2182 1643 1005 337 
389 1142 1913 2666 3264 4079 4546 5006 5529 5819 6068 6234 6333 6297 5953 5657 5371 5088 4537 3927 3312 2641 1883 1160 369 
447 1356 2261 3099 3871 4527 5238 5821 6396 6831 6970 7148 7167 7142 6936 6622 6240 5733 5171 4546 3782 2977 2239 1342 437 
515 1571 2543 3605 4470 5434 5978 6728 7244 7643 7907 7962 8255 8073 7878 7429 7033 6592 5935 5216 4348 3387 2465 1544 485 
584 1699 2751 4018 5101 5996 6703 7498 8170 8757 9062 9211 9192 9241 8869 8303 8031 7318 6726 5860 4898 3743 2786 1703 578 
644 2031 3253 4569 5687 6694 7730 8318 9103 9729 10098 10143 10346 10247 9858 9584 8956 8267 7328 6560 5580 4305 3048 1941 633 
714 2228 3652 5038 6173 7497 8441 9146 10205 10794 11293 11365 11558 11510 11107 10586 10007 9207 8275 7299 6173 4810 3516 2106 697 
824 2460 3912 5544 7159 8140 9402 10406 11233 11956 12346 12485 12903 12988 12390 11557 11163 10500 9242 7986 6724 5272 3835 2255 766 
902 2646 4399 6019 7680 8964 10234 11572 12344 13377 13775 13806 14005 13877 13585 13251 12289 11285 10128 8884 7572 5696 4193 2510 828 
38 101 185 260 320 346 437 442 507 579 597 517 529 540 492 516 468 463 436 364 292 249 184 107 27 
93 258 460 639 806 970 1024 1259 1298 1296 1308 1428 1488 1433 1407 1338 1243 1183 1059 894 796 608 466 256 86 
129 382 593 814 1070 1281 1380 1568 1644 1858 1887 1929 1940 1924 1896 1863 1719 1581 1448 1250 1043 808 566 369 105 
152 474 795 1102 1393 1579 1878 2116 2234 2396 2500 2632 2579 2578 2429 2332 2215 2094 1786 1645 1327 1106 807 474 196 
225 614 1041 1464 1727 2099 2359 2622 2910 3069 3282 3179 3169 3180 3169 2944 2762 2567 2263 2077 1688 1377 980 567 205 
244 760 1276 1710 2113 2551 2890 3242 3475 3658 3926 4010 3904 3817 3893 3699 3442 3163 2799 2493 2161 1593 1234 742 264 
292 867 1508 2024 2663 3080 3389 3916 4210 4466 4724 4661 4854 4683 4551 4333 4146 3780 3458 2874 2476 2008 1453 884 298 
356 1034 1746 2393 3034 3560 4154 4618 4835 5288 5488 5578 5553 5525 5375 5235 4871 4447 4101 3546 3013 2302 1692 1028 361 
453 1238 2091 2943 3491 4263 4865 5311 5727 6092 6311 6479 6552 6517 6288 6122 5668 5268 4752 4047 3404 2769 2011 1265 398 
478 1435 2408 3292 4086 4902 5541 6171 6660 7054 7341 7557 7640 7413 7187 7025 6609 6164 5519 4828 3963 3148 2361 1402 470 
553 1701 2720 3590 4653 5432 6354 6992 7664 8090 8382 8534 8534 8604 8399 7917 7397 6940 6032 5505 4588 3578 2652 1568 506 
628 1846 2983 4267 5331 6196 7173 8036 8567 9151 9364 9618 9745 9602 9365 9050 8461 7866 7026 6073 5073 4037 3038 1845 643 
712 2081 3372 4656 5963 7212 8072 8966 9700 10284 10648 10917 10988 10678 10545 10160 9490 8705 7950 6809 5845 4526 3309 1971 689 
767 2349 3831 5197 6637 7854 8932 9900 10605 11298 11775 12074 12079 11913 11695 11434 10575 9872 8913 7642 6444 5156 3694 2243 751 
852 2655 4264 5946 7306 8646 9840 11049 11809 12552 13084 13279 13517 13245 12939 12316 11697 10714 9769 8552 7063 5630 4247 2498 848 
899 2848 4581 6306 8023 9716 10977 12309 13033 13688 14445 14664 14760 14647 14236 13671 12966 11734 10703 9203 7946 6162 4484 2655 934 
35 118 207 272 356 365 436 509 534 538 612 625 676 608 597 583 539 517 469 425 284 259 194 91 48 
110 311 547 696 898 1049 1174 1289 1431 1585 1553 1631 1562 1641 1599 1545 1429 1297 1176 1035 913 729 466 305 91 
148 408 741 916 1241 1443 1664 1835 1923 2079 2126 2093 2195 2265 2174 2098 1975 1776 1635 1373 1152 893 653 424 119 
167 529 870 1231 1635 1828 2121 2256 2467 2791 2856 2914 2874 2857 2722 2660 2518 2268 2068 1848 1559 1180 879 502 199 
222 715 1096 1611 1919 2359 2826 2885 3305 3397 3428 3617 3602 3508 3524 3418 3197 2958 2664 2315 1945 1552 1083 705 217 
262 819 1351 1964 2454 2930 3278 3619 3913 4115 4411 4359 4494 4366 4228 4157 3793 3554 3142 2811 2381 1867 1321 794 262 
321 989 1685 2322 2926 3406 3993 4245 4671 4949 5307 5345 5356 5264 5064 4945 4530 4340 3807 3438 2894 2283 1610 996 315 
412 1181 1997 2733 3383 4071 4726 5139 5570 5968 6221 6441 6250 6244 6021 5710 5510 4981 4543 4065 3291 2637 2015 1188 384 
459 1419 2345 3214 4078 4735 5368 5989 6463 6914 7200 7318 7478 7389 7091 6702 6475 5852 5340 4728 4009 3147 2235 1329 471 
544 1634 2732 3646 4574 5449 6198 6847 7543 8050 8210 8322 8524 8416 8267 7977 7433 6750 6104 5395 4383 3623 2722 1630 524 
603 1771 3089 4311 5255 6326 7193 7769 8689 9084 9472 9771 9804 9525 9325 8876 8504 7826 7115 6134 4944 4036 2920 1786 625 
694 2076 3509 4802 5915 6935 8052 8948 9881 10077 10714 10838 11047 10802 10487 10035 9368 8934 7727 6882 5831 4508 3342 1894 697 
769 2422 3790 5350 6737 8010 9192 10050 10759 11451 11983 12147 12352 12075 11837 11331 10756 9826 8848 7739 6384 5252 3608 2297 719 
851 2606 4381 5920 7297 8759 10137 11051 12099 12838 13062 13533 13555 13550 13266 12504 11787 11039 9693 8416 7216 5731 4300 2536 811 
990 2961 4902 6408 8306 9923 11083 12130 13395 14183 14696 15301 15309 14855 14528 13984 13127 12014 10818 9390 8066 6437 4660 2747 954 
1106 3222 5174 7087 8965 10955 12272 13453 14748 15391 16229 16415 16442 16578 16054 15474 14468 13134 12039 10534 8802 7015 5000 3014 1059 
40 129 194 302 397 457 540 543 619 604 618 671 675 676 642 652 656 575 505 429 379 318 228 118 37 
101 340 552 778 998 1156 1308 1433 1518 1645 1697 1805 1833 1794 1814 1706 1502 1421 1254 1113 946 717 571 365 101 
166 467 748 1045 1286 1579 1685 1978 2142 2281 2447 2372 2467 2309 2342 2268 2214 1972 1878 1593 1272 1038 751 466 150 
212 640 1045 1369 1728 1999 2308 2628 2742 2961 3081 3117 3045 3194 3128 2869 2829 2540 2269 2012 1677 1311 985 619 182 
260 802 1251 1727 2200 2652 2895 3273 3437 3694 3858 3933 4001 3940 3780 3725 3577 3207 2821 2462 2160 1675 1249 752 225 
305 1000 1542 2063 2538 3181 3645 3997 4235 4651 4673 4926 4909 4759 4683 4474 4225 3793 3513 3072 2593 2041 1493 891 272 
404 1115 1826 2665 3348 3828 4380 4764 5257 5564 5742 5745 5806 5800 5701 5249 4974 4749 4347 3796 3110 2547 1777 1075 359 
434 1393 2078 2991 3738 4624 5029 5654 6094 6396 6838 6882 7142 6864 6780 6340 5947 5513 5046 4502 3653 2962 2143 1244 485 
512 1490 2652 3558 4338 5135 6034 6561 7188 7675 7807 8048 8015 8172 7930 7294 7040 6627 5937 5141 4170 3433 2497 1470 510 
576 1833 2918 4036 5102 5885 6626 7779 8177 8618 9148 9246 9282 9360 8953 8843 8227 7326 6742 5886 5046 4082 2836 1630 603 
657 2007 3366 4596 5946 6827 7710 8578 9582 10003 10376 10628 10500 10489 10201 9993 9255 8585 7687 6645 5530 4582 3263 2022 642 
767 2341 3864 5231 6607 7850 8854 9828 10617 11202 11497 11909 11860 11873 11519 11197 10494 9655 8597 7556 6384 5086 3713 2206 764 
901 2559 4237 5814 7431 8705 10152 11228 11823 12512 13030 13521 13323 13295 12879 12565 11697 10865 9678 8452 7029 5585 4108 2486 842 
937 2891 4751 6592 8130 9740 11163 12342 13181 13987 14574 15040 14912 14914 14581 13770 13099 12232 10900 9482 7963 6391 4378 2816 949 
1029 3188 5429 7240 8937 10621 12355 13661 14589 15609 16132 16605 16550 16405 16012 15500 14490 13176 11920 10384 8782 6929 5114 3147 1029 
1166 3583 5837 7865 9995 11698 13565 14947 16284 17062 17723 17979 18291 18024 17783 16801 15819 14561 13126 11246 9736 7638 5782 3292 1153 
48 131 239 343 389 529 605 602 612 720 745 744 725 806 727 738 695 644 579 491 434 312 260 129 57 
137 410 641 865 1083 1313 1478 1626 1817 1856 1968 2102 1985 2084 1970 1784 1719 1657 1459 1244 1000 923 629 374 127 
168 517 930 1154 1389 1655 1885 2294 2451 2519 2748 2690 2667 2753 2670 2553 2399 2243 1934 1724 1447 1116 818 500 166 
234 667 1148 1546 1913 2264 2628 2897 3153 3377 3425 3586 3530 3421 3344 3259 3131 2833 2551 2254 1862 1490 1070 683 210 
277 803 1409 2009 2405 2821 3534 3611 4011 4182 4454 4404 4386 4428 4270 4174 3876 3617 3254 2772 2363 1855 1393 814 277 
326 1084 1702 2320 3010 3576 3865 4400 4781 5136 5391 5500 5474 5452 5408 5073 4848 4286 4034 3538 2948 2362 1687 1018 346 
416 1324 2014 2863 3643 4276 4802 5347 5827 6165 6506 6707 6724 6627 6480 5966 5689 5296 4717 4144 3492 2760 2066 1223 389 
475 1455 2410 3361 4232 5032 5761 6483 6926 7340 7678 7857 7693 7776 7412 7161 6703 6075 5525 4900 4083 3321 2429 1439 484 
595 1729 2864 3920 5000 5859 6649 7487 8167 8429 8930 9009 9052 9075 8818 8369 7771 7349 6691 5748 4757 3820 2773 1676 572 
666 2025 3338 4549 5719 6683 7589 8488 9362 9733 10228 10374 10436 10233 10218 9628 8959 8317 7374 6565 5558 4418 3127 1876 680 
767 2291 3817 5118 6523 7565 8745 9867 10406 11097 11742 11931 11992 11921 11501 10867 10087 9534 8463 7478 6149 4966 3625 2133 741 
844 2624 4238 5781 7337 8737 9840 11048 11957 12724 13063 13338 13540 13329 12987 12345 11769 10636 9735 8346 7168 5607 4187 2523 791 
950 2971 4860 6557 8224 9819 10967 12258 13443 14165 14506 15093 15012 15042 14499 14004 13038 12178 10956 9358 8022 6410 4470 2748 936 
1095 3225 5244 7250 9118 10812 12162 13499 14868 15868 16518 16478 16912 16645 16249 15684 14332 13460 11930 10697 9002 7186 5093 3184 1020 
1214 3422 5824 8000 9957 11735 13876 15185 16504 17209 17950 18659 18513 18546 18096 17227 16016 14758 13469 11645 9763 7633 5566 3459 1081 
1290 3930 6314 8766 11091 13275 14999 16735 18137 19414 19628 20572 20191 20090 19724 18523 17568 16350 14546 12746 10844 8331 6140 3747 1280 
38 164 278 382 434 530 605 676 682 761 740 777 830 796 828 758 727 632 606 538 396 371 281 151 50 
146 423 628 940 1210 1432 1594 1719 1915 1963 1997 2132 2145 2144 2105 1973 1829 1684 1486 1375 1092 950 660 396 142 
161 564 917 1276 1525 1888 2187 2291 2508 2860 2817 2904 2842 2739 2754 2802 2546 2393 2169 1887 1495 1174 892 521 171 
256 768 1255 1685 1961 2441 2766 3069 3329 3356 3497 3794 3871 3719 3645 3418 3285 3121 2693 2397 1956 1523 1178 650 239 
304 895 1494 2011 2586 3013 3439 3791 4165 4434 4580 4610 4731 4652 4389 4295 4191 3728 3453 2929 2463 1969 1483 840 282 
386 1162 1781 2437 3169 3945 4234 4762 5130 5398 5701 5880 5916 5715 5612 5418 5051 4614 4139 3643 2920 2416 1788 1079 362 
457 1336 2261 3034 3817 4422 5160 5615 6215 6644 6714 6851 6791 6874 6782 6355 5919 5517 4940 4460 3712 2943 2091 1241 427 
531 1535 2481 3678 4569 5460 5971 6686 7197 7630 7990 8164 8213 8146 7953 7608 7223 6734 5850 5240 4397 3413 2519 1476 495 
583 1872 2976 4075 5104 6169 7083 7863 8621 8897 9236 9466 9623 9508 9206 8808 8339 7677 6850 5982 4990 4061 2922 1728 600 
677 2113 3460 4672 6030 7073 8026 8956 9687 10406 10909 11232 11098 10811 10526 10119 9560 8733 8024 6917 5620 4436 3374 1999 698 
760 2462 3925 5409 6819 8234 9277 10265 11078 11771 12260 12283 12525 12366 12114 11553 11056 9875 8931 7788 6585 5245 3895 2294 810 
866 2695 4521 6308 7699 9213 10553 11443 12488 13308 13721 14142 14240 13909 13720 13251 12245 11441 10174 8832 7490 5858 4308 2590 884 
1009 3011 4958 6919 8606 10395 11745 12827 14053 14759 15471 15766 15879 15500 15342 14554 13783 12671 11312 10094 8266 6741 4685 2952 953 
1142 3327 5572 7374 9654 11383 13281 14680 15737 16192 17267 17701 17608 17637 17045 16255 15203 14008 12709 11108 9234 7514 5289 3311 1122 
1259 3706 6158 8307 10480 12494 14313 15897 17334 18424 19045 19525 19775 19263 18791 17869 16780 15579 14003 12230 10315 8325 6080 3583 1187 
1403 4096 6720 9382 11706 13776 16046 17415 19053 20074 20943 21332 21344 21077 20896 20139 18588 17054 15275 13445 11128 8926 6504 3888 1324 
51 168 289 393 552 565 662 789 802 870 898 940 923 925 978 884 793 700 679 561 487 371 234 176 67 
148 464 797 1035 1333 1501 1731 1921 2174 2226 2333 2414 2430 2377 2272 2215 2114 1918 1678 1533 1176 1000 717 402 134 
209 640 973 1420 1746 2090 2370 2752 2783 3064 3148 3148 3190 3302 3144 3020 2833 2607 2398 2136 1760 1376 951 645 210 
288 836 1344 1786 2374 2766 3162 3411 3731 3899 4092 4198 4186 4234 4085 3881 3655 3406 3107 2643 2166 1723 1267 780 279 
350 1005 1623 2327 2883 3393 3957 4301 4632 4885 5123 5226 5294 5130 5113 4732 4620 4174 3834 3281 2857 2276 1575 1027 327 
407 1169 2015 2757 3585 4233 4811 5318 5837 5981 6228 6502 6449 6429 6223 5972 5622 5144 4570 4117 3472 2720 1987 1226 411 
455 1480 2378 3466 4263 5081 5736 6341 6785 7388 7603 7753 7637 7703 7582 7406 6787 6196 5531 4873 4161 3390 2277 1455 507 
623 1709 2860 3995 5102 5926 6629 7439 8142 8610 8964 9256 9171 9046 8925 8390 8008 7593 6619 5818 4968 4009 2777 1651 615 
714 2056 3324 4624 5741 6900 7951 8875 9458 9914 10645 10822 10568 10599 10435 9881 9297 8468 7899 6749 5659 4728 3323 2050 668 
784 2378 4021 5356 6659 8040 9279 10160 10676 11551 12146 12409 12171 12259 11802 11318 10882 9965 8754 7699 6489 5101 3707 2327 771 
975 2665 4394 6213 7564 9192 10380 11534 12672 13004 13685 14039 14205 13933 13412 12982 12559 11296 10207 8753 7418 6016 4389 2621 867 
1047 2975 5162 6956 8722 10321 11693 13011 13953 14819 15499 16103 15959 15477 15377 14724 13828 12940 11617 10092 8435 6773 4811 2968 964 
1188 3322 5841 7748 9787 11567 13303 14431 15622 16818 17079 17604 17862 17568 17107 16591 15452 14075 12965 11059 9553 7538 5378 3299 1116 
1269 3921 6311 8487 10637 12766 14982 16331 17522 18309 19468 19393 19893 19575 18959 18402 17081 15921 14319 12471 10490 8303 6001 3720 1222 
1439 4200 6894 9508 11887 14345 16212 17876 19342 20682 21450 22242 22006 21600 21020 20264 18968 17286 16178 13663 11459 9167 6562 3995 1420 
1557 4714 7694 10421 13379 15623 17644 19907 21152 22501 23468 23835 24124 23486 23422 22347 20859 19014 17406 15312 12829 9815 7396 4295 1511 
50 178 324 465 524 694 765 771 925 904 998 954 1031 1010 930 925 853 837 708 663 552 452 294 191 57 
166 497 812 1072 1412 1705 1871 2061 2216 2343 2504 2595 2605 2580 2567 2389 2266 2041 1942 1593 1293 1081 785 486 156 
226 712 1111 1556 1899 2337 2559 2881 3118 3295 3438 3592 3506 3509 3490 3205 3085 2880 2540 2239 1847 1447 1085 633 252 
303 866 1469 2024 2560 2867 3404 3761 4161 4195 4385 4411 4583 4552 4289 4233 4118 3640 3251 2768 2460 2023 1313 874 299 
349 1116 1829 2472 3144 3748 4213 4712 4919 5384 5633 5624 5686 5672 5496 5301 5062 4614 4121 3662 3071 2416 1743 1094 321 
452 1381 2261 3039 3878 4575 5306 5710 6134 6590 6848 7059 6992 6880 6827 6540 6156 5627 5089 4335 3827 2981 2196 1323 420 
543 1580 2594 3698 4543 5575 6073 6982 7422 8057 8181 8463 8492 8357 8258 7815 7411 6819 6127 5210 4485 3634 2547 1543 554 
671 1900 3104 4300 5274 6594 7344 8217 8872 9489 9468 9842 10156 9857 9668 9178 8672 8173 7178 6254 5329 4234 3109 1847 660 
781 2187 3814 5021 6375 7621 8552 9586 10218 11106 11451 11735 11655 11591 11138 10800 9930 9397 8434 7181 6025 4884 3489 2187 724 
837 2631 4287 5767 7326 8735 9958 10978 11712 12653 13078 13169 13315 13481 12993 12129 11505 10838 9624 8478 7089 5507 4107 2453 811 
990 2910 4855 6568 8291 10013 11286 12551 13625 14288 14599 15198 15415 15111 14803 14041 13341 12244 10997 9724 7996 6373 4752 2884 967 
1165 3233 5485 7513 9325 11100 12641 13991 15390 16342 16824 17010 17478 16951 16755 15741 15028 13774 12241 10732 9060 7254 5217 3202 1067 
1256 3806 6207 8247 10539 12641 14064 15620 17184 18115 18903 19506 19266 19204 18562 17702 16743 15284 13720 11946 10208 8225 5900 3573 1198 
1401 4054 6687 9363 11669 13984 16008 17439 19021 20104 20998 21197 21471 21124 20642 20004 18686 17067 15853 13344 11307 9108 6709 4003 1349 
1515 4578 7395 10192 12946 15366 17631 19567 20939 22008 23191 23597 23884 23562 22701 22002 20599 18982 16903 14880 12400 9966 7342 4414 1533 
1696 5180 8276 11359 14116 16679 19179 21496 23054 24540 25600 25951 26086 25947 25259 23900 22521 20927 19051 16468 13679 11002 7890 4825 1626 
62 210 411 449 582 686 829 935 981 1020 1090 1078 1037 1057 1031 1010 899 843 778 691 543 452 335 205 71 
158 550 877 1302 1546 1847 1954 2257 2451 2536 2639 2737 2766 2766 2735 2492 2500 2195 1958 1812 1450 1119 862 483 159 
243 708 1150 1631 2072 2456 2711 3039 3300 3643 3651 3724 3774 3684 3657 3574 3294 2978 2683 2451 1965 1557 1131 718 247 
303 958 1558 2164 2622 3247 3654 3958 4302 4570 4795 4796 4900 4872 4790 4477 4321 4026 3707 3072 2656 1983 1449 908 314 
408 1217 1976 2673 3276 3922 4594 4965 5396 5673 6000 6032 6235 6094 5818 5769 5351 4802 4487 3967 3303 2583 1825 1114 366 
495 1457 2367 3192 4129 4970 5595 6212 6740 6985 7309 7516 7420 7416 7275 7142 6702 6046 5422 4677 4032 3029 2269 1380 477 
554 1667 2864 3911 4974 5766 6779 7358 7861 8441 8886 8983 9060 9033 8651 8307 7869 7355 6574 5630 4819 3728 2798 1666 555 
692 2049 3397 4752 5974 7027 7979 8660 9640 9933 10271 10422 10711 10761 10269 9858 9258 8513 7699 6718 5737 4475 3265 2034 678 
821 2269 3904 5466 6830 8141 9324 10134 11048 11683 12006 12288 12339 12367 11851 11594 10794 9862 9005 7867 6665 5237 3784 2220 744 
923 2644 4549 6232 7750 9277 10489 11712 12783 13405 14016 14296 14449 14055 13993 13265 12434 11495 10457 8953 7532 6066 4516 2576 865 
1062 3109 4988 7106 8904 10708 11980 13340 14360 15237 15864 15946 16458 16237 15767 15190 14360 13038 11819 10243 8674 6932 4910 3137 1019 
1197 3555 5839 8044 9923 11855 13676 15209 16358 17414 17948 18406 18566 18295 17809 16773 15935 14640 13062 11828 9769 7697 5497 3380 1157 
1331 4029 6514 8983 11438 13456 15201 17174 18373 19323 20160 20608 20778 20309 19825 19162 17844 16363 14860 12952 10807 8762 6288 3807 1280 
1425 4377 7292 9962 12561 14936 17264 18621 20319 21471 22445 22713 23016 22857 22010 20978 20044 18477 16325 14697 12085 9597 7152 4232 1407 
1655 4822 8167 11085 13768 16390 18605 20636 22391 23885 24823 25345 25461 25419 24408 23242 21970 20155 18115 16083 13312 10702 7919 4707 1584 
1841 5380 8721 12181 15334 17773 20547 22683 24418 26391 27193 27914 27733 27777 26937 25968 24562 22103 20206 17591 14843 11635 8347 5254 1726 
61 234 379 490 649 773 851 953 985 1058 1149 1155 1149 1140 1134 1133 1053 943 897 779 615 479 366 230 90 
185 546 945 1325 1661 1976 2170 2483 2633 2850 2970 3083 3093 3014 2850 2832 2721 2456 2284 1961 1602 1314 945 567 214 
263 817 1310 1704 2289 2697 3003 3368 3638 3966 3987 4097 4072 3987 3992 3853 3454 3317 2987 2667 2268 1737 1303 790 256 
373 1028 1656 2307 2962 3409 3972 4370 4812 5043 5307 5231 5408 5247 5129 4965 4663 4334 3833 3373 2865 2225 1675 1023 337 
452 1266 2186 3025 3683 4332 4872 5464 5888 6199 6279 6552 6734 6577 6494 6229 5725 5343 4832 4188 3600 2778 2025 1169 427 
545 1620 2584 3688 4543 5350 6065 6730 7315 7677 8060 8252 8095 8119 7885 7576 7146 6579 5923 5136 4307 3461 2565 1538 481 
666 1978 3225 4399 5458 6323 7283 8023 8585 9276 9714 9820 9968 10002 9652 9113 8620 7845 7131 6232 5153 4056 2950 1839 635 
767 2227 3712 5036 6290 7439 8791 9490 10416 10956 11142 11477 11721 11681 11454 10907 10139 9346 8476 7423 6139 4882 3557 2063 749 
889 2631 4322 5832 7439 8753 9963 11335 12153 12771 13363 13581 13480 13482 13126 12516 11646 11119 9687 8551 7237 5659 4134 2549 839 
971 2965 5021 6765 8579 10085 11570 12933 13906 14576 15221 15507 15635 15247 15057 14437 13585 12579 11163 9830 8213 6457 4693 2838 954 
1119 3479 5459 7727 9692 11615 13111 14636 15749 16688 17035 17765 17626 17811 17255 16653 15546 14224 12795 11324 9316 7470 5356 3310 1052 
1323 3831 6343 8690 11159 13174 14690 16442 17923 18912 19485 20024 20032 19926 19748 18505 17271 16098 14113 12794 10698 8462 6119 3749 1299 
1427 4282 7098 9756 12132 14687 16680 18577 19933 20879 22040 22385 22689 21991 21582 20879 19713 17787 16298 14157 11709 9487 6847 4133 1343 
1637 4788 7744 10865 13637 16265 18762 20600 22504 23543 24444 25166 24978 24566 24156 22731 21847 20190 18020 15665 13308 10516 7515 4541 1572 
1771 5308 8636 12178 14988 17864 20300 22594 24304 25542 26932 27531 27260 27300 26456 25293 24052 21859 19831 17109 14838 11725 8455 5082 1738 
1887 5863 9639 13157 16638 19712 22446 24580 27050 28256 29291 30433 30517 30492 29209 27868 26707 24337 21865 18864 15989 12684 9405 5715 1865 
61 233 382 583 659 808 994 1076 1106 1180 1305 1278 1310 1323 1209 1210 1137 1031 924 840 687 504 440 265 87 
201 620 1022 1534 1788 2178 2421 2808 2987 3289 3366 3328 3324 3312 3177 3150 2892 2678 2375 2062 1782 1377 999 618 227 
303 808 1401 1936 2479 2877 3382 3719 4033 4401 4409 4586 4701 4510 4224 4212 3981 3571 3246 2841 2377 1837 1431 816 277 
435 1118 1874 2544 3198 3779 4304 4794 5326 5607 5843 5859 6022 5913 5677 5544 5110 4706 4344 3756 3220 2324 1772 1100 357 
483 1463 2381 3156 4135 4797 5348 6227 6599 6952 7143 7509 7408 7479 7232 6789 6279 5820 5352 4636 3974 3079 2300 1417 514 
618 1708 2767 3849 4931 5877 6614 7607 8069 8664 8729 9011 8729 8846 8811 8160 7746 7067 6482 5729 4754 3698 2795 1649 585 
727 2041 3434 4715 5826 7148 8066 9035 9424 10139 10460 10848 10859 10810 10436 9934 9440 8511 7943 6885 5669 4590 3251 2081 665 
774 2545 4029 5707 7020 8124 9460 10618 11195 12035 12442 12608 13037 12751 12549 11921 11274 10324 9347 8039 6829 5368 3896 2420 774 
951 2817 4588 6478 8143 9449 10837 12265 13294 14219 14292 14664 14606 14891 14506 14077 12839 11878 10727 9594 8045 6297 4485 2749 932 
1193 3374 5501 7442 9349 11002 12730 14217 15271 15862 16578 17082 16898 16930 16323 16013 14828 13796 12524 10725 9046 7143 5329 3162 1043 
1291 3778 6084 8471 10741 12747 14470 16324 17320 18192 19270 19688 19509 19386 18989 18101 16873 15828 14027 12520 10359 8214 6028 3592 1198 
1391 4292 6976 9569 12166 14182 16295 18142 19669 20544 21407 22041 21976 21778 21184 20489 19340 17669 16001 13859 11610 9188 6681 4024 1388 
1587 4808 7822 10989 13591 16105 18206 20280 21968 23027 23981 24963 24666 24519 23874 23128 21335 19864 17883 15673 13167 10348 7573 4585 1519 
1716 5263 8626 11921 14931 17849 20238 22586 24236 25708 26629 27140 27821 27097 26385 25217 23854 21990 19848 17139 14479 11504 8337 5009 1692 
1996 5779 9597 13459 16687 19751 22805 24988 26913 28525 29696 29990 30275 29995 29050 28267 26153 24219 21922 18956 16063 12756 9202 5567 1890 
2134 6501 10660 14626 18196 21538 24709 27438 29356 31083 32404 33200 33230 32937 31976 30743 28890 26663 24193 20842 17707 14059 10368 6040 2109 

