10683
10000
10000
50 16 25
2.000  12.000 0.200 
0.900  4.100  0.200 
0.000  1.000  0.040 
0 0 0 0 0 1 0 0 0 1 0 1 1 1 0 0 0 0 0 0 0 2 0 1 0 
0 0 0 0 1 0 0 2 0 0 0 1 3 2 2 1 1 1 0 0 3 0 0 0 0 
0 0 1 0 0 0 4 1 0 0 1 3 1 2 0 3 1 0 5 1 0 2 0 0 1 
0 0 1 0 0 1 3 2 5 1 3 5 2 6 1 4 0 3 4 2 2 0 0 0 0 
0 0 2 1 0 3 0 3 3 1 4 1 9 4 5 4 2 2 2 4 2 0 0 2 0 
2 2 1 0 1 4 2 7 5 1 0 3 4 4 4 4 6 3 1 1 3 1 0 3 0 
0 0 2 3 5 4 6 6 7 4 4 5 4 4 4 2 2 4 1 2 3 1 1 0 0 
1 1 1 2 4 2 2 4 8 5 8 4 4 4 8 3 1 5 3 6 5 2 1 0 0 
0 0 2 4 5 8 5 5 2 4 6 8 4 5 6 7 4 4 6 5 1 1 2 0 0 
1 1 4 4 2 3 1 7 4 5 8 5 6 4 3 7 6 5 7 6 3 1 1 0 1 
1 2 0 3 1 7 4 7 6 3 6 2 5 3 9 4 3 7 7 4 4 2 1 3 0 
0 0 5 4 5 3 5 9 3 5 4 3 6 4 11 10 14 3 4 6 4 5 0 0 0 
0 0 3 9 7 6 6 3 12 5 8 8 9 13 11 14 7 8 5 7 6 6 3 2 0 
0 2 2 4 7 9 5 6 17 12 9 7 11 6 12 10 12 10 8 8 7 3 3 3 0 
1 1 0 3 8 12 9 18 10 6 11 8 9 13 13 8 13 7 7 10 12 7 3 0 0 
2 1 4 6 5 6 10 10 11 14 11 11 13 11 11 7 15 13 8 6 9 9 3 5 0 
0 0 0 0 0 0 3 0 0 0 1 0 1 0 1 0 0 0 2 0 0 0 0 0 0 
0 0 1 1 2 0 0 1 3 4 3 5 0 2 1 5 1 0 1 0 0 0 0 0 0 
0 0 0 1 1 2 1 4 4 5 2 4 3 0 1 4 5 2 4 1 0 0 0 0 1 
0 0 1 0 2 3 0 3 3 1 2 3 3 1 4 4 3 0 3 2 1 4 1 0 0 
0 1 0 1 1 4 2 4 3 6 3 4 4 5 4 0 4 2 2 5 0 2 3 2 0 
0 1 0 2 1 7 4 1 5 2 4 6 4 7 4 7 5 7 3 4 4 1 2 1 0 
0 0 0 3 5 5 5 7 5 8 10 10 8 7 4 9 6 9 5 4 2 2 3 1 1 
1 0 4 2 2 3 4 5 6 11 6 4 13 12 6 8 6 5 9 6 5 6 2 2 0 
1 3 0 7 5 8 11 8 12 9 7 10 14 6 14 6 4 8 9 8 8 3 0 3 0 
0 2 3 4 3 11 6 9 10 18 14 10 13 10 10 7 6 3 6 7 5 5 5 3 0 
0 3 3 6 6 8 4 11 8 12 12 8 11 15 6 5 12 9 8 3 10 7 4 2 0 
2 3 3 5 10 8 5 13 12 14 6 10 10 9 18 10 14 5 8 6 8 6 4 1 1 
0 4 5 15 8 12 6 9 7 12 11 12 11 10 11 12 4 8 4 3 7 3 5 2 1 
0 4 4 9 8 9 13 9 16 11 18 11 26 18 9 16 16 11 15 15 8 8 6 3 3 
1 6 7 7 9 7 15 17 13 19 20 24 16 16 19 22 10 16 13 9 6 6 10 4 0 
0 3 9 13 8 6 10 13 11 17 16 22 19 33 33 11 14 12 12 13 15 9 6 3 2 
0 0 0 0 0 0 0 0 1 0 1 1 2 1 0 1 1 2 0 1 1 0 0 0 0 
0 0 3 2 1 2 3 1 1 1 0 1 2 1 4 2 1 2 2 1 0 1 0 0 1 
1 1 0 1 2 1 6 1 4 0 5 4 3 6 5 0 8 8 2 4 3 3 2 0 1 
0 0 0 0 4 1 3 1 5 3 3 7 7 2 3 2 4 4 3 1 7 1 3 1 0 
2 1 2 7 2 5 5 7 9 2 8 2 4 5 9 6 6 4 7 2 3 4 1 3 0 
0 0 2 2 5 5 6 3 8 5 17 8 5 3 4 7 7 7 5 2 3 3 5 0 1 
2 0 4 4 13 4 5 6 4 8 11 4 6 5 9 8 6 8 10 6 3 0 1 3 1 
0 3 5 2 5 8 9 2 5 7 6 8 5 10 12 8 5 10 9 3 5 3 4 0 1 
1 3 6 4 7 8 10 10 7 9 11 9 16 12 11 11 6 13 9 8 6 7 5 5 0 
1 3 5 5 8 7 10 15 12 18 10 11 16 14 13 7 11 13 9 8 6 2 4 4 1 
1 5 5 6 13 8 8 8 15 12 22 19 22 15 16 9 17 10 19 8 6 6 4 3 0 
1 4 4 6 11 16 14 10 19 20 27 21 20 16 19 22 16 16 17 9 8 9 7 5 2 
1 0 6 6 12 12 12 8 18 15 29 12 22 19 23 16 22 16 17 15 15 11 3 4 1 
3 6 10 10 10 17 20 20 26 16 22 19 22 22 30 21 20 15 17 14 21 8 3 5 0 
3 7 4 9 18 15 15 20 23 18 25 23 23 28 20 21 24 26 22 19 18 7 11 3 1 
1 6 7 3 18 23 24 20 28 36 26 35 33 26 26 29 13 20 9 19 17 9 9 4 2 
0 0 0 1 2 2 2 1 0 2 2 1 1 0 2 1 2 2 0 2 0 1 0 0 0 
0 2 4 2 2 3 5 2 6 9 6 3 6 6 4 2 3 3 3 1 2 2 0 0 0 
1 2 0 3 1 2 2 6 5 9 5 2 10 5 8 4 4 8 2 2 1 1 0 1 1 
0 1 1 4 1 3 7 5 4 6 6 3 7 4 7 5 6 3 3 3 2 2 3 3 0 
0 1 3 0 6 3 8 13 5 6 11 12 9 8 5 10 7 8 4 4 8 5 8 1 0 
0 1 4 4 8 8 11 8 7 13 11 10 12 7 17 18 10 8 8 4 8 5 4 1 0 
0 2 3 2 6 9 6 7 11 10 23 14 14 16 15 15 12 10 13 13 2 9 4 2 0 
2 3 1 5 7 6 18 15 18 19 10 15 17 18 16 15 15 8 14 5 3 1 5 1 4 
1 5 4 7 5 18 19 19 19 20 18 18 27 20 20 17 11 11 11 8 12 5 10 5 0 
0 8 10 8 11 13 17 20 15 33 19 24 28 16 13 26 19 15 21 7 14 7 8 3 4 
0 6 9 9 16 16 16 26 18 26 23 23 27 19 27 24 26 24 17 23 12 14 8 7 1 
0 6 9 6 17 13 18 27 13 30 24 28 33 27 19 17 25 29 14 16 10 6 6 2 3 
4 8 3 9 13 15 20 28 25 33 33 34 39 32 33 34 28 21 30 30 18 5 6 2 3 
1 9 7 15 17 22 34 21 22 32 38 47 40 30 29 24 34 24 30 16 30 11 13 7 2 
6 6 17 21 28 37 29 28 36 36 42 33 28 37 32 28 38 26 28 23 26 14 11 8 4 
5 6 11 10 19 20 33 30 33 37 36 37 49 35 38 33 34 32 39 22 28 10 14 9 0 
0 1 1 1 2 0 3 1 0 6 4 3 3 3 3 0 2 0 3 0 0 0 0 0 0 
0 0 1 6 4 6 4 12 8 12 6 7 8 6 5 6 3 4 5 3 1 4 2 0 1 
0 1 2 2 3 4 4 12 6 10 8 8 12 7 10 10 2 5 3 4 10 1 3 2 1 
0 3 2 2 5 10 7 15 6 7 7 10 11 15 10 11 7 14 2 4 9 5 8 1 0 
2 1 2 3 3 6 7 13 15 12 16 16 8 9 14 10 8 7 12 10 1 5 7 1 0 
0 1 2 7 11 12 16 15 9 17 25 19 15 13 17 11 13 11 13 8 9 7 3 4 2 
1 3 9 7 7 12 14 16 18 20 19 16 22 16 16 16 14 16 12 9 8 10 9 2 1 
2 7 9 4 11 13 14 13 16 26 31 30 22 30 22 19 20 24 18 14 20 14 7 6 2 
1 7 10 12 19 13 19 23 26 25 17 21 30 27 25 24 26 23 24 22 19 5 8 2 1 
1 8 4 11 17 14 19 22 32 30 29 27 34 44 29 16 34 23 15 11 16 9 10 6 2 
3 7 13 12 14 28 19 25 34 35 38 36 37 39 31 39 24 24 27 17 17 12 12 5 1 
1 9 17 21 20 35 32 25 43 40 46 45 40 37 41 25 31 33 30 17 20 22 14 7 2 
3 6 18 25 28 32 41 27 45 42 46 41 48 41 47 40 41 33 31 38 22 17 16 8 3 
3 10 11 22 18 26 29 44 41 43 50 63 43 49 47 31 34 32 42 32 31 24 13 11 0 
5 9 9 19 31 34 40 38 53 53 51 51 53 52 45 46 52 41 31 27 27 22 15 12 5 
3 9 24 30 22 41 40 40 55 44 46 65 57 56 49 59 59 51 36 44 23 20 20 12 1 
0 1 2 0 1 2 4 3 0 7 5 3 1 6 1 2 9 1 2 2 6 0 0 0 0 
0 2 2 4 6 6 6 17 7 9 8 13 14 10 9 12 3 9 6 8 6 2 1 1 1 
1 3 3 8 8 8 9 13 8 11 9 16 17 14 11 7 12 10 7 11 4 5 5 1 0 
2 4 7 5 4 11 17 21 13 19 18 23 11 16 14 10 14 7 10 9 11 6 4 2 2 
0 1 2 6 16 12 19 18 20 27 25 22 24 20 18 28 17 16 13 13 10 4 1 3 2 
0 1 12 11 13 8 20 19 27 23 27 24 19 28 24 29 21 17 28 15 13 10 10 4 0 
2 3 11 12 14 18 22 23 17 26 24 19 28 24 25 30 19 32 10 21 9 8 14 4 1 
1 8 8 15 16 21 28 32 37 24 30 34 34 25 37 34 31 34 25 19 12 18 11 4 2 
4 3 16 12 21 25 43 25 27 35 48 39 33 45 42 36 30 28 31 26 25 20 19 4 1 
3 5 17 20 32 30 37 47 38 35 44 51 52 54 39 43 38 31 36 22 20 18 16 8 1 
2 12 16 16 23 40 35 36 61 55 62 48 72 45 51 34 55 36 37 35 22 10 21 4 3 
1 14 13 21 29 50 37 51 42 73 46 51 58 45 43 52 49 42 59 43 27 24 16 10 3 
4 12 26 27 34 47 43 48 53 62 62 93 60 44 59 54 61 57 49 39 34 25 22 15 6 
3 18 27 33 37 41 54 53 57 44 80 80 73 57 67 60 67 55 75 51 32 32 26 9 2 
2 19 20 27 45 62 58 59 63 60 70 73 62 84 60 63 77 64 57 52 23 23 22 23 8 
3 17 23 39 49 62 70 73 69 80 76 99 94 101 80 75 70 75 59 66 32 38 35 14 4 
0 1 2 2 2 3 4 3 0 5 2 2 8 8 6 4 5 2 10 2 3 3 2 1 0 
0 3 3 11 5 8 13 10 9 7 13 13 9 15 13 9 4 7 10 15 6 2 3 2 0 
1 3 10 12 3 10 16 10 17 22 24 25 10 21 13 13 10 16 9 13 7 3 7 2 0 
0 4 12 8 9 16 21 17 22 26 23 17 18 25 23 16 24 15 19 9 13 10 7 9 1 
2 5 9 17 13 16 24 16 23 31 23 23 27 26 29 23 21 21 15 18 21 19 5 6 2 
2 4 15 15 11 15 24 24 26 28 30 32 24 28 33 24 24 23 25 24 18 11 12 6 4 
2 5 13 14 23 21 35 34 34 32 28 35 37 31 31 27 47 40 28 16 26 16 17 7 1 
1 10 15 18 31 33 30 32 43 44 51 63 40 42 52 40 39 36 25 24 21 14 22 8 4 
5 12 22 24 33 32 38 30 47 49 70 66 58 49 47 60 53 42 45 39 31 16 20 14 5 
5 10 30 30 29 33 56 49 59 54 55 62 41 67 48 53 58 47 50 38 29 38 21 14 2 
5 19 17 26 33 63 53 54 57 63 77 81 63 75 72 56 65 60 53 39 43 30 24 20 5 
1 21 38 31 36 44 58 74 63 75 80 75 73 82 91 71 81 53 66 43 45 27 23 27 12 
5 23 26 47 53 55 72 68 86 83 89 107 90 98 79 74 89 71 75 53 48 33 24 16 9 
10 19 25 40 61 68 68 73 96 96 100 104 110 97 93 85 88 87 72 63 61 41 29 28 3 
7 23 42 43 52 72 94 77 83 104 123 127 146 111 113 105 118 85 85 60 55 40 32 18 8 
9 32 43 60 57 100 108 90 99 119 154 124 139 147 130 133 115 93 86 72 58 48 37 26 12 
2 1 1 1 3 4 7 2 6 13 6 11 6 2 6 10 8 4 6 4 4 1 1 1 0 
0 5 1 6 10 8 11 21 17 16 14 14 19 16 23 11 17 13 9 8 9 5 7 2 2 
2 0 8 9 13 26 26 17 22 28 27 28 19 22 19 19 23 12 23 10 12 7 6 7 2 
0 5 8 16 23 12 20 19 29 32 33 32 27 34 22 27 24 27 24 19 16 10 12 9 1 
3 4 13 20 28 30 31 23 34 46 38 36 44 40 38 44 37 29 40 25 24 13 9 8 4 
0 9 14 13 27 26 23 43 45 41 56 51 45 42 42 41 35 38 33 28 24 10 13 7 7 
3 9 15 24 34 33 47 46 49 61 70 69 65 53 57 60 62 58 40 33 27 23 15 12 5 
7 14 19 30 34 46 51 49 56 71 81 72 68 77 54 51 50 48 49 38 37 19 18 14 6 
6 17 28 32 56 45 64 68 64 77 67 70 86 82 68 75 76 43 56 46 50 37 21 15 5 
9 12 22 31 46 65 62 69 78 100 89 86 75 80 64 100 68 86 65 52 54 47 28 15 10 
11 18 27 49 56 79 64 71 94 78 89 97 103 87 84 97 84 72 84 58 58 36 28 24 4 
10 24 29 52 57 57 94 99 74 116 95 101 97 103 128 115 112 94 70 68 73 46 35 20 6 
11 19 33 57 72 80 86 116 102 99 127 117 121 110 140 127 98 109 100 78 69 51 44 25 17 
9 24 60 73 69 106 99 118 134 114 124 126 138 123 131 136 137 120 115 88 65 57 47 31 14 
12 31 48 70 94 104 133 151 151 139 143 160 144 164 149 152 141 113 104 96 95 70 49 26 12 
13 31 49 78 90 94 122 120 147 150 161 217 167 169 132 145 151 128 118 102 97 64 38 36 17 
0 1 3 3 5 4 7 11 3 8 10 9 3 10 11 13 13 5 6 3 7 4 4 1 0 
0 3 5 16 12 9 23 20 18 18 25 20 30 20 15 15 29 15 9 16 10 10 9 5 0 
4 4 12 15 21 23 18 23 22 21 25 22 22 35 32 25 22 23 29 16 14 12 3 5 1 
2 11 12 15 30 25 28 35 26 29 24 39 30 32 36 33 38 25 20 23 20 18 15 5 3 
2 10 14 23 40 22 38 38 42 59 52 46 38 49 55 27 41 37 32 28 30 33 8 13 1 
1 14 22 20 35 36 47 42 41 65 57 61 59 50 60 50 43 39 34 28 17 22 15 4 4 
4 12 21 33 29 53 53 55 50 63 67 57 82 60 73 51 67 53 41 41 40 24 21 7 6 
5 8 34 36 32 49 54 65 89 74 82 58 92 86 77 74 70 67 59 43 39 31 24 19 4 
6 22 29 39 54 51 51 91 76 87 81 102 102 84 78 102 79 74 64 61 40 33 29 19 5 
5 18 47 35 50 66 86 85 87 104 123 106 107 107 103 90 98 78 73 55 54 50 32 19 8 
7 15 36 54 55 89 99 89 117 103 121 134 120 119 117 107 121 86 95 71 58 52 49 19 6 
10 25 37 61 70 94 95 106 125 125 142 134 156 135 135 131 121 105 99 88 62 56 38 31 7 
10 34 44 58 90 96 122 121 142 138 142 139 134 170 151 141 133 107 94 91 82 41 45 29 11 
9 39 60 59 100 86 139 155 148 177 159 197 186 171 164 160 120 148 126 98 86 60 53 31 14 
13 33 61 71 101 118 135 155 173 189 203 199 209 201 166 184 181 178 134 120 113 82 61 35 7 
15 46 60 82 113 118 147 182 170 217 226 249 222 200 199 175 191 177 151 143 126 76 53 29 17 
0 1 0 1 4 8 4 10 15 2 12 11 7 6 8 6 12 8 3 5 7 4 1 1 0 
2 3 9 16 17 19 26 19 11 12 25 24 20 29 23 24 19 21 24 14 10 11 7 5 1 
4 8 14 14 23 25 19 32 24 25 28 35 33 21 33 39 28 24 22 21 21 13 8 9 2 
7 9 10 24 29 27 29 44 40 24 28 37 43 32 38 42 35 35 24 28 29 16 17 13 2 
1 10 16 13 38 43 34 29 48 45 42 50 60 59 58 59 37 43 39 40 32 30 24 12 2 
2 12 21 35 30 47 46 46 66 65 54 62 62 84 72 65 71 56 43 61 47 37 25 16 7 
5 16 23 29 46 43 76 64 61 75 79 92 79 81 68 83 59 72 58 61 40 37 20 13 6 
7 18 30 35 40 68 80 84 99 76 81 87 91 95 105 91 78 92 68 68 45 54 32 19 9 
9 28 44 54 56 75 97 91 93 101 117 127 103 97 116 122 114 89 91 81 62 39 40 21 4 
9 31 49 82 73 86 99 110 116 126 133 136 134 124 124 121 106 109 96 95 72 64 40 18 6 
17 32 50 68 84 99 108 130 132 133 130 134 130 127 127 129 134 115 78 106 80 55 31 15 5 
9 25 52 79 94 119 135 149 136 147 158 140 154 170 157 137 150 138 113 101 79 58 37 21 12 
16 33 66 76 119 121 134 138 153 188 179 196 185 180 170 168 173 153 134 119 120 75 62 34 9 
10 45 65 115 122 121 159 159 160 191 199 202 225 206 195 181 181 176 138 122 112 83 56 37 14 
10 39 87 101 112 166 178 165 205 197 238 224 231 196 228 195 185 180 160 137 97 84 76 37 16 
9 25 57 96 141 162 201 207 209 231 232 244 250 250 237 212 189 195 165 153 123 119 72 44 9 
0 3 3 8 4 12 10 11 4 11 9 3 11 11 12 12 11 12 10 4 2 3 9 3 2 
1 6 9 19 27 20 22 15 21 26 32 22 25 28 26 26 34 26 22 26 19 17 17 12 2 
2 10 12 14 19 28 22 25 43 37 34 34 40 40 22 45 39 34 34 35 20 20 16 10 6 
3 12 21 23 31 39 31 38 40 58 58 58 49 58 52 52 36 37 40 28 25 25 21 13 4 
5 15 21 34 47 33 46 55 59 61 65 70 78 68 74 76 62 53 43 40 44 19 23 12 7 
5 20 22 45 53 63 42 73 82 83 91 81 80 77 76 81 65 75 48 62 39 37 19 11 7 
12 29 37 56 47 57 89 77 87 94 100 98 94 109 101 90 74 86 77 60 43 39 44 16 3 
12 28 34 49 51 81 101 88 113 109 123 133 129 129 114 122 112 103 67 82 55 53 37 24 6 
11 34 42 60 78 96 112 123 127 124 127 129 139 162 125 115 119 88 82 80 80 61 48 30 10 
12 31 42 75 73 102 110 129 165 162 174 152 162 159 182 158 135 141 117 107 98 86 43 26 6 
13 25 51 71 110 122 137 132 168 183 155 169 174 170 175 161 162 136 119 104 78 74 53 28 10 
10 50 63 92 97 131 137 199 169 193 196 233 206 224 196 197 164 165 160 120 104 77 57 29 11 
13 50 66 90 100 150 169 185 203 223 222 234 222 250 210 217 213 183 145 148 111 100 81 38 11 
18 49 91 134 134 181 183 205 221 263 241 258 231 258 240 223 230 183 192 158 122 97 77 60 23 
10 51 113 109 152 198 191 247 240 277 267 270 263 281 253 265 229 243 211 190 136 104 83 42 15 
21 50 90 118 147 208 234 253 276 291 280 308 301 286 303 258 255 198 185 187 122 143 80 56 17 
0 5 3 8 6 6 11 7 22 20 10 17 11 22 17 12 15 15 9 8 4 7 7 4 2 
3 4 15 20 21 28 32 31 49 31 42 37 45 38 45 46 28 36 33 28 23 18 13 10 4 
4 12 14 23 40 37 43 32 47 40 50 56 71 39 61 59 44 43 37 49 35 16 21 17 3 
7 12 24 29 42 51 43 72 60 71 78 93 63 70 60 73 65 65 60 37 42 27 19 17 5 
8 19 24 50 39 79 72 74 85 110 99 104 81 98 80 82 99 74 66 51 50 48 22 16 8 
9 29 39 44 63 71 75 91 92 107 113 106 128 96 107 109 104 97 87 56 56 43 30 22 6 
12 25 32 68 77 98 101 118 121 139 136 156 135 135 132 110 138 106 110 69 73 69 34 18 11 
14 36 51 77 88 116 111 122 135 147 165 159 160 161 155 155 117 134 115 92 89 77 53 34 9 
16 32 63 59 96 121 144 158 165 173 185 197 229 200 157 161 163 140 141 106 110 64 58 40 8 
16 32 74 88 116 147 169 164 208 239 230 246 197 216 219 184 206 146 148 119 120 78 73 48 14 
16 43 78 81 154 153 187 183 214 219 233 251 233 244 220 216 220 176 176 149 125 95 67 40 11 
21 42 107 111 144 171 211 211 237 268 266 318 266 276 237 235 206 202 189 152 129 123 77 61 17 
19 73 106 137 166 185 243 215 290 282 332 270 305 322 294 265 245 239 215 194 163 128 112 48 15 
21 67 100 144 167 205 268 256 272 316 320 361 328 370 341 276 285 268 241 216 194 132 96 62 12 
26 81 109 163 202 233 240 284 338 391 341 349 342 362 313 347 347 310 229 215 218 150 104 69 19 
25 67 123 180 224 261 274 328 357 388 383 377 398 355 366 337 336 327 268 226 184 168 117 84 21 
0 7 5 10 8 17 9 19 22 14 27 16 17 28 18 15 19 18 16 11 12 7 5 7 2 
6 10 14 22 24 36 28 44 43 53 34 57 54 60 52 44 45 47 40 35 22 22 13 11 0 
0 15 20 29 40 36 45 56 50 58 66 64 66 70 61 61 56 55 47 41 32 29 13 18 3 
6 17 19 31 45 55 81 84 59 107 100 84 90 85 70 99 85 54 67 53 42 47 26 17 5 
8 14 36 54 66 67 86 90 89 133 127 124 148 129 88 96 87 101 77 61 47 47 40 17 12 
16 20 38 66 75 93 81 110 146 143 87 151 145 135 101 121 117 115 95 87 76 57 43 31 10 
12 33 47 66 82 108 127 137 170 164 175 160 157 159 150 147 137 133 123 102 92 69 48 25 9 
16 27 68 83 104 128 126 145 159 177 173 193 179 170 169 190 164 172 149 122 99 97 73 44 9 
12 46 65 81 115 152 162 170 180 203 230 249 211 216 238 218 176 177 155 145 108 87 76 41 9 
23 54 72 104 152 174 188 206 201 236 244 210 251 270 256 210 240 216 188 156 128 123 83 44 18 
21 60 95 134 147 185 219 249 299 271 271 292 289 298 274 267 235 236 251 206 175 126 80 55 21 
19 61 120 159 193 234 231 276 312 306 312 319 303 320 314 293 303 264 228 226 160 137 94 70 23 
24 83 129 140 194 243 282 266 317 334 348 384 359 325 349 368 296 280 259 229 175 146 91 71 16 
16 88 121 177 224 307 301 327 365 339 374 347 404 397 398 359 370 322 271 244 182 173 133 85 24 
34 92 169 214 267 293 339 381 400 427 428 407 464 433 429 425 379 323 287 271 243 196 169 89 26 
30 92 152 227 284 316 370 392 440 453 489 486 531 442 507 465 411 361 351 288 267 181 144 97 25 
1 7 4 13 14 24 24 29 16 32 20 23 35 19 25 29 22 17 18 9 14 16 9 5 0 
4 9 17 24 37 49 57 47 66 67 66 74 62 85 53 72 56 43 58 51 30 29 24 11 7 
4 17 30 31 54 60 68 92 76 74 66 100 95 97 85 91 76 63 54 64 39 26 33 19 7 
8 21 44 63 34 82 101 84 111 91 106 109 133 111 113 96 105 92 86 73 56 39 35 19 7 
13 40 45 57 82 99 108 136 137 132 146 147 158 153 114 125 130 101 93 86 87 50 49 36 5 
14 38 55 85 84 132 140 146 169 151 192 173 146 194 156 158 156 136 139 119 94 63 66 33 22 
21 42 53 95 102 133 140 182 178 193 200 199 211 205 213 192 197 178 149 125 100 94 50 38 9 
22 47 75 103 143 170 167 210 212 235 229 251 218 266 258 257 209 210 188 135 137 94 83 48 11 
19 52 75 127 143 174 223 238 267 234 256 260 307 291 288 260 262 232 194 168 164 116 85 56 21 
20 77 98 146 207 208 281 279 316 357 318 338 335 321 345 298 288 270 241 197 179 135 120 65 17 
38 82 115 153 208 264 291 324 314 338 378 323 372 378 389 343 337 319 265 231 189 155 115 64 26 
21 72 130 192 236 249 304 371 392 398 408 425 446 415 425 402 352 326 298 272 223 170 120 89 25 
32 105 143 191 237 336 354 390 435 494 458 527 468 487 444 382 414 356 355 285 243 196 127 88 22 
41 88 170 239 284 331 396 456 462 511 487 505 481 535 527 482 461 417 367 346 269 196 160 97 21 
32 142 181 265 303 373 455 421 535 544 574 620 597 607 558 510 489 483 401 337 302 231 171 116 34 
42 117 196 274 344 397 463 505 577 621 608 656 624 640 637 626 508 477 458 363 312 231 186 117 42 
1 8 15 19 20 20 9 29 18 20 28 29 31 27 28 22 21 22 22 20 20 7 9 7 1 
5 11 23 28 45 35 62 55 53 53 50 92 72 78 88 86 71 77 40 49 49 26 16 14 4 
4 22 24 52 64 61 80 77 74 98 110 105 107 98 121 94 81 84 70 70 60 46 31 14 8 
10 33 59 71 94 86 114 113 131 115 153 145 144 139 158 135 120 136 96 80 69 69 36 29 10 
10 36 59 75 96 129 129 144 164 185 178 202 161 176 174 156 143 147 142 127 77 72 46 33 5 
12 39 77 73 120 138 181 168 189 214 239 219 225 197 217 188 202 156 157 129 112 94 64 34 15 
15 39 93 111 149 171 194 230 222 250 241 261 250 247 279 245 189 217 201 155 153 113 96 59 10 
16 50 93 109 178 185 217 226 290 289 290 305 287 282 306 295 265 229 224 184 158 99 107 43 21 
20 67 122 181 212 237 248 322 289 331 350 379 353 380 352 333 307 281 237 231 173 159 110 60 17 
16 70 114 169 221 262 285 359 393 381 427 431 418 398 382 361 322 349 258 244 213 173 109 72 21 
30 90 149 211 264 295 347 376 428 423 473 441 428 407 449 397 355 376 347 292 245 175 129 92 33 
31 125 141 231 285 308 393 438 424 460 490 484 516 453 488 478 434 373 342 296 256 187 153 103 27 
37 108 196 234 317 383 405 438 504 509 565 582 527 555 530 525 489 410 381 329 265 236 145 96 38 
37 112 224 269 328 455 450 509 530 559 571 588 608 605 628 529 508 493 434 403 318 247 200 92 43 
42 123 217 324 392 427 498 588 612 643 668 648 693 667 666 562 613 537 461 429 346 283 187 124 35 
62 146 226 308 392 470 539 586 687 691 727 718 717 709 691 677 654 620 549 468 356 311 210 144 41 
1 3 16 11 26 25 26 22 37 26 30 31 38 53 43 39 38 30 38 17 18 21 12 6 5 
9 18 23 36 49 63 46 64 102 98 93 94 107 75 82 102 75 73 73 62 46 51 31 13 7 
8 15 37 58 59 88 85 109 96 117 119 119 141 123 160 110 119 90 73 73 48 58 37 33 1 
20 31 51 64 93 116 123 137 148 138 147 162 168 143 179 175 140 152 119 117 84 77 51 30 13 
15 39 56 104 118 158 129 208 167 193 212 189 225 206 206 203 182 161 134 139 98 91 62 29 11 
16 59 77 124 118 169 238 207 235 222 274 252 278 248 261 237 220 198 188 181 121 94 73 43 19 
21 60 95 122 160 205 225 254 297 287 267 332 317 286 293 283 279 232 239 202 160 122 88 41 12 
19 77 92 165 211 237 278 302 308 362 342 319 351 355 367 352 291 281 251 212 203 157 99 71 18 
29 86 133 180 202 291 302 342 359 380 417 423 427 429 418 372 373 293 283 282 211 167 108 80 32 
26 84 153 230 258 298 377 409 451 459 495 493 500 519 473 437 409 372 324 309 270 221 137 101 30 
38 99 147 237 335 334 412 474 512 523 560 562 590 496 501 521 443 434 377 328 278 228 177 107 41 
24 113 183 284 336 368 458 523 545 576 628 602 587 591 607 563 544 509 451 383 324 255 171 107 35 
49 116 216 279 406 412 468 533 574 595 643 722 667 652 690 630 572 505 475 429 346 276 202 120 34 
54 146 241 372 385 501 549 647 700 690 738 724 779 779 680 692 646 594 540 428 403 344 247 150 42 
52 169 293 339 478 538 630 683 755 824 806 863 839 853 792 733 728 651 627 521 439 338 240 143 55 
68 194 298 398 494 576 655 801 762 874 921 895 961 860 869 872 803 687 642 605 452 374 281 171 67 
2 8 17 29 39 30 28 48 50 42 41 32 39 58 69 55 44 40 45 27 27 20 18 17 0 
7 19 36 47 74 83 82 90 104 105 130 108 137 114 121 120 116 96 118 66 70 58 35 24 6 
13 30 50 76 88 121 99 119 151 133 163 166 167 190 187 127 130 145 114 90 91 61 54 31 10 
14 43 59 91 127 185 166 185 184 194 198 210 189 188 205 179 177 188 158 135 102 84 72 32 7 
16 48 87 125 168 196 207 235 238 229 253 240 272 273 234 272 223 189 192 177 158 119 70 44 13 
26 77 106 153 186 185 272 244 297 306 363 330 322 339 303 307 291 246 227 219 170 134 122 41 17 
20 67 132 173 213 236 257 331 337 369 352 363 389 359 341 324 312 275 253 232 189 147 119 82 25 
31 93 152 204 271 287 353 353 422 439 373 417 451 439 438 401 371 352 339 298 241 219 121 79 23 
29 103 157 240 273 322 418 408 427 504 533 571 545 514 506 473 468 404 345 339 283 226 174 89 31 
26 118 204 277 332 361 441 457 555 554 567 589 530 572 587 550 481 498 439 391 314 234 165 101 41 
34 150 217 297 326 440 486 575 555 607 636 615 697 664 599 650 553 494 478 455 356 302 172 126 24 
59 148 226 344 463 466 580 627 678 733 696 734 729 710 727 673 655 595 595 479 397 323 203 126 39 
44 164 308 385 447 558 631 665 711 782 778 831 821 772 761 760 712 638 592 537 457 355 259 160 44 
63 174 325 424 522 596 657 764 851 839 889 890 934 878 836 870 766 752 666 583 498 367 279 172 53 
74 170 299 481 600 659 783 856 859 873 975 1014 1038 1040 981 978 859 780 759 646 548 425 324 182 67 
50 220 376 512 633 754 789 936 927 1085 1121 1095 1128 1043 1135 1057 983 887 831 712 569 444 308 242 58 
2 13 12 26 32 34 40 38 51 65 50 52 66 51 52 47 58 50 44 41 32 28 21 6 2 
8 19 42 66 87 97 77 119 121 136 142 138 138 129 142 135 109 103 95 84 63 65 60 16 7 
8 40 72 81 123 136 167 144 192 152 214 203 184 173 192 176 183 164 166 115 123 83 62 39 16 
16 51 97 107 153 171 161 194 240 231 226 239 240 263 265 232 223 202 187 167 142 117 74 33 17 
17 56 111 173 166 198 209 247 275 286 325 303 346 309 314 290 304 227 241 217 161 115 101 48 9 
19 88 134 151 199 266 304 338 356 367 386 417 396 419 392 343 349 277 285 239 197 152 116 73 29 
21 100 142 193 271 306 361 384 396 469 422 462 443 480 460 408 401 359 332 275 256 186 127 77 30 
43 103 201 248 316 379 398 523 488 494 531 561 596 527 473 524 434 423 409 336 284 215 148 94 27 
34 118 196 286 361 394 468 519 569 652 661 658 694 604 588 552 512 510 474 395 276 262 176 120 37 
34 148 220 304 395 456 515 572 606 747 672 727 716 691 684 666 634 562 508 441 375 281 179 128 40 
63 144 256 386 441 556 590 680 705 771 762 766 820 776 767 724 674 613 587 536 444 345 266 141 51 
56 167 268 369 517 623 632 738 765 815 937 918 900 917 873 847 787 668 633 595 425 374 295 151 59 
67 187 309 448 615 672 780 830 896 941 970 1003 1002 1005 987 937 884 791 685 648 561 405 306 160 61 
72 198 346 482 595 731 803 923 1021 1026 1070 1129 1113 1087 1096 991 940 879 833 703 585 462 328 203 61 
90 228 385 554 696 770 902 1035 1115 1172 1185 1203 1217 1248 1184 1091 1069 929 911 740 626 499 353 203 77 
92 255 408 593 746 826 985 1090 1209 1261 1285 1332 1342 1311 1252 1173 1184 1083 954 827 677 554 421 247 81 
2 11 24 27 46 35 47 63 56 53 55 79 60 62 61 56 49 48 47 50 34 31 20 8 6 
13 33 51 74 91 119 129 148 141 170 172 200 160 165 167 145 154 136 133 109 84 68 53 36 14 
12 44 74 108 111 154 158 218 200 251 241 200 211 249 199 200 179 176 162 136 132 90 78 55 10 
21 54 90 124 175 188 211 244 256 294 297 293 274 309 306 258 251 261 217 167 178 133 102 42 17 
28 76 120 150 192 236 289 294 328 346 356 380 361 317 360 341 330 290 239 213 201 179 125 60 19 
37 111 155 226 231 274 335 371 374 400 466 452 458 425 427 445 354 354 338 274 232 190 147 77 18 
38 108 168 236 316 315 421 415 473 536 516 569 549 531 521 488 436 434 373 312 285 232 169 106 26 
49 126 216 265 359 413 490 508 587 611 681 658 650 609 617 567 519 537 463 415 312 276 197 100 41 
42 158 227 338 409 467 545 616 638 701 737 752 716 718 720 674 628 625 585 462 390 307 213 140 42 
52 174 295 346 451 501 635 705 710 776 842 850 856 811 772 773 719 663 559 536 417 358 264 174 47 
46 212 295 407 514 645 665 781 846 932 884 879 859 912 918 858 821 726 626 586 481 376 290 163 60 
68 216 318 454 617 773 797 857 908 940 1008 1015 1074 991 940 979 866 810 804 643 525 437 334 166 55 
75 223 408 529 681 805 861 965 1075 1087 1173 1172 1167 1217 1078 1041 967 907 863 724 627 519 374 190 86 
87 263 402 556 737 845 1001 1065 1106 1247 1238 1285 1248 1239 1207 1197 1069 1055 904 774 628 510 401 231 76 
104 302 489 566 781 925 1050 1168 1206 1313 1347 1447 1388 1407 1424 1285 1196 1133 949 816 766 570 423 239 101 
95 310 475 671 876 990 1075 1308 1388 1470 1457 1570 1499 1543 1455 1328 1307 1280 1049 985 811 632 466 256 94 
2 6 25 21 49 37 59 65 52 87 82 86 85 80 79 68 67 68 62 43 38 33 22 14 6 
10 42 59 74 97 132 142 159 223 194 202 213 201 209 195 205 156 164 132 130 90 94 59 34 6 
12 59 92 107 142 178 228 240 239 255 257 268 268 241 260 254 239 228 222 164 141 125 91 57 18 
29 75 108 148 222 245 269 286 286 355 370 333 358 349 311 342 307 244 249 225 185 164 98 51 19 
35 97 144 200 233 314 292 381 362 410 407 448 443 403 413 456 409 348 310 261 205 166 127 80 23 
29 103 162 224 297 344 388 431 477 517 569 511 526 527 545 475 451 399 406 306 279 243 168 104 35 
31 134 200 311 345 418 487 514 563 611 627 676 599 586 552 583 524 494 473 379 351 269 192 106 38 
56 162 240 329 393 515 612 648 589 713 764 771 745 748 684 669 638 590 531 491 395 286 242 111 42 
47 161 264 359 483 569 626 671 768 801 797 800 811 837 829 760 749 675 649 543 407 344 235 153 43 
55 198 330 403 544 612 749 754 926 862 928 945 924 895 995 909 827 810 674 599 498 421 276 151 44 
79 212 376 478 628 718 850 865 952 939 1076 1148 1147 1053 1019 1012 898 890 724 690 588 446 312 208 60 
73 243 408 604 703 824 943 1085 1085 1173 1222 1245 1222 1215 1167 1131 1071 1032 942 762 711 494 350 246 75 
84 263 434 611 753 908 1011 1115 1253 1286 1389 1315 1365 1426 1321 1238 1185 1072 961 910 668 557 420 251 80 
95 270 485 649 822 1057 1102 1259 1332 1412 1429 1565 1455 1471 1459 1388 1295 1148 1050 953 768 620 460 255 104 
85 290 565 717 932 1104 1262 1384 1492 1573 1597 1733 1656 1636 1575 1478 1372 1291 1172 1007 836 676 498 299 117 
105 351 552 848 1025 1177 1390 1504 1646 1742 1731 1795 1826 1777 1789 1646 1461 1425 1303 1176 943 743 532 320 91 
8 18 32 47 49 51 58 84 77 89 98 71 88 106 79 91 77 73 65 46 47 30 28 16 7 
16 31 61 102 129 139 175 200 230 270 228 229 229 220 225 195 239 165 174 128 132 100 77 44 13 
15 73 100 151 161 215 197 255 275 305 284 322 299 295 318 316 249 242 217 202 182 132 93 60 29 
38 72 126 173 215 283 288 332 357 347 372 387 386 403 379 373 365 314 287 272 220 147 116 71 27 
34 93 143 234 313 323 386 409 418 456 508 483 529 468 499 524 456 413 358 321 231 212 178 88 28 
42 108 195 251 306 426 459 496 553 552 558 577 583 622 572 575 523 478 396 395 310 251 188 93 21 
49 148 260 332 406 497 582 592 611 666 709 728 733 692 705 696 644 559 537 475 390 271 220 122 38 
64 180 273 381 484 601 688 692 809 764 842 857 837 821 828 788 723 693 634 545 427 341 260 149 48 
62 174 283 445 561 675 755 820 808 947 971 978 978 993 895 906 849 788 698 614 526 421 314 189 47 
64 259 383 498 594 718 840 941 1039 1056 1027 1063 1078 1061 1081 964 951 861 740 699 604 456 348 194 65 
60 247 397 551 745 872 912 1025 1098 1183 1240 1295 1293 1202 1279 1190 1069 999 952 832 668 505 320 212 84 
80 266 451 636 845 936 1081 1129 1245 1345 1450 1386 1439 1460 1375 1265 1207 1111 1024 904 750 576 434 252 88 
99 311 502 710 855 1036 1157 1332 1409 1520 1585 1589 1631 1591 1499 1486 1411 1300 1128 984 842 693 435 303 97 
109 356 585 811 936 1106 1279 1437 1570 1661 1723 1734 1783 1766 1737 1541 1500 1338 1232 1127 858 734 555 312 99 
117 389 592 853 1155 1260 1415 1577 1703 1893 1932 1960 1964 1832 1821 1766 1613 1514 1295 1167 998 836 586 361 135 
138 344 606 924 1153 1360 1659 1708 1916 1926 2059 2008 2114 2126 2108 1983 1832 1630 1505 1288 1134 910 617 377 118 
4 21 33 46 57 69 75 99 88 95 106 98 105 118 100 104 95 75 76 49 56 38 31 21 4 
18 50 75 142 121 165 220 229 218 230 261 269 252 273 231 246 203 216 193 159 142 102 66 43 23 
24 66 129 153 170 239 243 305 284 303 344 344 317 332 341 354 316 295 254 193 147 132 94 78 22 
29 97 166 201 255 291 365 371 420 415 458 446 464 470 441 439 372 356 327 286 233 175 139 97 29 
33 106 166 261 331 368 385 444 488 537 565 556 574 578 569 491 509 416 399 343 295 208 155 111 31 
50 122 216 307 382 486 523 586 626 659 662 718 721 712 666 597 565 535 481 423 326 296 193 122 47 
59 126 262 344 459 553 625 705 771 820 803 835 832 787 770 751 760 642 610 483 432 321 242 170 60 
73 192 290 410 530 626 724 790 854 933 967 974 936 966 885 894 926 795 650 577 525 419 302 176 57 
68 227 304 532 573 706 767 912 971 1041 1059 1067 1054 1121 1105 1008 1009 863 772 701 613 470 335 197 64 
75 247 377 516 702 796 1005 1055 1132 1118 1209 1259 1298 1238 1227 1170 1090 942 850 805 653 503 378 221 65 
94 280 457 623 834 970 1162 1196 1366 1404 1426 1463 1514 1478 1450 1322 1289 1119 1049 849 738 604 478 285 89 
131 313 511 754 840 1128 1237 1342 1418 1572 1566 1634 1635 1604 1547 1546 1378 1301 1098 1008 867 691 504 299 113 
116 370 601 824 956 1157 1343 1539 1645 1703 1778 1687 1865 1915 1767 1596 1438 1385 1215 1129 934 789 513 329 116 
124 356 625 839 1069 1196 1540 1676 1831 1959 2012 2057 1968 2053 1949 1837 1732 1560 1409 1140 1008 833 581 411 114 
133 448 687 987 1205 1451 1647 1807 1967 2191 2095 2098 2220 2143 2116 1921 1899 1777 1503 1323 1127 892 649 362 142 
157 508 806 1087 1298 1451 1716 1890 2155 2240 2395 2362 2405 2348 2355 2111 2090 1814 1682 1505 1174 1038 692 453 139 
9 29 51 51 73 77 65 117 123 125 105 123 110 119 115 132 129 94 80 76 54 60 31 19 6 
25 53 99 164 174 211 264 268 251 259 326 324 337 330 305 293 251 274 257 211 178 123 106 76 17 
30 81 144 189 251 313 282 347 397 382 426 404 418 438 396 408 363 355 325 259 203 177 139 102 31 
46 108 162 229 315 357 433 495 475 506 509 605 539 546 545 448 495 427 395 375 277 212 154 70 32 
41 138 223 295 404 456 498 543 653 713 680 718 735 711 617 639 614 520 467 418 371 278 226 117 53 
54 160 250 405 514 550 627 713 807 799 832 828 845 835 783 804 748 668 581 567 431 326 212 148 42 
74 202 324 473 551 609 736 831 875 972 1052 1049 1005 974 915 924 896 746 734 673 541 462 322 161 51 
90 262 348 551 618 797 884 980 1050 1143 1140 1157 1157 1151 1081 1073 986 864 820 730 620 477 345 231 61 
62 267 388 565 687 922 1052 1047 1169 1263 1223 1253 1195 1302 1272 1211 1137 1000 964 841 731 545 410 241 77 
111 295 494 738 873 1059 1148 1262 1356 1308 1532 1570 1525 1494 1371 1353 1318 1242 1066 981 846 621 401 261 93 
108 316 576 816 1014 1105 1290 1457 1501 1616 1679 1734 1754 1626 1541 1498 1470 1337 1235 1059 952 712 551 318 100 
125 376 662 886 1093 1165 1413 1553 1619 1834 1870 1939 1824 1908 1899 1796 1689 1533 1345 1215 1057 834 608 352 120 
131 446 707 959 1206 1370 1642 1683 1827 2009 2062 2127 2093 2019 1968 2034 1855 1677 1527 1362 1146 913 647 353 129 
151 469 770 1104 1324 1561 1747 2036 2162 2168 2308 2379 2378 2267 2331 2122 2119 1855 1674 1471 1285 968 715 429 146 
156 470 849 1185 1419 1694 1980 2136 2221 2422 2430 2613 2596 2534 2430 2336 2261 2052 1771 1589 1326 1136 772 452 153 
179 572 884 1364 1609 1801 2176 2336 2572 2597 2877 2786 2810 2654 2674 2631 2533 2238 2021 1743 1462 1124 805 502 172 
10 20 40 67 66 96 98 124 109 110 131 131 142 146 139 128 125 94 88 95 65 60 40 19 3 
19 76 102 184 183 231 304 298 314 357 357 402 355 354 338 330 314 298 252 229 180 152 98 85 28 
43 92 163 201 299 313 370 419 453 447 457 490 507 524 459 424 409 390 344 318 285 186 163 93 34 
51 137 208 270 324 440 460 523 547 597 633 602 615 677 598 590 560 478 466 409 318 269 191 101 34 
39 176 255 325 423 510 597 639 714 715 751 824 834 777 726 743 639 607 561 462 396 323 223 140 43 
46 176 294 435 505 580 747 856 872 959 952 992 992 960 898 863 754 742 711 605 507 393 279 181 64 
97 213 380 505 644 763 867 924 1093 1113 1076 1102 1208 1145 1064 1067 1014 905 830 752 607 445 296 210 51 
92 271 439 594 723 850 1008 1071 1247 1303 1262 1321 1249 1273 1253 1197 1140 1081 1001 846 707 541 399 255 98 
90 301 487 659 844 939 1130 1256 1313 1351 1476 1496 1476 1523 1353 1442 1373 1159 1093 1000 777 632 488 271 91 
105 331 569 802 1032 1152 1320 1468 1558 1605 1687 1661 1727 1637 1660 1677 1480 1405 1224 1120 979 718 524 268 108 
122 403 605 893 1140 1339 1519 1474 1732 1807 1837 1844 1942 1896 1910 1830 1706 1600 1441 1188 1058 754 560 350 135 
115 412 696 1030 1286 1486 1736 1806 1934 2095 2117 2272 2106 2152 2060 2070 1904 1780 1483 1313 1167 951 650 391 119 
184 506 832 1117 1366 1543 1856 2101 2196 2238 2392 2373 2449 2336 2241 2199 2118 1856 1771 1452 1273 972 756 395 140 
179 537 906 1213 1501 1841 2066 2312 2342 2484 2603 2712 2636 2682 2517 2499 2292 2161 1826 1674 1367 1082 779 485 176 
185 533 933 1358 1642 1991 2231 2451 2536 2749 2931 2857 3182 2989 2889 2634 2550 2241 2151 1780 1533 1196 789 539 153 
231 593 1016 1477 1681 2115 2458 2632 2860 3043 3287 3138 3280 3094 3104 2985 2708 2538 2247 2022 1586 1344 894 594 183 
13 30 46 79 107 99 140 138 136 139 181 200 180 159 158 172 147 118 102 98 82 65 50 32 19 
23 83 136 192 235 293 333 382 376 426 430 384 464 447 438 397 350 328 284 264 233 191 137 77 21 
43 108 183 245 315 401 483 450 511 561 549 551 546 566 541 532 495 466 448 340 287 257 177 105 39 
46 150 247 326 420 519 592 584 633 678 720 736 767 694 655 705 640 595 493 414 392 324 221 112 53 
51 157 274 343 517 627 688 786 840 912 908 973 897 902 865 831 773 748 676 612 447 381 268 165 60 
78 230 373 470 630 709 796 869 975 1097 1084 1117 1103 1055 1067 1010 944 911 783 638 546 492 327 225 78 
83 281 416 604 751 922 990 1073 1166 1240 1280 1345 1261 1285 1294 1186 1157 1068 947 804 674 551 390 238 82 
114 314 494 660 832 1060 1101 1286 1322 1387 1473 1438 1538 1454 1430 1372 1327 1172 1114 900 806 576 472 275 104 
109 363 582 810 1031 1162 1350 1480 1587 1645 1754 1758 1841 1674 1616 1667 1527 1404 1208 1080 936 740 535 339 98 
144 388 652 889 1182 1351 1535 1670 1756 1969 1977 2057 2008 1910 1981 1868 1776 1607 1394 1238 1042 869 641 379 103 
170 442 784 974 1268 1546 1665 1833 1903 2172 2257 2287 2207 2236 2190 2119 2044 1799 1645 1359 1187 932 707 399 145 
167 517 776 1072 1395 1644 1978 2135 2266 2325 2392 2605 2448 2560 2503 2408 2234 2038 1798 1650 1289 1022 801 437 134 
182 577 923 1294 1537 1804 2187 2385 2639 2667 2782 2778 2854 2769 2714 2608 2407 2299 1997 1736 1433 1139 790 516 177 
214 626 1017 1359 1753 2076 2419 2600 2804 2940 3081 3201 3063 3111 2971 2809 2607 2520 2155 1886 1578 1279 923 536 212 
204 706 1151 1485 1866 2306 2588 2895 3074 3229 3291 3356 3450 3226 3274 3173 3050 2637 2459 2127 1797 1359 1053 628 191 
246 728 1229 1660 2146 2355 2805 3042 3290 3450 3682 3787 3584 3562 3388 3412 3200 2897 2464 2300 1868 1443 1064 673 227 
12 44 62 88 112 132 149 115 155 169 178 151 177 200 162 166 167 162 128 106 83 68 50 44 12 
39 90 160 189 288 328 364 397 456 462 458 523 468 453 458 444 424 393 314 281 256 202 124 87 23 
41 103 192 281 393 445 464 535 553 582 658 649 657 638 650 578 473 510 419 357 284 276 194 109 40 
52 195 248 403 468 569 615 726 750 789 800 825 844 803 770 757 714 662 560 455 413 337 230 135 50 
72 188 300 431 564 685 743 875 916 932 1065 1065 983 1001 980 906 846 825 682 633 534 404 318 193 56 
89 213 381 530 682 819 914 1063 1054 1230 1238 1265 1200 1194 1245 1125 1122 956 814 705 651 506 392 205 79 
97 268 449 596 800 938 1137 1194 1281 1403 1405 1425 1489 1450 1349 1301 1249 1178 1055 848 776 565 404 274 84 
116 327 533 692 963 1104 1273 1440 1530 1664 1701 1759 1740 1664 1647 1524 1509 1309 1160 1042 896 677 506 318 106 
121 394 653 855 1105 1360 1527 1624 1776 1897 1894 1926 1976 1860 1883 1740 1675 1546 1381 1239 938 772 644 346 104 
123 488 720 1020 1192 1481 1640 1830 1975 2097 2183 2274 2253 2125 2077 2013 1966 1723 1592 1320 1157 919 666 412 145 
167 502 808 1099 1385 1662 1969 2025 2181 2411 2384 2336 2439 2487 2485 2252 2178 1968 1740 1522 1287 1001 728 421 141 
168 563 851 1218 1550 1892 2043 2356 2467 2616 2741 2765 2853 2758 2675 2620 2361 2253 2023 1727 1497 1123 809 526 158 
207 635 990 1418 1727 1961 2387 2590 2748 2950 3139 3173 3174 3103 3006 2855 2645 2536 2211 1994 1622 1286 937 569 190 
216 701 1125 1464 1836 2277 2653 2816 3043 3286 3372 3404 3399 3241 3253 3049 2988 2746 2446 2187 1816 1338 1003 568 212 
252 752 1206 1700 2052 2442 2822 3195 3403 3521 3733 3810 3761 3750 3642 3363 3282 2978 2599 2238 1884 1486 1050 649 212 
234 798 1272 1831 2270 2806 3058 3315 3571 3854 3953 4086 4181 4050 3961 3728 3510 3255 2848 2571 2138 1626 1187 666 238 
17 44 66 97 110 125 176 158 195 215 214 232 194 219 192 207 193 172 148 133 98 87 72 41 21 
35 115 174 258 332 386 409 444 492 527 541 517 611 563 528 518 469 463 383 362 311 206 153 117 24 
42 158 252 316 384 449 558 577 700 696 780 740 747 742 760 695 641 599 538 470 406 317 197 135 61 
73 174 302 469 534 616 759 802 856 973 1006 955 946 957 904 901 801 779 637 617 537 435 293 199 54 
88 261 398 539 695 782 899 998 1066 1127 1158 1200 1211 1214 1155 1121 1094 995 865 735 635 487 371 207 75 
114 287 455 662 800 963 1093 1242 1280 1422 1299 1486 1448 1412 1440 1359 1255 1132 1036 888 718 625 431 251 84 
106 351 567 768 985 1181 1296 1501 1488 1663 1673 1709 1714 1715 1663 1547 1503 1347 1165 1053 856 665 527 287 106 
145 387 666 927 1093 1365 1588 1745 1751 1901 1899 1909 1981 1961 1887 1773 1699 1555 1410 1254 1078 806 566 363 91 
162 500 777 1074 1274 1624 1777 1946 2053 2143 2182 2263 2265 2350 2140 2162 1916 1828 1640 1469 1155 1013 723 404 123 
178 530 872 1143 1479 1724 2004 2083 2385 2492 2601 2693 2648 2590 2551 2487 2223 2035 1922 1597 1316 1131 820 513 146 
176 581 916 1308 1581 1985 2155 2346 2694 2834 2913 2984 2982 2946 2845 2691 2608 2297 2023 1893 1477 1191 822 573 192 
218 653 1065 1470 1858 2212 2515 2844 2993 3201 3225 3361 3360 3193 3172 2952 2889 2672 2382 2068 1655 1394 997 630 201 
215 711 1206 1658 2113 2317 2757 3058 3250 3427 3588 3648 3713 3643 3583 3377 3083 2933 2624 2339 1914 1510 1114 706 213 
252 797 1416 1717 2238 2656 3097 3200 3684 3877 3999 3947 4023 3937 3858 3655 3506 3168 2821 2505 2063 1556 1237 766 244 
289 903 1455 1916 2526 2959 3381 3767 3982 4282 4297 4390 4349 4376 4229 3966 3804 3462 3008 2659 2272 1742 1244 773 261 
330 969 1513 2099 2732 3203 3628 3991 4310 4452 4581 4847 4729 4773 4647 4291 4063 3746 3277 2944 2441 1930 1406 881 290 
15 44 83 123 163 152 178 191 208 246 257 268 260 244 236 225 216 213 201 190 113 95 71 51 15 
46 127 235 283 382 426 497 524 568 566 606 585 617 597 575 545 533 489 477 384 368 246 171 121 32 
61 205 263 398 528 578 710 672 741 769 745 898 837 857 848 800 709 643 595 511 447 329 252 145 55 
70 173 333 488 609 664 751 889 1000 971 1032 1070 1054 1067 976 936 929 819 746 667 575 500 327 203 66 
85 265 439 622 743 848 1103 1107 1204 1238 1315 1409 1353 1360 1348 1200 1209 1065 946 833 675 547 419 244 69 
113 321 524 774 916 1098 1214 1350 1508 1582 1624 1643 1654 1548 1576 1546 1370 1276 1120 1018 846 666 476 292 108 
136 372 653 861 1018 1235 1442 1670 1725 1908 1951 1994 1908 1894 1866 1760 1596 1473 1368 1178 1042 767 523 338 112 
155 439 705 1007 1209 1526 1721 1880 1995 2171 2270 2231 2306 2136 2134 2161 1975 1817 1644 1339 1174 965 639 400 145 
184 486 913 1199 1470 1755 1994 2169 2293 2468 2587 2631 2569 2545 2534 2348 2252 1981 1836 1592 1406 1041 756 465 150 
190 606 992 1267 1614 1904 2269 2396 2639 2792 2801 2902 2936 3060 2804 2725 2418 2298 2100 1845 1450 1160 864 485 186 
243 634 1061 1494 1871 2212 2594 2809 2961 3186 3314 3497 3378 3313 3199 3022 2857 2590 2279 2040 1673 1402 996 577 193 
247 679 1171 1655 2095 2455 2772 3163 3410 3575 3710 3738 3731 3687 3653 3351 3133 2933 2706 2236 1919 1539 1134 671 224 
274 788 1378 1855 2317 2671 3081 3364 3721 3955 4073 4197 4189 4005 3854 3796 3523 3233 2891 2456 2197 1657 1215 764 289 
287 908 1467 2027 2505 2978 3400 3790 4086 4250 4500 4454 4525 4392 4351 4106 3977 3621 3152 2749 2314 1802 1333 788 286 
332 915 1543 2161 2732 3294 3645 4017 4392 4621 4862 4729 4930 4866 4615 4390 4183 3708 3406 3022 2486 1985 1498 866 279 
353 1031 1783 2467 2935 3577 4029 4598 4784 5000 5270 5417 5420 5278 4939 4801 4550 4066 3597 3181 2711 2204 1542 964 343 
11 70 83 126 155 173 209 222 267 243 246 243 280 262 275 279 263 213 206 177 169 107 72 59 26 
37 135 201 313 420 444 499 535 564 644 667 700 611 656 683 676 576 538 450 422 362 305 198 111 46 
80 173 307 440 541 651 681 751 843 931 958 939 916 940 890 845 779 658 677 558 471 362 296 177 55 
86 233 400 528 675 807 874 961 1086 1148 1178 1183 1203 1234 1154 1050 1000 893 831 768 629 461 372 208 64 
115 326 532 707 868 994 1181 1185 1343 1357 1490 1480 1471 1503 1442 1391 1353 1170 1064 940 729 623 476 276 89 
147 367 627 740 974 1186 1322 1545 1612 1727 1808 1769 1771 1720 1706 1645 1563 1424 1294 1182 953 730 560 325 108 
144 397 699 935 1097 1377 1606 1844 1920 1978 2081 2114 2072 2112 1955 1933 1760 1702 1464 1416 1063 897 640 355 139 
172 507 758 1134 1385 1723 1965 1996 2233 2286 2429 2458 2518 2467 2392 2224 2119 2049 1746 1561 1247 1029 734 407 146 
172 589 942 1283 1662 1921 2113 2294 2555 2748 2759 2810 2753 2834 2761 2545 2408 2342 2026 1777 1531 1105 848 538 159 
218 689 994 1528 1819 2145 2404 2708 2997 2997 3179 3354 3280 3254 2959 2959 2839 2520 2352 2062 1690 1327 963 565 187 
243 751 1203 1728 2067 2460 2814 3049 3285 3464 3571 3652 3621 3666 3531 3338 3062 2899 2576 2256 1907 1555 1032 673 220 
271 795 1375 1808 2301 2758 3050 3317 3675 3929 4035 4176 4189 4132 3875 3703 3474 3219 2831 2589 2123 1690 1129 679 262 
285 850 1463 2046 2514 2988 3435 3684 4069 4474 4568 4595 4477 4470 4372 4241 3910 3603 3212 2920 2308 1855 1341 812 247 
317 1031 1561 2247 2896 3339 3712 4173 4399 4663 4782 5001 4895 4941 4692 4625 4342 3703 3463 3036 2515 2034 1439 895 276 
344 1044 1818 2433 3089 3560 4075 4590 4985 5120 5207 5276 5287 5427 5258 4988 4578 4117 3864 3362 2748 2212 1615 960 365 
365 1148 1953 2591 3353 3908 4485 5048 5299 5713 5700 5913 5856 5784 5594 5310 4861 4502 4140 3528 3010 2318 1691 1036 346 
23 81 103 181 217 236 248 281 318 330 346 349 343 355 309 296 274 270 253 211 177 137 97 77 34 
53 157 314 380 510 582 651 795 739 798 833 860 866 812 791 791 690 667 651 547 434 361 234 175 49 
80 218 366 511 613 755 902 967 1040 1085 1115 1134 1125 1134 1131 973 980 912 832 667 619 450 352 182 71 
86 309 481 639 810 939 1102 1197 1258 1505 1532 1403 1504 1443 1326 1386 1272 1117 1004 927 732 609 418 267 94 
136 345 610 844 976 1237 1407 1539 1569 1733 1828 1833 1825 1837 1699 1648 1533 1414 1275 1079 947 723 529 311 100 
181 418 733 1032 1197 1420 1616 1837 2062 2058 2074 2134 2202 2142 2074 1923 1847 1696 1505 1365 1151 879 646 389 134 
179 547 840 1170 1452 1788 1912 2194 2335 2378 2471 2643 2505 2581 2475 2417 2230 1971 1848 1573 1359 1047 689 479 128 
195 620 986 1353 1650 1988 2309 2466 2686 2865 3061 3033 3108 2943 2852 2861 2636 2361 1982 1830 1572 1250 889 535 157 
248 647 1105 1475 1944 2321 2552 2937 3170 3376 3413 3433 3420 3414 3389 3266 3019 2743 2523 2081 1739 1412 980 610 203 
250 783 1308 1826 2138 2552 3031 3270 3515 3657 3835 3918 3992 3863 3710 3669 3336 3012 2736 2407 2025 1605 1128 689 225 
290 861 1437 1989 2473 2988 3542 3774 3978 4287 4300 4420 4354 4497 4333 4039 3917 3470 3142 2794 2341 1775 1339 802 283 
320 911 1589 2227 2695 3211 3780 4144 4464 4707 4734 4993 4923 4824 4703 4476 4248 3819 3504 3026 2585 1974 1432 864 286 
328 1099 1782 2372 3087 3629 4180 4617 4993 5273 5291 5324 5461 5394 5241 5016 4534 4288 3680 3358 2740 2175 1526 1044 309 
397 1097 1958 2702 3252 3958 4600 4959 5245 5707 5838 5930 5934 5887 5564 5201 5097 4750 4140 3646 3030 2345 1830 1021 343 
446 1265 2114 3041 3767 4181 5029 5512 5952 6160 6431 6609 6535 6380 6251 5985 5590 4957 4569 3941 3294 2675 1974 1117 358 
472 1427 2324 3168 4009 4707 5258 5730 6217 6732 6942 6932 7147 6976 6722 6625 5992 5388 4973 4253 3637 2884 2064 1240 405 
16 59 123 173 212 226 262 333 363 352 350 383 359 341 346 344 324 316 262 234 182 132 103 65 28 
62 171 328 423 543 639 732 772 886 943 900 924 925 934 957 864 807 733 609 577 470 366 310 168 51 
85 289 406 510 701 823 943 1047 1098 1172 1225 1214 1284 1247 1208 1124 1043 926 854 788 661 515 357 214 75 
110 331 553 690 940 1080 1233 1362 1360 1528 1552 1589 1644 1545 1561 1434 1314 1291 1076 974 851 642 465 255 106 
118 362 647 956 1149 1343 1530 1674 1844 1804 1965 1876 1874 2040 1891 1829 1721 1513 1370 1238 1013 800 598 329 103 
192 436 834 1012 1292 1539 1796 2015 2047 2196 2363 2268 2233 2308 2262 2123 1986 1880 1736 1520 1244 972 688 434 133 
182 597 923 1267 1591 1838 2149 2450 2425 2543 2729 2861 2812 2780 2654 2492 2397 2287 1949 1759 1483 1153 811 491 164 
222 618 1061 1463 1830 2174 2489 2741 2935 3197 3216 3363 3264 3243 3154 3045 2894 2607 2306 2090 1649 1255 970 600 162 
249 749 1260 1745 2046 2493 2794 3131 3287 3564 3714 3717 3667 3787 3532 3513 3330 2911 2559 2225 1878 1531 1013 650 230 
274 860 1403 1929 2441 2981 3250 3553 3954 4048 4108 4368 4308 4136 4122 3927 3590 3378 3021 2694 2331 1722 1282 767 254 
298 919 1623 2148 2745 3169 3742 4091 4330 4529 4886 4692 4769 4782 4644 4445 4086 3758 3350 2962 2464 1962 1445 855 305 
352 1067 1748 2460 3043 3605 4099 4406 4882 5099 5143 5313 5348 5304 5140 4942 4506 4280 3812 3349 2761 2163 1553 965 289 
339 1170 1793 2636 3137 3865 4475 4964 5348 5589 5734 5841 5871 5663 5767 5405 5103 4684 4227 3584 3056 2391 1720 1036 343 
449 1187 2158 2913 3744 4399 4838 5471 5829 5996 6310 6454 6317 6483 6179 5762 5450 4985 4433 3989 3159 2642 1933 1207 431 
468 1416 2302 3295 3923 4776 5283 6060 6509 6702 6780 7015 6986 6958 6934 6431 5873 5409 4811 4350 3640 2853 2052 1232 420 
519 1600 2429 3445 4289 5280 5814 6271 6874 7397 7469 7645 7664 7476 7133 6915 6423 6069 5306 4780 3848 3089 2239 1388 479 
19 80 108 188 238 252 309 357 375 350 428 396 414 418 366 388 362 348 309 263 200 166 117 51 23 
83 195 351 482 621 698 715 919 943 1024 1058 993 1026 1020 992 992 902 767 776 624 514 433 312 175 54 
92 253 485 651 797 944 1036 1132 1328 1339 1413 1433 1501 1383 1342 1271 1187 1135 995 832 684 542 423 241 82 
126 390 624 771 1044 1198 1290 1507 1662 1688 1801 1839 1895 1751 1699 1658 1542 1473 1318 1073 925 749 523 336 104 
146 414 777 1069 1291 1495 1702 1975 2029 2125 2115 2205 2149 2281 2104 2009 1899 1746 1581 1402 1147 922 630 377 137 
174 538 874 1216 1466 1832 2031 2233 2344 2551 2584 2634 2688 2686 2535 2455 2252 2045 1902 1616 1340 1074 773 485 153 
195 637 969 1423 1808 2127 2416 2749 2889 2957 3237 3232 3121 3165 2935 2862 2688 2512 2263 1888 1737 1269 904 636 205 
249 741 1194 1651 2142 2534 2787 3064 3368 3474 3588 3570 3610 3646 3601 3476 3147 2845 2578 2346 1892 1481 1126 686 222 
274 818 1385 1958 2419 2785 3085 3486 3872 3933 4131 4216 4250 4053 4225 3911 3619 3234 2928 2661 2093 1707 1202 793 266 
302 958 1608 2157 2670 3194 3689 4048 4265 4595 4856 4839 4769 4703 4678 4544 4092 3686 3411 2901 2449 1878 1433 861 285 
388 1064 1753 2407 3123 3603 4074 4760 4869 5091 5305 5389 5395 5377 5088 5019 4468 4070 3833 3372 2812 2179 1631 984 313 
435 1215 1929 2751 3379 3909 4569 5076 5356 5671 5841 6146 5871 5831 5839 5597 5024 4753 4218 3618 3059 2393 1847 1154 340 
457 1363 2148 2932 3743 4315 5052 5715 6027 6289 6486 6561 6604 6380 6254 5999 5680 5155 4637 3979 3300 2675 1930 1241 371 
490 1453 2270 3354 4000 4660 5381 6173 6561 6718 7122 7154 7145 7040 6841 6518 6053 5604 5054 4481 3617 2892 2131 1251 411 
534 1568 2612 3602 4587 5284 5965 6628 7083 7411 7659 7857 7982 7835 7518 7104 6656 6150 5563 4804 3985 3208 2381 1456 508 
573 1738 2803 3823 4831 5610 6554 7076 7701 8085 8529 8490 8504 8294 8174 7714 7130 6574 6148 5223 4368 3406 2467 1544 507 
28 101 155 189 267 297 339 386 420 427 446 439 397 431 431 415 382 308 312 256 217 170 106 86 21 
86 223 374 507 574 765 845 983 1027 1096 1175 1062 1210 1119 1126 1048 997 893 786 664 567 458 344 193 66 
104 299 476 705 880 1020 1124 1190 1431 1430 1469 1529 1489 1473 1416 1367 1252 1198 1032 900 709 613 482 234 89 
126 406 641 879 1143 1333 1461 1663 1774 1824 1993 1918 1946 1860 1810 1754 1703 1506 1309 1190 1027 839 582 324 121 
184 434 793 1095 1346 1670 1781 1977 2157 2364 2440 2326 2420 2327 2331 2135 2032 1896 1626 1391 1203 994 745 424 145 
214 546 877 1267 1649 1882 2166 2382 2617 2637 2792 2869 2811 2873 2780 2658 2453 2216 2000 1718 1423 1171 858 497 164 
215 702 1060 1493 1937 2252 2647 2834 2963 3314 3426 3440 3314 3408 3317 3210 2982 2791 2453 2096 1769 1433 996 596 207 
249 783 1271 1752 2199 2638 3049 3378 3604 3821 3873 4015 4022 3998 3963 3655 3417 3166 2850 2439 2011 1639 1100 709 250 
301 955 1567 1972 2539 3047 3475 3801 4111 4392 4475 4512 4623 4544 4429 4252 3892 3591 3188 2687 2390 1817 1357 839 252 
352 1034 1654 2278 2856 3526 4041 4468 4815 4940 5151 5231 5181 5169 4889 4811 4480 4122 3662 3264 2706 2215 1538 932 287 
383 1176 1910 2607 3312 3913 4445 4959 5334 5543 5805 5924 5992 5663 5584 5267 5108 4657 4137 3626 3041 2328 1628 1043 325 
424 1237 2125 2937 3667 4389 4940 5554 5815 6184 6469 6229 6357 6410 6142 5919 5538 5120 4643 3995 3200 2579 1810 1115 382 
503 1364 2364 3171 3971 4803 5491 5930 6487 6760 6930 7156 7189 7030 6805 6526 6203 5633 4954 4276 3604 2888 2027 1195 399 
492 1621 2570 3627 4488 5292 6017 6598 7069 7394 7816 7840 7813 7780 7504 6970 6595 6181 5440 4832 3954 3166 2302 1413 479 
502 1730 2856 3882 4833 5755 6542 7154 7695 8178 8405 8677 8604 8434 8340 7852 7098 6622 6042 5024 4396 3361 2483 1508 489 
591 1823 2905 4104 5293 6203 7174 7654 8353 8798 9159 9156 9217 9033 8902 8354 7875 7243 6458 5607 4687 3748 2624 1729 579 
27 110 186 222 275 340 396 411 401 540 495 491 528 508 516 448 425 428 342 319 249 193 150 99 29 
64 224 439 553 724 861 1013 1151 1132 1234 1289 1259 1394 1271 1273 1114 1073 927 938 804 604 586 393 233 63 
102 318 603 775 930 1136 1375 1354 1605 1666 1645 1735 1805 1683 1655 1525 1465 1353 1222 1037 897 717 520 302 121 
141 421 666 963 1234 1490 1711 1956 1962 2069 2171 2249 2205 2097 2095 2037 1916 1766 1482 1429 1128 877 618 388 120 
197 564 918 1293 1508 1793 2062 2263 2518 2534 2630 2765 2649 2625 2650 2487 2244 2148 1969 1675 1385 1138 804 532 158 
223 627 1065 1486 1801 2176 2462 2716 2907 3170 3149 3220 3287 3161 3015 3059 2802 2578 2261 1977 1612 1361 1010 609 190 
231 806 1289 1797 2173 2663 3011 3175 3562 3526 3765 3882 3901 3945 3641 3634 3216 3025 2748 2290 2066 1639 1161 719 221 
309 954 1458 2105 2540 2932 3479 3681 4088 4357 4433 4394 4553 4491 4277 4031 3839 3425 3180 2646 2375 1826 1338 744 263 
331 975 1763 2348 2946 3455 3998 4245 4841 4872 5085 5298 5268 5088 4868 4562 4262 3965 3637 3127 2702 2079 1519 916 308 
400 1229 1894 2618 3255 3880 4475 4853 5296 5708 5792 5722 5887 5693 5495 5319 5042 4552 4101 3632 3044 2300 1814 1048 330 
460 1369 2157 2897 3668 4355 4988 5392 5904 6165 6399 6570 6539 6385 6251 5948 5585 5112 4598 4001 3360 2745 1951 1162 399 
481 1510 2478 3239 4181 4767 5372 6024 6511 6887 7203 7248 7235 7141 6875 6447 6257 5649 5094 4379 3677 2989 2246 1359 394 
547 1568 2641 3636 4547 5266 6183 6648 7176 7565 7884 8205 8086 7897 7599 7016 6809 5980 5619 4919 4124 3261 2335 1426 472 
599 1753 2901 4094 4964 5843 6715 7370 7796 8293 8817 8892 8810 8534 8358 7917 7404 6880 6102 5230 4456 3405 2594 1591 531 
615 1974 3110 4288 5343 6414 7271 7742 8632 8974 9398 9252 9564 9200 9050 8537 8036 7362 6665 5833 4787 3784 2895 1727 569 
650 2185 3412 4625 5787 6951 7668 8514 9212 9753 10116 10107 10180 10003 9750 9132 8588 7877 7313 6409 5136 4114 3023 1850 607 
22 111 208 250 277 324 381 438 522 572 532 565 579 582 543 523 463 435 385 370 291 207 159 102 41 
93 300 456 627 827 925 1115 1239 1337 1404 1420 1480 1446 1461 1435 1343 1196 1112 999 908 773 573 479 238 88 
136 373 670 885 1016 1246 1402 1638 1832 1763 1902 1943 1857 1800 1816 1764 1654 1501 1373 1167 943 793 585 348 119 
174 514 814 1150 1502 1694 1944 2026 2165 2361 2394 2362 2441 2519 2416 2251 2080 1959 1824 1494 1252 1021 732 469 160 
243 614 1070 1321 1682 2045 2310 2483 2643 2836 2954 2986 2977 2990 2967 2782 2571 2439 2106 1787 1528 1255 911 593 166 
242 725 1217 1674 1970 2555 2803 3229 3160 3427 3559 3765 3591 3564 3519 3255 3182 2862 2632 2191 1834 1506 1097 684 222 
282 885 1439 1957 2464 2881 3319 3636 3840 4152 4252 4297 4307 4234 4131 4158 3629 3355 3107 2645 2287 1777 1314 756 278 
325 1047 1616 2279 2989 3360 3884 4189 4615 4733 4982 5075 4881 5075 4851 4615 4240 4011 3466 3119 2540 2058 1601 911 311 
417 1161 1932 2601 3202 3902 4479 4915 5121 5355 5570 5733 5754 5772 5628 5245 4981 4536 4109 3516 3036 2391 1680 1053 352 
437 1333 2208 2806 3776 4304 4969 5506 5983 6239 6369 6545 6372 6387 6150 5974 5618 5161 4523 4106 3279 2608 1923 1187 407 
509 1480 2383 3388 4182 4976 5529 6333 6738 6838 7190 7180 7438 7133 7008 6637 6183 5575 5068 4509 3721 2917 2146 1373 464 
569 1693 2690 3675 4554 5373 6261 6806 7266 7821 8057 8122 8103 8209 7731 7243 6707 6195 5659 4956 4016 3390 2425 1510 491 
620 1891 2937 4057 5183 6000 6812 7508 8052 8648 8972 9075 9142 8976 8628 8076 7533 6904 6330 5396 4580 3599 2666 1636 539 
677 2019 3260 4454 5541 6582 7425 8197 8887 9633 9721 10100 9979 9686 9409 8851 8452 7642 6851 6046 4971 4045 2915 1685 603 
721 2169 3469 4883 6022 7011 7869 8770 9680 10134 10722 10542 10617 10298 10183 9391 9105 8267 7360 6505 5387 4206 3097 1825 612 
796 2378 3787 5023 6400 7637 8667 9573 10430 10781 11302 11367 11461 11227 10983 10451 9745 8857 7764 6898 5769 4612 3390 2117 655 
29 114 221 246 360 426 468 512 643 560 596 585 616 588 587 527 541 469 490 366 311 262 208 100 31 
106 287 553 717 869 1021 1216 1372 1441 1622 1586 1669 1573 1572 1469 1465 1371 1298 1072 919 803 654 429 266 91 
165 429 664 928 1099 1346 1575 1773 1935 1919 2049 2176 2050 2104 1961 1903 1770 1719 1487 1281 1091 841 665 412 121 
195 529 854 1208 1483 1798 2109 2264 2441 2691 2689 2709 2553 2644 2558 2446 2268 2210 1949 1590 1362 1091 818 487 157 
208 671 1104 1499 1943 2246 2541 2627 3022 3148 3224 3168 3367 3217 3154 3074 2868 2604 2309 2062 1720 1398 991 578 196 
242 810 1285 1799 2284 2630 3005 3330 3615 3659 3823 3920 4119 3913 3886 3738 3467 3166 2830 2408 2087 1586 1154 747 283 
304 915 1516 2075 2821 3194 3578 3886 4391 4482 4525 4755 4785 4666 4622 4319 4044 3732 3299 2954 2448 1907 1417 841 284 
369 1150 1817 2481 3121 3733 4209 4650 5070 5287 5434 5607 5693 5407 5326 4921 4641 4354 3885 3409 2789 2188 1549 1020 334 
432 1300 2126 2778 3647 4307 4916 5390 5784 6118 6347 6526 6325 6392 6172 5870 5355 4995 4651 3853 3263 2516 1862 1192 385 
469 1437 2449 3254 4054 4881 5393 6027 6580 6728 7124 7131 7364 7223 6933 6574 6157 5685 5046 4381 3631 2877 2086 1255 436 
600 1586 2550 3676 4531 5284 6016 6803 7455 7909 7926 8111 8036 7825 7706 7310 6809 6290 5730 4895 4068 3133 2257 1402 511 
631 1767 2917 3980 5064 5971 6807 7564 8225 8399 8959 8992 9060 9010 8441 8155 7488 6984 6185 5304 4460 3565 2630 1552 538 
681 1927 3121 4450 5719 6699 7508 8412 8796 9576 9738 9665 9873 9715 9608 8990 8244 7662 6801 6062 4931 3939 2928 1696 627 
740 2192 3556 4892 6124 7199 8258 8909 9743 10213 10652 10823 10692 10548 10147 9776 9069 8247 7597 6565 5481 4177 3135 1854 626 
793 2343 3715 5305 6618 7925 8753 9895 10804 11015 11498 11416 11734 11389 11258 10532 9782 9031 8191 7214 5945 4651 3316 1944 654 
895 2406 4014 5582 6955 8415 9547 10567 11384 11906 12471 12707 12556 12538 12081 11507 10560 9885 8673 7576 6344 5127 3622 2195 724 
47 137 251 302 419 419 542 603 627 641 667 737 718 685 701 606 589 544 497 429 373 315 215 123 47 
110 370 584 893 1001 1217 1381 1545 1492 1615 1762 1812 1836 1737 1676 1635 1492 1343 1278 1075 954 786 525 311 105 
182 444 830 1157 1384 1593 1836 2051 2096 2177 2373 2403 2265 2264 2273 2284 2042 1927 1657 1454 1176 935 712 424 138 
187 644 983 1398 1739 2057 2317 2539 2793 2855 2954 3001 2945 3040 2903 2798 2523 2417 2196 1863 1672 1266 908 537 188 
256 756 1251 1691 2084 2475 2779 3022 3273 3586 3638 3766 3757 3713 3513 3459 3177 3050 2685 2325 1952 1625 1104 684 215 
295 942 1617 2042 2524 3130 3500 3898 4107 4236 4518 4454 4551 4520 4390 4311 3930 3588 3274 2849 2356 1900 1347 848 265 
351 1062 1728 2334 3120 3556 4054 4422 4873 5018 5144 5369 5293 5319 5151 4813 4662 4172 3766 3363 2761 2257 1567 968 341 
412 1258 2080 2846 3715 4158 4757 5292 5589 5998 6165 6363 6308 6162 6012 5727 5320 4748 4416 3981 3181 2472 1769 1073 353 
493 1414 2472 3215 4097 4832 5565 6083 6493 6800 7134 7326 7143 7081 6916 6670 6150 5611 5150 4327 3594 2818 1993 1286 428 
552 1640 2773 3706 4687 5486 6150 6844 7426 7694 8126 8245 8215 8082 7714 7436 7004 6398 5872 5017 4179 3205 2343 1400 484 
654 1818 3054 4140 5059 6013 7031 7692 8327 8760 8824 8950 9145 8999 8698 8355 7579 7254 6322 5433 4677 3592 2612 1627 553 
679 1995 3361 4701 5797 6644 7773 8646 9149 9663 9771 10049 9992 9958 9654 9185 8610 7713 7013 6052 5170 3959 2903 1759 574 
711 2180 3601 5036 6427 7576 8513 9299 10123 10525 10911 11210 10998 10779 10511 10241 9355 8773 7667 6622 5542 4558 3185 1940 670 
791 2351 3856 5428 6924 8409 9163 10280 10992 11394 11851 11803 12003 11965 11364 11225 10258 9540 8355 7175 6193 4840 3503 2139 696 
863 2617 4249 5983 7404 8691 10049 11140 11895 12450 12853 13129 12774 12851 12364 11904 10925 10042 9178 7913 6559 5263 3935 2272 749 
962 2807 4656 6490 7976 9516 10889 12115 12726 13474 13617 14070 14062 13839 13288 12618 11940 10956 9795 8552 6896 5566 4101 2474 863 
48 176 278 374 444 506 608 660 664 819 731 748 777 786 707 711 651 601 512 460 413 332 222 146 35 
143 408 670 857 1082 1340 1469 1702 1819 1868 1979 1986 1907 1872 1948 1786 1675 1611 1405 1248 1057 858 577 330 118 
215 548 931 1209 1513 1833 2007 2219 2412 2587 2629 2699 2552 2613 2608 2417 2343 2100 1865 1603 1376 1061 765 458 151 
224 692 1185 1493 1869 2209 2462 2834 3048 3289 3414 3257 3403 3331 3221 2997 2902 2647 2482 2182 1793 1394 1018 587 209 
293 865 1364 1805 2305 2847 3193 3434 3702 4019 4164 4172 4096 4139 4035 3829 3666 3376 2879 2617 2160 1667 1134 733 238 
358 1083 1714 2273 2930 3379 3870 4169 4462 4799 4881 5091 5020 5001 5014 4608 4400 4052 3704 3172 2717 2031 1526 868 316 
370 1156 2007 2678 3440 3970 4612 5099 5311 5707 5831 5812 5864 5878 5693 5419 5131 4601 4156 3674 3163 2424 1784 1013 355 
461 1364 2291 3191 4046 4726 5250 5925 6227 6564 6635 7054 7161 7053 6704 6207 5938 5430 4849 4393 3502 2853 2037 1231 403 
529 1550 2654 3723 4461 5399 6187 6817 7207 7710 8040 8057 8082 7905 7526 7236 6884 6259 5528 4726 4171 3176 2305 1399 476 
581 1709 2960 4204 5277 6066 6884 7554 8318 8664 9136 9200 9120 8888 8585 8150 7710 7055 6380 5481 4533 3550 2579 1644 521 
686 2030 3403 4651 5628 6810 7604 8444 9108 9770 10081 10388 10243 10046 9609 9297 8377 7815 6993 6072 5109 3981 2968 1700 591 
714 2241 3661 5164 6484 7495 8659 9473 10076 10794 11098 11045 11239 11067 10545 10047 9491 8593 7879 6748 5568 4460 3215 1945 666 
770 2521 4092 5597 6889 8243 9369 10194 11214 11818 12111 12424 12511 12124 11666 11315 10528 9441 8461 7654 6138 4967 3598 2122 747 
879 2735 4348 6147 7600 9056 10081 11303 11946 12920 13397 13195 13306 13121 12982 11967 11221 10442 9376 8096 6762 5281 3786 2321 797 
984 2945 4682 6617 8202 9711 11040 12316 13210 13786 14232 14430 14524 14184 13772 13320 12350 10979 10236 8773 7261 5800 4213 2526 897 
1022 3120 5093 6986 9013 10401 11954 13274 14335 14873 15364 15410 15505 15327 14810 14257 13313 12064 10848 9376 7894 6227 4602 2749 945 
55 158 264 377 464 580 658 684 706 800 830 825 829 824 800 751 710 646 572 508 440 347 282 144 61 
152 467 736 966 1255 1386 1585 1827 1879 1942 2191 2143 2154 2127 2090 2017 1862 1699 1533 1327 1116 859 645 366 119 
190 594 961 1282 1636 1949 2180 2456 2637 2911 2903 2840 2818 2920 2885 2677 2524 2255 2073 1778 1553 1177 862 546 177 
260 755 1204 1609 2078 2491 2812 2985 3361 3486 3670 3630 3649 3604 3593 3329 3073 2767 2643 2261 1956 1490 1059 647 233 
297 886 1469 2044 2566 3126 3560 3767 4133 4188 4370 4519 4388 4269 4283 4273 3757 3508 3116 2749 2284 1777 1304 814 285 
372 1128 1785 2488 3124 3722 4230 4511 4852 5293 5369 5468 5468 5372 5237 5101 4818 4337 3895 3336 2829 2326 1611 1027 322 
422 1343 2142 2918 3691 4283 5083 5299 5762 5969 6235 6288 6291 6389 5957 5965 5488 4919 4397 3951 3294 2725 2007 1153 395 
492 1575 2580 3474 4186 4889 5838 6237 6839 7037 7207 7448 7431 7586 7241 6895 6429 5874 5194 4758 3947 3116 2140 1371 489 
587 1686 2785 3839 4841 5788 6756 6956 7900 8174 8363 8634 8658 8421 8369 7824 7365 6582 5945 5250 4391 3484 2589 1500 536 
651 1954 3157 4472 5493 6546 7327 8149 8831 9277 9614 9677 9701 9721 9289 8810 8267 7680 6700 6066 4889 3812 2947 1682 597 
730 2238 3688 4948 6097 7279 8350 9409 9898 10484 10646 10967 10955 10681 10287 9834 8966 8523 7462 6533 5560 4307 3108 1865 639 
846 2480 4068 5683 6821 7940 9221 10104 10982 11559 11825 12268 12041 11873 11567 10803 10282 9524 8508 7234 6152 4878 3520 2108 665 
976 2648 4452 6199 7506 8871 10097 11192 11998 12543 12953 13205 13032 12755 12662 11852 11191 10244 9192 8027 6561 5282 3766 2365 694 
984 2924 4838 6467 8361 9667 10810 11965 13118 13646 14030 14273 14213 13843 13594 12874 12367 11139 9936 8655 6957 5692 4110 2428 807 
1099 3153 5129 7149 8792 10513 12096 13147 14292 14631 15146 15765 15367 15456 14658 14058 13077 12095 10834 9342 7948 6128 4582 2709 883 
1137 3343 5469 7742 9600 11481 12847 13999 15112 15898 16407 16837 16816 16341 15822 15112 14029 12965 11526 10355 8276 6839 4758 2945 944 
48 200 332 421 514 606 724 772 833 860 914 1000 918 916 851 849 797 720 639 598 506 401 266 175 56 
161 505 774 1058 1341 1620 1759 1960 2165 2241 2318 2269 2380 2367 2249 2190 2089 1888 1712 1515 1268 973 717 464 142 
230 631 1029 1434 1919 2178 2428 2627 2758 2804 3104 3153 2980 3061 3179 2760 2735 2505 2194 1884 1626 1310 882 594 177 
257 844 1322 1796 2308 2704 3179 3257 3650 3810 3967 3924 3934 3788 3874 3624 3449 3228 2784 2455 2110 1596 1170 704 207 
349 1040 1657 2238 2901 3352 3787 3988 4394 4636 4922 4978 4938 4944 4796 4568 4249 3768 3568 3074 2573 2060 1389 775 265 
408 1222 2053 2766 3442 3917 4662 4858 5392 5753 5694 5888 5928 5855 5857 5322 5143 4733 4129 3697 3077 2385 1799 1040 374 
512 1471 2369 3175 4094 4684 5403 6009 6275 6656 6906 7057 7086 6963 6850 6411 5855 5631 4864 4307 3597 2978 2114 1277 406 
561 1590 2795 3664 4735 5558 6295 7055 7437 7822 8274 8247 8398 7982 8012 7415 7074 6537 5767 5119 4179 3312 2431 1508 501 
591 1879 3063 4306 5333 6362 6975 7991 8475 9126 9263 9447 9427 9172 8905 8677 7850 7259 6465 5699 4706 3710 2676 1633 553 
628 1997 3457 4896 5959 7205 8028 9132 9546 10149 10453 10691 10351 10398 10010 9538 9178 8214 7310 6272 5240 4189 2968 1899 708 
839 2392 3947 5401 6666 8124 9086 10076 10722 11085 11564 11713 11739 11750 11024 10689 9913 9062 8201 7108 5898 4591 3511 2057 741 
874 2741 4436 6080 7545 8907 9901 10995 11828 12593 12710 13067 13034 12774 12211 11680 11177 10188 9117 7891 6589 5278 3674 2271 742 
994 2981 4747 6555 8145 9653 11063 12050 12909 13470 14198 14324 14024 14012 13320 13027 11960 11258 10105 8696 7148 5683 4084 2540 792 
1036 3091 5104 6897 8834 10431 11918 13043 13923 14711 15170 15430 15634 15184 14608 14057 13188 11831 10795 9282 7776 6286 4441 2813 942 
1267 3424 5468 7552 9669 11416 13093 14366 14873 15980 16568 16471 16646 16489 15877 15120 14300 12874 11671 10265 8579 6659 4851 2965 970 
1260 3768 5931 8226 10396 12413 13944 15277 16266 17333 17738 18332 18181 17662 17273 16505 15255 14056 12589 11036 8986 7311 5236 3215 1087 
60 208 333 515 613 650 821 857 928 953 1038 1004 977 1014 971 902 842 828 752 643 524 423 322 186 54 
177 565 868 1252 1607 1777 1982 2260 2436 2484 2598 2572 2640 2609 2469 2434 2234 2081 1828 1626 1313 1100 760 467 149 
272 758 1178 1611 2016 2344 2565 2928 3083 3253 3434 3464 3504 3449 3389 3197 3018 2784 2458 2187 1838 1429 1015 608 215 
283 878 1490 2053 2442 2997 3453 3670 4057 4329 4459 4332 4312 4279 4271 4086 3775 3525 3122 2785 2296 1867 1307 781 273 
415 1145 1845 2614 3101 3709 4158 4675 4837 5279 5607 5556 5524 5537 5220 4942 4698 4269 3842 3450 2707 2265 1638 941 354 
454 1349 2214 3007 3795 4525 5080 5448 5975 6446 6616 6802 6722 6401 6377 5982 5694 5215 4478 4096 3404 2709 1921 1123 394 
500 1583 2616 3525 4464 5256 5914 6682 7127 7588 7782 7709 7802 7717 7453 7131 6772 6101 5485 4787 3987 3289 2280 1383 506 
607 1859 2994 4204 5136 6017 6911 7576 8179 8511 9007 9063 8937 8964 8742 8212 7806 6914 6449 5492 4695 3702 2658 1621 521 
704 2099 3403 4701 6014 6917 8050 8709 9480 9892 10385 10479 10382 10136 9938 9444 8626 8134 7247 6328 5287 4266 3052 1772 655 
810 2377 3927 5434 6466 8035 8878 10046 10413 11179 11467 11697 11682 11380 11175 10689 9851 9063 8124 6988 5960 4638 3369 2088 679 
857 2580 4375 5968 7494 8852 10035 11010 11915 12389 12795 12908 12949 12647 12243 11824 11048 10155 9270 7877 6493 5244 3880 2363 798 
1026 2958 4902 6730 8219 9676 10904 12349 13000 13596 14445 14645 14609 14062 13604 13070 12265 10928 10161 8716 7351 5727 4143 2534 827 
1077 3169 5363 7296 9105 10784 12076 13378 14205 15066 15715 15849 15781 15093 14832 14292 13253 12228 10919 9535 7994 6343 4501 2803 952 
1212 3506 5735 7899 9695 11665 13263 14526 15449 16060 16989 17174 17095 16888 16364 15658 14487 13162 11843 10322 8485 6939 4908 3003 975 
1273 3795 6266 8407 10782 12497 14314 15869 16714 17654 18295 18279 18618 18245 17541 16692 15911 14226 12919 11118 9369 7365 5460 3200 1055 
1396 4125 6652 9197 11576 13536 15153 16999 18147 19129 19547 20144 19749 19540 18913 18170 16899 15412 13988 11983 10143 8009 5793 3529 1196 
74 219 352 510 637 742 870 905 1051 1088 1147 1107 1104 1112 1056 1031 963 904 792 694 569 440 333 177 63 
204 516 968 1329 1635 1995 2261 2502 2742 2840 2931 2918 2935 2910 2769 2773 2537 2262 2072 1746 1507 1189 865 526 168 
279 804 1268 1816 2250 2642 2918 3271 3586 3787 3887 3919 3823 3858 3727 3398 3240 3071 2743 2333 1942 1699 1230 723 234 
328 971 1698 2177 2739 3281 3820 4193 4450 4667 4886 4945 4767 4891 4654 4456 4225 3864 3407 2959 2513 1927 1505 810 313 
407 1282 2002 2751 3472 4166 4715 5099 5436 5828 5931 6148 5960 6144 5957 5493 5193 4767 4253 3767 3206 2520 1753 1033 346 
453 1513 2383 3348 4185 4737 5578 6175 6488 7002 7185 7431 7361 7310 6988 6652 6233 5696 5091 4410 3693 2978 2152 1284 384 
596 1737 2836 3926 4941 5718 6703 7454 7812 8481 8463 8710 8689 8675 8353 7906 7323 6622 6013 5359 4485 3489 2523 1515 556 
715 2178 3436 4496 5643 6810 7722 8395 9194 9534 10130 10112 10108 9999 9365 9314 8406 7814 6873 6172 5094 4008 3009 1796 557 
770 2292 3751 5254 6583 7705 8676 9786 10599 10913 11256 11372 11484 11237 10952 10280 9678 8646 7923 6865 5817 4721 3404 2024 684 
834 2518 4369 5867 7311 8579 9959 10813 11743 12184 12491 12739 12639 12589 12368 11523 10902 9860 8840 7646 6436 5228 3672 2252 720 
936 2967 4811 6514 8092 9648 11054 12169 13102 13521 14250 14497 14375 14149 13446 12934 11927 11313 9940 8566 7420 5879 4281 2480 899 
1154 3179 5438 7435 9031 10682 12192 13459 14423 15385 15622 15904 15655 15305 14853 14027 13236 12268 10964 9329 7895 6298 4440 2696 928 
1156 3574 5855 8026 9832 11645 13310 14465 15707 16368 16774 17343 17094 16864 16342 15738 14588 13409 11940 10375 8828 6857 4963 3018 986 
1311 3861 6364 8564 10665 12768 14307 15697 16957 17924 18422 18433 18817 18418 17557 17380 15511 14223 12984 11336 9340 7533 5456 3330 1034 
1377 4086 7100 9475 11585 13996 15374 17320 18578 19309 20081 20281 20245 20064 19470 18315 17349 15681 13890 12193 10065 8011 6051 3617 1164 
1540 4533 7294 10024 12339 14857 16775 18650 19404 20908 21679 21554 21689 21681 20919 19647 18421 16880 15219 13050 10825 8677 6350 3848 1260 
80 241 425 495 756 850 947 995 1141 1131 1190 1224 1251 1178 1174 1081 1047 1001 889 707 599 494 366 199 73 
202 665 1046 1393 1739 2010 2357 2644 2817 2902 3028 3054 3055 2927 3000 2891 2606 2460 2176 1892 1577 1238 983 539 188 
272 812 1415 1855 2437 2767 3138 3447 3724 3795 4037 4060 4048 4122 3901 3827 3545 3180 2924 2584 2164 1591 1232 743 236 
376 1057 1743 2423 3002 3492 3811 4316 4687 5005 5229 5172 5254 5079 4960 4796 4425 4037 3484 3136 2546 2062 1540 936 300 
395 1334 2137 3047 3694 4427 5040 5495 5827 6195 6381 6655 6425 6339 6194 5882 5540 4977 4596 3911 3308 2571 1884 1137 396 
493 1617 2485 3522 4419 5346 5814 6551 7020 7501 7603 7819 7800 7452 7331 7097 6668 6027 5414 4838 4016 3205 2250 1393 469 
600 1930 3077 4241 5235 6152 6926 7687 8230 8686 8855 9198 9096 9006 8570 8174 7796 7189 6413 5707 4708 3760 2666 1611 543 
723 2092 3460 4773 5833 7233 8361 8911 9422 10106 10509 10721 10435 10411 10181 9695 8805 8359 7401 6506 5424 4188 3076 1781 657 
811 2432 3893 5520 6866 8143 9241 10044 10915 11576 12026 12149 11841 11652 11458 10907 10178 9359 8324 7403 6149 4771 3497 2101 671 
921 2779 4575 6271 7733 9282 10359 11608 12371 12696 13373 13526 13517 13307 12847 12306 11435 10487 9479 8041 6918 5479 4074 2351 724 
1056 3026 5138 7152 8705 10336 11436 13022 13564 14381 15069 15159 14872 14885 14327 13681 12769 11607 10599 8898 7455 6009 4279 2667 831 
1176 3391 5627 7780 9631 11332 12856 14019 15047 15815 16449 16559 16537 16152 15656 15013 14304 12673 11539 9904 8441 6650 4830 3026 933 
1270 3640 6083 8464 10496 12516 14059 15406 16691 17222 17894 18155 18072 18083 17315 16306 15503 14109 12360 10893 9223 7225 5211 2981 1054 
1338 4005 6704 9238 11314 13402 15303 16718 18007 19071 19573 20113 20153 19799 18829 17890 16603 15306 13762 12102 9956 7986 5669 3335 1127 
1414 4314 7313 9843 12168 14503 16524 18036 19626 20674 21230 21489 21347 21488 20491 19521 18252 16847 14725 12849 10659 8461 6098 3645 1246 
1541 4607 7641 10378 13139 15586 17820 19388 20963 22531 22840 22946 23202 22776 22001 20653 19594 18024 15830 13782 11518 9084 6426 3866 1275 
74 269 465 647 743 871 1083 1190 1217 1299 1387 1417 1306 1360 1226 1243 1176 1028 984 893 711 551 411 243 83 
222 701 1158 1606 1970 2459 2567 2870 3088 3274 3428 3394 3415 3354 3290 3051 2968 2659 2437 2088 1840 1456 1066 633 211 
316 960 1565 2099 2729 3036 3595 3853 4137 4433 4472 4544 4568 4478 4174 4243 3902 3599 3202 2787 2388 1865 1429 806 272 
363 1075 1978 2622 3348 3931 4347 4926 5262 5544 5578 5844 5834 5864 5639 5301 4929 4559 4075 3458 2963 2347 1654 1022 327 
459 1501 2204 3249 4107 4633 5557 6053 6453 6723 6747 7058 7210 6983 6870 6626 6135 5595 5064 4344 3647 3019 2077 1311 409 
581 1717 2995 3985 4951 5929 6512 7426 7777 8133 8478 8539 8656 8665 7989 7737 7198 6566 6024 5228 4292 3275 2512 1467 527 
709 2183 3549 4541 5863 6769 7829 8620 9114 9669 10055 10195 10338 10088 9497 9282 8600 7937 7166 6333 5231 4028 2824 1805 662 
777 2468 3826 5326 6775 8034 9024 9872 10879 11326 11683 11792 11849 11669 11132 10503 10125 9180 8192 6996 5924 4706 3438 2002 688 
901 2627 4528 6056 7602 8919 10120 11126 12283 12970 13218 13279 13506 12967 12651 12166 11197 10366 9209 7952 6732 5316 3768 2300 762 
1020 3103 5055 6776 8539 10283 11532 12539 13730 14421 14694 15055 14913 14625 14221 13628 12732 11689 10159 9083 7543 5973 4382 2571 837 
1112 3358 5376 7864 9859 11488 13135 14096 15121 15885 16691 16888 16904 16378 15930 14990 13945 12797 11664 9990 8276 6710 5002 2962 940 
1339 3727 6206 8549 10637 12784 14060 15637 16713 17622 18113 18582 18290 18009 17402 16619 15421 14059 12915 10850 9176 7083 5454 3160 1045 
1347 4106 6726 9123 11386 13718 15607 17107 18427 19428 19675 19890 19997 19399 18925 17936 17160 15542 13761 12143 9985 7951 5877 3434 1115 
1443 4448 7254 10067 12448 14702 16699 18448 19825 20492 21351 21808 21528 21469 20600 19637 18654 16909 15160 13296 10904 8699 6318 3708 1273 
1586 4800 8040 10792 13723 15921 18086 19882 21258 22421 23078 23407 23531 22837 22428 21277 19802 18159 16242 14017 11758 9343 6599 4020 1423 
1683 5392 8342 11541 14525 17113 19820 21312 23095 24026 24849 25395 25102 24663 23620 22512 21312 19567 17367 15268 12575 9940 7207 4295 1458 
93 294 503 676 823 1029 1164 1262 1321 1435 1438 1515 1470 1527 1385 1439 1302 1176 978 912 778 563 443 252 100 
261 786 1311 1810 2275 2646 2914 3172 3396 3743 3737 3718 3911 3709 3738 3520 3161 3043 2605 2215 1967 1544 1098 674 233 
373 1094 1741 2364 2915 3500 3876 4139 4663 4756 4915 4938 4940 4824 4709 4650 4347 3876 3504 3060 2601 2024 1538 891 323 
407 1316 2053 2924 3732 4369 4996 5548 5716 6033 6328 6382 6270 6253 5963 5837 5299 5230 4538 3797 3321 2513 1854 1134 356 
518 1583 2632 3608 4546 5490 5982 6341 6992 7693 7865 7947 7813 7833 7570 7241 6753 6054 5474 4839 4028 3236 2303 1346 487 
622 1872 3189 4238 5566 6535 7151 7905 8602 9101 9174 9727 9543 9401 8789 8622 7963 7207 6546 5718 4836 3782 2835 1664 598 
764 2238 3673 5104 6275 7373 8547 9506 10174 10692 11082 11165 11226 10918 10518 10100 9457 8869 7870 6894 5726 4431 3184 1933 617 
885 2668 4344 5697 7646 8867 9913 10651 11919 12274 12727 12981 12701 12758 12214 11771 10781 10131 8967 7770 6514 5139 3739 2214 772 
960 2975 4922 6857 8263 9770 11240 12293 13319 13896 14385 14602 14651 14342 13884 13233 12248 11544 10264 8876 7551 5917 4233 2560 843 
1120 3376 5473 7409 9422 11297 12798 14013 15104 15812 16199 16489 16476 16381 15875 15088 13920 12702 11421 9901 8189 6573 4747 2773 1016 
1292 3811 6226 8684 10622 12609 14081 15483 16798 17590 18018 18398 17796 17780 17403 16763 15799 14214 12669 11061 9150 7456 5383 3215 1099 
1352 4013 6831 9312 11723 13878 15538 17203 18736 18923 19581 20108 20221 19527 19065 18027 17278 15818 14123 12258 10153 8010 5964 3560 1237 
1514 4498 7528 10191 12878 14996 17071 18986 20106 20899 21771 22020 21715 21217 21068 20241 18899 17181 15251 13350 11153 8688 6434 3865 1275 
1664 4845 8049 11045 13804 16326 18845 20331 21775 22612 23213 24181 23869 23809 23033 21531 20202 18789 16545 14197 11973 9457 6750 4264 1369 
1782 5315 8704 11869 14907 17558 20333 21983 23621 24890 25378 25734 25830 25048 24606 23215 21637 19845 17819 15620 12892 10171 7243 4470 1552 
1919 5843 9455 12718 16099 18962 21849 23866 25611 26375 27295 27801 27547 27074 26217 24988 22928 21749 19352 16452 13923 11049 8136 4632 1622 
109 308 604 743 960 1123 1318 1329 1497 1512 1613 1657 1633 1632 1594 1526 1397 1343 1174 1032 817 610 507 282 102 
283 870 1408 1979 2391 2907 3303 3576 3888 4081 4316 4213 4353 4246 4031 3763 3673 3237 2808 2616 2210 1713 1299 752 229 
405 1155 1774 2613 3143 3758 4327 4645 5304 5325 5615 5544 5519 5378 5347 4961 4714 4404 3998 3473 2807 2309 1652 1028 353 
517 1437 2301 3177 4171 4907 5526 6094 6392 6829 6887 7068 6983 6948 6933 6459 5974 5503 4882 4221 3602 2747 2051 1356 392 
607 1822 3066 4049 5046 5871 6594 7304 7921 8344 8655 8856 8788 8766 8215 7858 7484 6836 6083 5223 4455 3562 2593 1556 548 
733 2114 3517 4662 5995 6992 8142 8787 9617 10046 10318 10399 10558 10174 9607 9461 8905 8300 7140 6237 5163 4119 3121 1886 640 
830 2544 4248 5713 7148 8257 9651 10458 11180 11745 12253 12407 12365 11914 11542 11212 10538 9646 8667 7300 6253 4908 3572 2187 711 
1001 2952 4696 6540 8063 9841 10814 11739 12828 13669 14142 14350 14087 13782 13449 12787 12165 10986 9820 8714 7113 5685 4150 2478 904 
1125 3386 5362 7381 9285 10962 12498 13586 14484 15370 15972 16089 16279 15723 15287 14597 13757 12481 11228 9893 8230 6588 4675 2961 922 
1266 3856 5914 8253 10376 12637 14020 15366 16474 17592 17641 18084 18034 17914 17173 16508 15565 14193 12452 10929 9111 7174 5210 3077 1101 
1457 4164 6754 9226 11646 13820 15575 16950 18297 19205 19717 19951 20150 19844 19043 18216 16822 15414 13891 12254 9995 8097 5689 3530 1210 
1533 4594 7429 10311 12894 15148 17153 18958 20237 21261 21747 22004 22153 21669 20678 19853 18422 17036 15601 13075 11101 8820 6278 3835 1328 
1728 5028 8218 11323 14090 16533 19040 20580 22220 23300 23963 23933 24329 23661 23143 21934 20293 18684 16643 14266 12099 9748 6833 4057 1437 
1872 5454 8903 12119 15099 18071 20253 22415 23560 25208 26229 26284 26506 25818 24793 23626 22341 20324 18189 15593 13019 10278 7582 4514 1600 
1962 5690 9579 13139 16413 19014 21732 24010 25971 27042 28125 28762 28453 28040 26706 25551 24001 21662 19480 16955 14178 11239 8147 4869 1572 
2154 6071 10322 13859 17381 20648 23413 25769 27681 29391 29986 30815 30381 29599 28564 27250 25550 23217 20746 18040 15157 12050 8599 5344 1801 
127 343 601 814 1018 1191 1298 1425 1606 1631 1708 1712 1758 1616 1650 1564 1432 1323 1228 1004 915 751 487 290 102 
323 955 1520 2011 2538 2955 3430 3825 4058 4388 4430 4455 4554 4366 4282 4089 3760 3483 3239 2739 2293 1824 1348 792 275 
417 1179 2041 2651 3316 3957 4647 4985 5530 5328 5803 5844 5966 5759 5525 5392 4990 4608 4039 3604 2999 2428 1689 1030 303 
531 1553 2509 3414 4418 5011 5815 6473 6719 7291 7434 7507 7545 7306 7138 6644 6404 5861 5298 4543 3910 3089 2174 1259 414 
549 1791 3047 4222 5172 6328 6915 7656 8371 8822 8940 9375 9240 9131 8695 8434 7971 7125 6291 5597 4754 3666 2693 1671 564 
711 2282 3669 5237 6311 7514 8439 9425 10089 10797 10900 11263 11161 10891 10439 10054 9317 8572 7638 6594 5618 4522 3214 1898 612 
911 2690 4392 5878 7511 8714 9950 10982 11780 12792 13218 13299 13205 12729 12391 11840 11212 9988 8844 7826 6510 5144 3770 2248 713 
958 3031 5068 6905 8541 10403 11547 12796 13626 14606 14956 15326 15254 14827 14309 13648 12730 11686 10501 9240 7461 5894 4244 2586 880 
1127 3384 5879 8038 9575 11661 13204 14380 15545 16726 16933 16965 17431 16731 16287 15301 14455 13127 11840 10136 8448 6631 4955 2944 963 
1387 3912 6471 8692 11050 13066 14970 16384 17700 18649 18872 19233 19294 18898 18268 17300 16364 14866 13315 11366 9555 7520 5617 3353 1096 
1393 4308 7273 9796 12146 14662 16406 17963 19586 20493 20905 21271 21225 20911 20161 19131 18007 16504 14553 12622 10788 8522 6063 3689 1270 
1574 4820 7777 10715 13672 15888 18244 19872 21429 22425 22878 23362 23281 23157 22153 21078 19566 17975 15954 13836 11590 9180 6530 4161 1336 
1726 5206 8385 11709 14892 17440 19893 21755 23478 24607 25387 25852 25895 25171 24571 23141 21419 19856 17792 15176 12981 10161 7304 4252 1535 
1889 5685 9170 12577 15860 19105 21479 23308 25330 26652 27588 28112 27626 27393 26270 25049 23373 21519 19131 16512 13704 10887 7977 4763 1604 
2064 6133 10025 13875 16856 20291 23023 25523 27579 28871 29375 29607 29930 29347 28375 26915 24810 22918 20792 17733 14618 11640 8437 5257 1786 
2262 6582 10780 14927 18206 21806 24804 27432 29158 31036 31674 32334 32158 31259 30412 29263 27083 24685 21650 18827 15702 12740 9033 5315 1880 
140 384 636 935 1139 1361 1553 1565 1727 1860 1899 1910 1771 1910 1915 1779 1630 1500 1407 1123 943 795 569 327 129 
332 1057 1780 2286 2830 3425 3885 4185 4535 4732 4762 4875 4937 4880 4794 4607 4226 3884 3475 3174 2596 1991 1427 851 307 
447 1354 2179 2973 3750 4441 4900 5477 5742 6249 6197 6397 6354 6257 6155 5978 5585 5125 4619 4094 3330 2594 1832 1152 355 
592 1583 2662 3791 4730 5800 6448 6989 7388 7907 8159 8287 8293 8158 7962 7567 7123 6367 5666 4861 4227 3412 2223 1424 512 
633 2072 3419 4795 5916 7056 7757 8283 9182 9750 9872 10045 10217 10053 9916 9112 8737 7903 7003 6124 5228 4067 3026 1834 615 
820 2532 4008 5810 7031 8368 9427 10512 11161 11450 12151 12211 11981 12221 11501 11058 10243 9344 8435 7386 6247 4853 3484 2181 720 
984 2818 4953 6735 8257 9734 11235 12121 12901 13603 14211 14155 14368 14068 13589 12940 12172 11070 10007 8604 7019 5693 4099 2449 806 
1128 3273 5509 7454 9353 11512 12706 14030 15122 15748 16141 16293 16420 16246 15722 14712 13995 12501 11313 9736 8019 6728 4771 2802 950 
1293 3681 6476 8721 10535 12719 14466 15961 17183 17788 18495 18798 18602 18336 17691 16925 15903 14615 12916 11176 9335 7369 5262 3141 1113 
1480 4401 6851 9740 12182 14134 16390 17999 19257 20002 20759 21114 20746 20465 20022 18650 17549 16239 14350 12489 10431 8266 6002 3611 1327 
1593 4809 8005 10655 13641 16021 17943 19618 21281 21996 23316 23254 22917 22935 22185 20832 19471 17756 16024 13857 11625 9231 6521 4008 1271 
1758 5262 8712 11687 14572 17667 19743 21878 23637 24558 24888 25079 25326 24965 24114 22909 21661 19662 17442 15303 12942 10112 7142 4437 1496 
1925 5641 9312 12722 16043 19264 21541 23583 25664 26787 27704 27786 28091 27385 26910 25033 23246 21549 19288 16635 13904 11019 8129 4756 1653 
2075 6078 10259 13844 17365 20551 23205 25400 27392 29088 29964 30593 30523 29445 28785 27164 25460 23312 20775 18249 15077 12042 8710 5054 1734 
2382 6528 10993 14958 18690 22065 25371 27818 30260 30992 32511 32824 32545 32121 31326 29470 27352 25115 22310 19201 16353 12684 9320 5647 1826 
2307 6982 11671 16201 20003 24019 26848 29281 31900 33537 34619 34920 35130 34554 32973 31438 29342 26513 24038 20480 17127 13592 9687 5981 2023 
118 397 681 933 1166 1418 1616 1722 1732 1908 1945 1958 1938 1982 1983 1826 1669 1590 1389 1326 1071 907 613 358 126 
350 1086 1777 2413 3087 3626 4069 4293 4690 4982 5172 5156 5339 5179 5028 4899 4571 4240 3720 3162 2744 2131 1562 925 313 
455 1383 2278 3120 4016 4760 5158 5721 6347 6540 6795 6858 6858 6657 6522 6319 5884 5438 4770 4242 3413 2827 2002 1253 429 
566 1794 3017 3976 5009 6155 6834 7446 7906 8393 8545 8622 8799 8586 8380 8032 7383 6878 6106 5132 4549 3574 2589 1470 537 
754 2307 3677 4850 6339 7376 8227 8983 9710 10009 10530 10748 10853 10637 10311 9845 9221 8406 7435 6548 5441 4413 3113 1903 616 
871 2696 4566 6069 7594 8891 9786 10974 11760 12509 13019 13101 13125 12672 12348 11782 11063 10332 8997 7864 6703 5092 3676 2237 743 
1037 3163 4986 6985 8756 10304 11738 12987 13858 14619 14936 15144 14955 14997 14625 13736 12762 11610 10713 9166 7674 5960 4356 2649 843 
1254 3602 5857 7963 10093 11937 13665 14860 15877 16503 17475 17321 17503 17115 16625 15675 14706 13451 12026 10327 8720 6816 4944 3015 994 
1338 4050 6923 9092 11426 13634 15524 17013 18267 19120 19453 20005 19781 19318 18548 17742 16853 15343 13708 11872 9970 7747 5794 3380 1080 
1501 4537 7496 10381 13047 15303 17212 19025 20176 21401 22123 22479 22086 22014 20784 20043 18758 17398 15213 13163 11167 8858 6164 3746 1296 
1632 5100 8201 11528 14423 16812 19011 20894 22579 23622 24336 24545 24311 23822 23448 22063 20651 18689 16956 14787 12409 9601 6914 4175 1455 
1798 5573 9059 12573 15510 18536 20895 23115 24526 25600 26548 27359 26864 26683 25231 24434 22715 20800 18357 16001 13466 10538 7657 4713 1503 
1989 6008 9862 13700 17033 20547 22863 25241 26813 28393 29294 29809 29444 28938 27962 26823 24569 22766 20064 17614 14677 11331 8327 5023 1680 
2096 6555 10840 14783 18405 21712 24543 27211 28789 30922 31759 32320 32296 31003 30278 28793 26816 24233 21371 18711 15797 12447 8922 5340 1866 
2358 6884 11516 15918 20112 23461 26550 29514 31422 32843 34279 34613 34422 33777 32787 30783 29078 26070 23291 20381 16930 13234 9593 5705 1863 
2535 7370 12166 17140 20981 24881 28350 31341 33686 35209 36238 37395 36292 36028 34611 32996 30633 27694 24742 21527 17770 14360 10379 6063 2120 
142 445 720 1031 1201 1515 1666 1853 1999 2005 2170 2206 2162 2235 2084 1993 1895 1700 1691 1383 1169 973 682 408 132 
392 1205 1929 2642 3336 3659 4345 4880 5202 5438 5531 5689 5636 5630 5366 5249 4819 4578 4120 3533 3026 2403 1724 984 380 
518 1557 2422 3417 4171 5165 5716 6361 6689 7008 7238 7446 7503 7202 7100 6734 6339 5726 5284 4518 3747 2950 2131 1251 427 
650 1971 3198 4473 5564 6491 7334 8002 8641 9023 9371 9686 9499 9562 9200 8636 8322 7503 6580 5614 4780 3848 2834 1704 614 
829 2451 3969 5567 6711 7947 8821 9893 10746 11177 11287 11721 11901 11663 11270 10586 9906 9035 8218 7018 5918 4666 3402 2098 703 
1015 3113 4889 6682 8135 9430 10991 11994 12957 13475 14164 14358 14322 13680 13680 12743 11986 10786 9781 8522 7121 5795 4093 2375 824 
1148 3481 5536 7674 9361 11439 12836 14161 15309 16202 16389 16605 16725 16525 15644 14947 14033 12522 11338 9760 8319 6672 4656 2841 996 
1235 3776 6333 8526 11088 12908 14628 16493 17417 18373 18614 19022 19027 18845 17822 17027 15891 14797 13016 11385 9544 7427 5479 3232 1127 
1512 4458 7238 9701 12305 14661 16648 18473 20047 20575 21400 21810 21697 21303 20371 19412 17880 16629 14779 12754 10769 8655 6221 3685 1198 
1691 5037 8380 11358 14187 16509 18869 20308 22181 23418 24739 25110 24225 23846 22899 22158 20388 18980 16532 14372 11958 9438 6821 4082 1373 
1810 5400 9056 12260 15218 18165 20691 22662 24676 25706 26666 27218 26663 25889 25650 23862 22706 20300 18228 15840 13131 10403 7581 4606 1556 
2043 6019 10042 13836 16934 20186 22638 25289 27140 28044 29568 30264 29578 29008 27685 26645 24661 22889 20081 17293 14669 11630 8171 5019 1648 
2183 6540 10809 14909 18234 22085 25029 27369 29028 30880 32229 32536 32663 31845 30863 28838 26627 24619 21863 18951 15819 12571 9082 5611 1871 
2315 7201 11739 16015 20003 23568 27074 29812 32007 33618 35058 35170 35196 34483 33219 31566 28918 26688 23766 20515 17044 13438 9697 6096 2046 
2545 7457 12578 17030 21435 25836 28970 31793 34848 36327 37395 37625 37352 36877 35535 33840 31365 28660 25414 22158 18267 14545 10477 6194 2089 
2787 8039 13418 18350 22752 27136 30674 34227 36766 38694 39501 40512 39949 39103 37979 35812 33336 30211 26934 23314 19223 15216 11145 6641 2276 
