10000
10000
10000
50 16 25
2.000  12.000 0.200 
0.900  4.100  0.200 
0.000  1.000  0.040 
0 0 0 0 0 0 0 0 0 1 0 0 1 1 0 0 1 1 0 0 1 0 0 0 0 
0 0 0 0 0 0 1 2 1 1 0 0 0 0 0 0 0 2 0 0 1 0 1 1 0 
0 0 0 0 1 3 1 0 0 0 0 1 0 0 0 0 1 0 1 0 0 0 0 0 0 
0 1 0 1 0 0 0 0 1 1 2 0 2 1 1 1 0 2 2 0 0 0 1 0 0 
0 0 1 1 2 0 0 0 2 2 1 1 1 1 1 0 2 0 1 0 0 1 0 0 1 
0 0 2 1 1 1 0 1 1 2 6 2 3 1 0 1 1 0 0 1 2 0 1 0 0 
1 1 0 1 1 0 2 2 3 1 2 3 2 2 2 2 1 1 0 0 1 0 3 0 0 
0 0 0 2 0 3 0 0 2 3 2 2 2 2 1 3 3 4 1 1 0 2 0 0 0 
0 1 0 1 0 1 2 2 2 1 1 1 2 1 3 0 1 1 2 0 1 1 0 1 0 
1 0 1 1 1 0 2 1 1 3 2 5 3 2 2 1 3 2 3 0 0 1 0 0 0 
0 1 2 0 0 3 4 2 5 3 1 2 3 1 2 4 0 1 1 5 0 1 0 1 0 
0 3 0 1 3 2 1 1 2 2 5 7 2 1 6 1 3 0 3 5 2 0 1 0 0 
0 0 2 0 0 3 3 4 2 1 4 6 5 1 5 3 2 2 2 3 1 1 1 0 0 
1 0 1 1 2 3 1 3 6 1 7 2 6 4 6 4 6 2 0 2 4 1 0 0 0 
0 0 2 1 4 0 2 1 8 5 3 6 3 2 3 5 2 3 3 2 2 6 1 0 0 
0 1 0 3 6 2 3 5 3 1 1 2 2 5 5 2 5 2 2 3 2 1 1 2 0 
0 0 0 0 0 0 0 0 0 0 0 0 0 0 0 0 0 0 1 0 0 0 0 0 0 
0 0 0 1 1 0 0 0 0 0 0 1 0 1 0 2 0 1 0 1 0 0 0 0 0 
0 0 0 0 0 0 0 1 1 0 2 0 1 2 1 0 1 0 0 1 1 0 1 0 0 
0 0 1 1 1 0 0 0 1 1 1 1 0 0 0 1 1 1 1 0 0 0 0 0 0 
0 0 1 2 1 1 3 1 1 0 0 0 0 0 2 0 1 2 0 0 2 0 0 0 0 
0 0 0 3 0 0 1 1 0 0 3 1 1 1 2 1 1 1 0 1 2 0 1 0 0 
0 0 1 1 1 0 1 0 1 2 4 1 1 1 0 4 0 6 0 2 1 1 0 0 0 
0 1 0 1 1 2 1 3 0 1 3 1 3 1 1 3 1 0 0 0 1 2 2 1 0 
0 0 0 1 1 1 1 0 0 3 1 1 1 0 4 5 2 1 2 2 3 1 1 1 0 
0 0 2 0 1 5 4 1 1 1 2 6 2 3 1 3 2 2 2 2 1 0 0 1 0 
0 1 0 4 2 1 2 4 3 3 6 3 2 0 4 4 1 6 2 1 0 0 0 1 0 
0 1 1 0 0 1 4 6 1 0 4 4 2 1 2 4 3 2 3 2 2 1 0 0 0 
0 2 4 3 2 2 3 5 3 1 0 3 6 6 3 7 1 5 1 1 1 2 1 0 0 
1 0 1 2 4 4 1 2 2 7 3 3 3 6 3 4 3 1 2 3 3 1 2 0 0 
1 0 0 1 3 4 4 8 3 11 2 3 5 4 2 4 2 6 4 3 4 1 0 0 1 
1 0 0 3 3 0 5 4 5 3 7 2 5 3 3 5 3 6 7 2 1 6 0 0 0 
0 0 0 0 0 0 1 0 0 0 1 1 0 2 0 1 1 0 0 0 0 0 0 0 0 
0 0 0 1 0 0 0 1 1 2 2 1 1 0 1 0 2 0 0 3 1 1 1 0 0 
0 0 0 1 1 1 2 0 1 0 2 1 0 1 0 3 1 1 0 2 0 0 0 0 0 
0 0 0 1 2 1 1 1 2 5 4 2 3 1 1 1 1 0 0 1 1 0 0 0 0 
0 1 0 1 3 1 2 0 0 4 1 2 2 2 4 5 1 0 2 2 0 1 0 0 0 
0 0 1 1 0 3 1 3 5 1 2 2 0 2 2 1 4 0 2 1 3 1 1 0 0 
0 1 2 2 1 2 2 2 0 2 3 4 4 1 4 2 3 5 4 2 1 3 0 0 0 
0 0 0 2 1 1 6 4 3 4 4 2 3 1 6 1 3 4 3 0 2 3 1 0 0 
0 0 1 2 1 2 3 4 1 4 6 6 2 6 4 3 4 3 2 2 3 3 1 0 1 
0 0 1 3 3 6 1 7 1 3 2 5 4 5 6 5 2 0 5 4 0 1 2 0 0 
0 1 3 2 5 5 3 4 6 6 8 7 8 4 1 5 2 4 3 2 3 0 0 2 0 
0 0 2 2 1 5 6 6 3 5 4 5 11 6 8 9 6 4 9 3 7 3 0 1 0 
0 1 5 2 3 1 4 2 4 10 6 7 2 11 2 8 6 3 11 1 4 2 2 0 0 
1 1 3 3 5 5 3 11 9 11 4 7 9 11 7 1 13 9 11 2 6 3 2 0 0 
0 1 1 3 3 4 6 7 3 11 11 12 10 5 7 6 6 7 6 5 1 3 2 0 1 
1 1 0 6 5 8 8 4 8 6 8 13 6 9 12 4 8 12 8 5 6 5 3 1 0 
0 0 0 0 0 0 0 0 0 0 0 1 0 0 0 0 2 0 2 0 0 0 0 0 0 
0 0 0 1 0 2 1 0 1 1 0 1 0 0 1 2 1 1 2 1 1 0 0 0 0 
0 0 0 0 0 1 2 1 0 2 1 1 5 1 0 2 3 2 2 1 0 2 1 1 0 
1 2 0 0 2 0 0 2 1 1 1 2 3 3 4 2 5 2 0 1 1 0 0 0 0 
1 0 1 3 3 2 2 3 4 2 2 2 0 2 4 0 2 2 1 2 1 3 0 1 0 
0 0 0 3 3 2 2 3 1 1 1 2 1 3 4 1 7 4 3 2 2 1 1 0 0 
0 0 1 3 2 5 5 4 0 4 4 6 4 4 3 5 10 3 3 2 1 1 1 0 0 
1 1 3 1 2 4 2 2 3 4 6 3 3 6 7 2 6 3 1 3 1 3 0 0 1 
0 0 3 1 4 7 4 5 10 5 8 9 5 8 6 2 4 6 4 3 3 3 1 0 1 
1 0 3 3 5 8 8 7 8 6 5 9 6 8 5 7 6 6 7 3 3 5 1 2 1 
0 1 0 2 3 1 6 5 7 5 5 8 9 7 3 4 7 8 4 4 5 1 2 5 2 
0 1 3 2 3 8 3 6 6 11 11 8 7 5 6 5 10 2 7 7 3 4 0 0 1 
1 0 3 4 5 6 6 7 4 4 7 6 6 4 14 12 1 8 8 10 2 8 3 3 3 
1 1 3 5 9 7 10 3 8 7 7 9 7 8 12 12 9 7 12 10 6 6 4 2 0 
2 2 5 3 4 6 10 14 11 7 7 5 11 12 14 10 12 7 10 5 5 4 0 4 1 
2 5 5 7 8 7 4 14 13 15 10 17 10 11 11 15 10 11 8 4 11 4 3 2 1 
0 1 0 0 0 1 0 0 0 0 1 1 1 1 0 1 2 0 2 0 1 1 0 0 0 
1 0 0 5 0 1 1 1 1 1 2 2 2 1 2 1 3 3 1 0 1 0 1 0 0 
0 2 0 2 1 1 3 1 3 4 1 3 1 4 0 1 4 1 1 1 1 3 1 1 0 
0 0 2 3 2 1 3 3 2 2 2 7 0 3 1 2 4 2 3 1 1 0 0 1 0 
0 0 0 4 5 1 4 1 7 3 2 7 3 5 1 4 8 2 2 1 4 1 1 2 0 
0 1 1 2 3 3 2 2 4 6 4 4 5 6 2 5 5 4 3 2 2 2 4 1 0 
0 1 2 1 4 5 1 5 4 4 7 10 9 6 10 7 8 3 3 2 2 4 3 0 1 
1 2 3 0 6 7 5 5 9 14 7 6 14 4 7 10 5 6 7 3 2 4 1 1 1 
1 0 3 3 3 6 5 10 5 14 9 16 8 12 10 8 4 3 4 6 5 2 4 0 0 
0 5 2 3 5 6 16 11 10 11 16 9 8 7 13 14 10 10 9 1 5 3 1 2 0 
0 3 5 0 4 5 7 13 7 6 7 5 12 12 12 14 10 14 10 8 10 4 2 0 2 
1 3 3 3 9 6 6 16 11 8 11 10 18 10 7 12 5 7 12 10 10 5 4 5 2 
1 2 4 5 7 7 10 18 16 16 11 11 14 13 12 25 12 14 8 6 8 6 5 4 0 
0 3 5 9 9 14 12 15 9 11 16 17 19 9 4 16 22 4 13 8 10 8 4 0 1 
1 1 4 8 9 16 10 19 12 14 20 15 16 19 16 10 8 8 16 12 7 11 5 0 2 
2 2 5 13 14 9 13 24 7 16 11 24 17 17 14 12 14 16 15 17 11 10 4 1 4 
0 0 0 1 0 1 1 1 0 0 2 1 2 1 0 1 0 0 2 0 0 3 0 1 0 
1 2 0 0 3 1 2 3 3 3 1 1 5 1 3 2 0 0 2 3 3 2 1 0 0 
0 4 3 1 1 2 4 1 1 6 4 2 3 3 4 5 5 0 5 2 4 4 1 0 0 
0 0 2 3 0 2 1 7 3 2 2 7 2 1 3 6 5 1 6 5 1 5 3 0 0 
0 3 1 2 1 5 3 2 6 4 3 6 7 2 9 4 5 3 6 4 3 2 4 1 0 
1 5 2 6 1 8 6 2 5 7 6 13 3 4 5 9 7 3 9 6 7 3 3 0 0 
0 2 3 5 2 6 10 2 7 18 9 10 13 9 6 9 5 9 10 5 5 2 2 0 2 
0 2 5 5 6 3 8 6 7 12 5 7 10 10 13 8 11 9 5 7 2 6 3 1 0 
0 6 5 8 7 9 11 7 11 10 11 12 11 16 7 7 11 12 9 7 12 13 2 1 0 
0 4 3 9 12 8 8 12 14 12 11 10 16 18 15 13 16 13 7 9 5 6 7 2 0 
0 3 7 5 11 11 13 5 14 20 8 13 17 9 14 13 16 11 7 9 15 6 3 3 1 
2 2 7 5 8 14 15 15 22 13 29 18 24 25 16 16 20 9 9 10 8 5 8 2 0 
0 5 8 11 7 21 17 13 12 22 23 26 18 30 17 17 16 17 12 9 9 4 5 2 1 
0 1 11 13 8 10 19 22 16 29 20 21 20 19 29 13 18 18 21 8 15 8 10 4 3 
0 8 7 20 9 14 20 19 23 24 17 22 22 22 24 34 18 21 24 16 14 12 8 4 3 
3 1 9 13 15 16 12 12 30 23 23 17 30 25 22 22 27 22 22 22 14 6 14 6 4 
0 2 0 0 1 0 0 1 2 2 2 1 2 2 1 1 1 0 3 2 1 0 0 0 0 
0 3 3 0 2 3 4 5 5 4 7 5 2 5 6 2 3 4 2 2 1 4 3 1 0 
0 4 2 2 4 4 6 3 5 9 1 5 8 4 4 4 6 5 5 8 6 3 2 2 0 
1 1 4 2 5 4 4 6 5 3 6 9 8 10 6 10 8 6 5 8 9 3 3 0 0 
0 2 5 6 4 5 5 12 10 12 11 6 12 10 11 8 12 8 4 9 5 4 2 2 0 
1 2 5 3 6 6 8 11 13 10 14 8 12 17 11 15 9 11 13 8 5 3 5 1 1 
1 3 7 10 6 12 12 13 13 14 15 18 14 13 12 15 10 9 8 16 8 12 2 6 1 
2 3 11 7 7 13 13 19 14 19 7 16 17 23 13 15 13 16 8 16 8 2 7 2 0 
0 3 9 11 7 15 15 14 13 17 19 18 14 14 20 21 22 12 10 9 12 6 2 4 1 
1 3 9 13 21 12 19 20 25 17 21 28 19 24 24 18 17 14 14 11 7 11 2 2 0 
1 6 9 10 13 16 16 28 17 22 31 25 23 20 24 17 19 16 15 14 12 18 6 5 1 
4 7 13 17 13 19 24 23 26 19 27 24 26 25 32 25 23 17 16 18 17 13 5 6 0 
1 6 9 18 12 15 22 16 28 31 32 39 22 35 30 32 32 16 20 18 19 13 13 5 3 
2 6 10 11 16 18 20 33 34 27 26 43 23 37 43 27 39 28 31 29 16 18 5 5 3 
1 5 13 11 16 22 32 29 36 38 35 37 41 32 36 28 31 31 26 22 16 12 11 5 1 
1 7 18 15 19 11 31 38 41 39 42 43 36 39 38 40 37 34 22 30 19 20 11 10 1 
0 1 0 0 1 2 0 2 0 1 3 2 5 3 0 2 1 2 2 2 1 2 1 0 0 
1 1 0 5 2 2 2 8 3 5 6 5 8 9 5 3 4 8 4 8 3 3 0 2 0 
2 0 3 2 2 5 11 3 6 6 9 11 6 12 7 6 5 7 9 3 8 3 3 1 0 
1 1 6 5 0 6 10 9 15 7 6 10 17 11 10 10 11 7 9 5 9 12 3 2 2 
0 5 4 3 7 9 12 14 13 6 15 10 13 20 13 9 8 13 6 4 5 3 3 0 2 
0 5 9 9 10 9 11 14 14 8 8 18 12 14 15 13 16 11 13 16 9 6 3 1 1 
3 0 9 8 13 14 13 23 20 20 16 18 14 21 23 22 16 12 14 10 6 11 4 5 1 
0 4 14 7 16 12 10 18 17 18 15 17 17 16 25 26 24 26 16 9 8 6 5 4 1 
3 7 14 5 10 21 18 26 22 28 25 33 29 20 33 15 26 20 18 15 11 6 6 3 1 
2 3 4 15 23 18 30 30 20 23 37 31 30 32 29 20 22 24 15 19 13 12 6 5 4 
2 5 14 12 19 22 25 26 40 29 30 32 38 31 32 34 31 23 20 17 18 13 15 7 2 
2 6 8 14 17 30 32 22 38 37 30 32 33 38 32 34 25 33 32 27 17 14 16 5 1 
4 7 14 15 19 27 29 37 37 36 35 37 44 37 44 37 40 31 34 23 19 14 15 9 3 
2 3 7 16 22 26 37 41 34 46 38 28 35 52 31 30 30 30 26 36 24 21 11 10 6 
5 10 14 19 23 30 31 44 49 47 48 57 40 57 49 55 45 32 43 35 28 29 16 7 2 
3 16 17 29 44 43 40 32 35 70 47 63 56 62 58 44 47 38 41 42 18 28 18 3 7 
1 0 1 1 1 2 3 0 0 1 2 1 1 3 3 3 0 2 1 0 3 1 2 1 0 
1 1 2 1 3 3 3 4 4 5 7 4 5 4 7 8 5 5 7 5 3 1 1 0 0 
1 3 4 5 2 6 3 5 6 6 8 7 6 5 10 7 6 9 4 3 6 1 3 2 1 
1 1 3 5 4 8 5 11 13 7 10 11 14 11 16 10 5 10 9 5 4 7 2 3 0 
1 2 4 8 7 10 10 8 12 11 11 15 16 19 15 10 11 16 19 13 7 7 9 3 1 
1 4 7 7 8 10 15 11 17 23 14 19 20 23 15 13 21 21 15 10 9 4 3 2 0 
0 2 4 7 11 7 20 20 27 16 20 16 26 22 21 25 27 21 9 15 7 15 5 2 0 
3 4 7 8 17 13 18 28 28 25 20 22 27 17 21 22 33 18 16 18 5 6 7 5 1 
1 7 12 15 25 25 17 24 15 30 29 29 20 26 30 33 23 31 23 25 17 12 10 6 3 
1 13 9 15 21 30 36 22 30 26 35 30 31 42 29 38 27 26 20 22 21 18 4 7 1 
0 3 13 15 20 32 35 27 34 34 33 50 36 35 35 34 31 25 27 26 21 16 13 5 4 
1 8 13 16 17 30 28 47 37 50 42 47 47 38 39 37 40 41 28 26 16 18 11 10 1 
3 7 15 19 29 31 37 36 41 45 54 53 41 45 45 52 35 37 38 28 18 22 11 6 7 
5 12 15 28 28 36 41 40 43 42 47 59 48 46 51 48 31 43 33 34 26 20 14 4 2 
3 8 21 27 37 35 48 52 50 47 57 60 47 60 52 55 35 41 33 32 37 30 23 9 5 
7 10 17 25 29 43 39 63 52 71 54 72 66 62 56 54 48 58 50 44 42 15 18 5 5 
0 0 2 2 4 3 3 0 6 5 3 2 0 2 4 4 3 1 2 2 1 0 1 2 0 
0 1 1 5 3 6 5 5 13 8 5 8 9 16 8 7 6 7 8 6 3 4 4 1 0 
3 1 3 4 6 7 5 10 5 16 10 16 12 19 9 9 10 10 11 9 7 6 8 2 2 
0 6 4 9 6 10 20 11 17 11 8 20 18 16 17 16 12 11 11 7 6 10 3 3 1 
1 6 7 8 10 11 16 21 21 13 18 23 25 16 16 20 12 19 12 14 11 18 4 3 1 
4 4 2 15 13 11 16 19 30 21 12 23 19 17 21 27 18 19 19 13 13 14 4 6 2 
1 3 11 11 18 25 24 22 19 33 29 36 25 19 21 23 24 17 19 10 13 7 10 4 1 
4 13 12 14 19 15 29 23 19 29 24 18 26 33 32 25 26 24 16 17 9 11 14 2 0 
4 5 19 17 19 23 32 28 28 27 31 41 32 40 26 21 39 25 35 24 20 15 6 4 5 
3 7 22 21 28 23 29 35 41 35 38 37 38 35 29 28 40 33 24 27 22 16 11 7 2 
4 11 13 19 25 24 35 32 40 44 45 46 49 43 33 37 39 35 32 20 17 16 13 6 2 
2 9 16 13 21 36 33 37 36 52 48 49 48 55 47 35 45 41 32 26 28 17 16 9 4 
1 10 22 27 40 38 48 38 38 40 59 57 59 50 55 52 46 37 43 29 28 25 13 6 5 
5 8 17 24 38 47 44 41 58 57 68 67 54 60 64 59 51 54 43 35 34 30 19 8 2 
4 13 21 31 28 41 47 53 64 56 66 57 74 68 62 79 62 57 37 49 35 24 22 14 6 
5 10 17 24 38 40 54 60 65 77 76 80 69 74 79 65 51 68 39 53 42 36 33 12 8 
0 0 0 2 1 4 3 5 3 4 5 4 5 4 3 1 6 2 4 1 3 2 3 0 0 
0 4 5 6 9 8 10 11 13 13 12 10 13 16 9 13 8 11 7 11 4 5 2 4 1 
1 0 2 7 8 10 9 11 13 20 15 16 12 17 10 12 12 14 12 7 10 5 5 0 1 
1 1 7 5 14 11 22 13 20 28 26 21 25 15 21 16 14 15 15 12 16 9 9 5 0 
1 8 10 9 14 18 18 22 18 22 21 21 24 21 27 19 14 17 22 9 11 14 4 4 1 
0 7 15 14 18 18 22 25 21 29 25 28 31 33 17 22 25 17 24 27 13 16 10 9 3 
5 6 9 13 19 14 32 18 36 34 45 39 40 29 27 30 28 23 18 16 20 13 13 3 1 
1 7 20 20 19 26 30 30 40 34 47 48 46 42 24 34 43 29 22 23 15 14 9 8 3 
3 12 16 16 30 34 29 27 37 53 46 43 52 37 44 35 44 26 35 26 29 18 14 7 2 
3 9 26 27 31 27 37 34 47 54 48 46 46 56 62 53 48 39 39 43 25 21 13 7 4 
4 18 15 19 25 41 45 40 50 53 51 61 62 70 58 52 51 53 49 41 36 20 15 13 2 
2 15 22 26 34 38 62 54 66 79 78 91 79 58 58 62 61 45 48 34 42 28 15 9 2 
7 12 20 37 44 35 64 58 73 81 79 79 67 68 78 63 63 70 54 36 39 29 26 10 4 
6 13 25 30 57 64 56 65 58 78 79 79 85 87 65 78 72 56 66 52 46 29 26 11 8 
6 12 29 51 58 54 63 66 81 89 81 106 91 88 90 80 78 67 65 39 39 31 16 24 4 
3 19 26 55 47 76 82 87 80 86 109 107 109 107 96 82 96 87 81 82 57 43 32 23 13 
0 1 1 3 3 3 3 3 2 7 5 8 4 7 4 6 3 3 1 2 6 0 0 0 0 
0 1 12 7 6 7 11 11 11 13 12 9 20 14 18 13 15 12 2 16 9 5 5 1 1 
1 6 6 10 8 14 21 11 17 18 17 26 23 19 20 16 18 11 9 17 9 8 5 3 1 
0 2 10 8 11 17 23 25 26 8 12 27 25 21 23 25 20 21 13 14 11 12 9 4 3 
1 6 14 10 18 21 30 25 25 28 32 41 32 35 24 23 30 25 18 17 9 11 5 8 1 
2 3 19 9 22 23 25 27 35 41 24 38 41 35 36 48 20 24 29 20 22 14 11 7 3 
3 9 12 21 26 38 27 39 47 47 49 45 37 44 45 46 42 30 23 21 25 15 11 5 0 
3 5 22 22 17 32 44 41 47 45 45 55 43 57 44 50 41 39 26 18 30 17 18 11 1 
5 14 15 18 41 32 51 56 43 50 74 63 46 72 64 54 48 47 60 41 35 27 18 8 1 
6 10 17 34 34 42 56 49 64 57 65 69 65 63 73 54 55 58 49 31 33 25 22 9 5 
4 16 24 30 34 50 52 74 72 75 68 69 77 71 62 69 68 70 60 44 38 20 11 17 9 
0 15 27 23 35 52 65 68 77 70 90 73 85 82 82 70 71 56 61 34 46 37 19 15 3 
5 25 26 61 58 75 70 68 86 90 98 93 105 102 80 77 78 84 64 47 55 34 26 18 9 
5 15 35 38 55 70 89 77 93 107 95 82 105 101 108 95 103 89 61 61 46 44 30 21 0 
8 19 31 55 62 81 75 83 93 106 120 119 111 114 113 112 99 92 89 71 74 46 28 20 6 
18 14 32 44 64 81 99 102 119 118 117 125 109 125 121 99 109 109 81 76 66 55 42 28 11 
2 2 3 5 4 4 7 11 3 8 4 7 6 7 5 9 9 4 4 8 5 3 1 0 1 
1 5 7 9 13 15 7 13 14 11 19 19 23 26 20 14 14 9 17 8 8 5 6 1 1 
4 2 3 11 16 21 17 19 25 23 30 27 22 15 22 20 29 24 20 17 14 11 8 7 3 
0 4 11 13 11 27 25 30 37 23 26 31 35 33 24 35 17 20 18 16 16 12 6 4 3 
3 5 12 15 24 20 29 27 30 49 40 39 35 42 37 43 37 35 27 18 21 16 7 1 2 
1 6 16 25 26 33 30 44 43 48 60 65 43 39 55 44 43 31 43 32 23 20 10 15 2 
2 11 17 26 30 35 55 49 49 68 40 68 59 63 62 58 58 38 39 45 38 25 16 10 4 
8 15 23 23 35 41 60 44 66 69 69 69 65 59 48 70 65 57 36 38 28 36 21 13 5 
6 8 26 27 46 48 59 62 81 62 81 79 75 98 89 74 68 77 54 41 38 20 21 15 4 
3 14 21 36 54 65 80 77 75 77 86 79 94 99 79 90 71 85 57 64 49 37 34 18 6 
8 16 31 50 61 71 72 102 106 95 111 105 94 104 110 88 88 78 77 72 60 48 37 13 10 
8 24 43 47 50 87 79 106 90 106 109 105 122 130 93 119 100 85 105 76 60 55 27 20 8 
8 24 45 50 64 90 92 108 124 132 127 116 134 149 128 109 95 89 91 75 73 61 39 24 7 
9 29 34 65 86 83 110 128 114 160 140 124 144 133 143 136 124 117 99 83 68 45 33 23 11 
10 32 55 82 99 105 108 129 155 146 145 150 150 143 146 139 148 129 99 91 98 61 45 22 12 
12 36 59 70 111 118 117 142 162 162 164 170 170 179 176 148 139 151 125 93 103 66 46 26 8 
1 1 1 4 2 7 5 8 13 10 9 5 14 6 7 8 5 8 4 6 1 3 0 2 0 
1 6 10 5 4 15 12 18 14 18 18 11 25 18 16 13 20 17 21 10 20 7 7 4 1 
2 4 7 18 12 23 24 12 32 30 30 31 27 15 23 29 15 21 23 12 18 11 11 6 6 
5 14 17 18 33 19 24 33 32 39 47 37 37 37 36 32 34 35 19 18 23 17 9 7 2 
6 6 17 22 23 19 26 34 36 44 46 44 49 39 52 49 35 29 32 31 15 17 17 10 2 
4 7 9 28 25 37 39 40 57 48 60 51 44 61 51 54 46 46 45 37 34 25 16 9 6 
4 13 33 27 38 41 51 59 51 56 73 76 71 61 68 70 55 50 41 47 25 36 26 9 4 
8 19 31 30 40 49 67 64 59 85 81 86 72 74 66 63 74 58 60 46 45 31 26 13 7 
5 15 35 37 45 52 74 76 78 85 82 83 83 86 83 86 81 71 63 60 55 47 23 15 12 
6 24 29 46 59 68 83 82 96 81 101 103 99 99 86 115 94 77 75 68 53 40 25 23 6 
11 21 46 45 68 85 82 79 105 91 128 127 136 102 134 110 105 85 84 67 57 59 33 25 7 
8 34 37 61 74 86 94 122 107 120 157 136 152 128 134 104 110 106 95 90 74 50 33 22 10 
10 26 47 72 90 88 121 139 145 135 144 137 164 145 160 145 125 136 99 69 79 71 40 29 9 
15 32 48 80 90 95 124 137 143 179 164 158 185 173 163 154 136 131 130 95 89 68 41 30 10 
10 32 61 79 103 97 132 131 163 198 180 157 156 171 192 174 153 149 135 106 94 76 42 33 12 
12 37 63 92 112 140 144 170 203 161 169 185 174 177 203 183 160 144 122 120 110 96 53 32 15 
1 3 0 6 3 6 7 7 13 7 13 20 10 5 3 6 12 6 6 4 11 0 6 0 1 
0 4 13 8 17 23 15 25 21 23 22 19 21 27 29 21 23 12 20 17 11 14 13 4 3 
1 9 9 13 20 27 31 35 30 42 41 33 36 28 23 36 33 28 28 20 11 19 11 6 3 
2 12 15 17 26 18 29 33 38 45 45 64 42 41 35 44 35 21 32 22 19 33 13 4 2 
1 8 33 20 29 42 33 47 60 60 58 72 46 75 59 66 58 42 40 31 32 28 25 12 2 
3 11 30 25 25 51 39 48 61 76 55 67 64 71 52 55 58 52 42 35 37 25 19 19 1 
6 23 19 40 52 63 55 86 64 82 66 88 78 76 83 71 74 69 49 48 49 25 28 13 5 
8 13 29 36 41 70 84 77 81 95 81 99 122 89 96 81 78 92 67 69 49 26 29 23 9 
4 23 62 43 62 62 76 91 93 120 109 113 112 117 108 106 100 82 77 83 46 58 24 25 5 
7 29 45 46 67 77 95 105 125 122 137 122 132 128 120 106 86 107 83 73 62 47 40 26 5 
9 29 34 60 70 90 117 119 132 139 135 145 155 117 116 107 127 112 101 85 72 56 41 25 10 
9 34 45 83 94 123 131 119 137 134 171 137 151 164 149 143 112 148 105 99 90 65 44 24 10 
15 32 66 70 102 123 108 124 139 164 163 184 156 184 149 171 151 147 112 99 92 73 47 39 12 
15 36 55 72 106 127 149 157 168 200 177 176 203 190 178 179 204 151 145 122 92 86 72 32 11 
13 43 69 103 112 145 144 173 169 197 199 244 202 223 203 203 184 160 158 152 117 104 72 47 17 
22 42 84 104 124 167 170 192 202 239 236 228 239 248 234 242 214 179 178 149 114 99 84 35 13 
1 3 4 5 2 3 11 11 13 9 5 12 10 11 10 9 7 8 5 4 6 2 5 0 0 
2 4 8 9 22 16 27 17 21 20 29 25 22 23 41 25 29 24 16 20 25 9 14 5 2 
4 8 9 18 28 27 30 35 28 54 40 26 37 55 45 28 46 28 34 20 19 14 5 6 1 
2 16 18 23 25 34 29 31 32 43 45 56 60 64 50 52 62 33 38 29 29 14 15 9 5 
9 11 15 27 26 43 61 55 60 68 68 68 70 61 51 52 55 59 44 36 30 28 23 12 6 
0 17 25 35 52 42 61 81 78 78 73 91 73 59 69 83 75 67 61 56 42 31 25 15 4 
7 20 35 33 48 88 79 69 79 105 97 118 102 91 97 84 71 104 84 59 50 38 30 19 7 
5 11 31 54 55 68 72 79 86 103 111 110 96 98 112 102 92 76 82 45 71 46 38 17 7 
10 28 42 38 74 107 108 108 108 102 132 122 145 112 116 126 130 92 87 73 56 44 40 26 4 
10 36 45 68 94 104 101 125 122 147 135 155 127 146 143 125 136 108 96 92 85 72 40 27 8 
11 30 51 78 120 123 114 132 137 143 163 138 153 179 146 150 147 134 126 101 93 69 45 26 5 
12 43 67 70 90 106 156 158 165 175 179 203 188 173 188 167 151 149 142 128 98 78 58 26 8 
14 38 70 85 112 120 161 157 194 174 226 199 207 210 196 195 175 192 143 126 125 90 67 30 11 
13 47 73 102 112 155 188 193 205 220 228 216 236 233 242 244 182 194 187 135 124 106 63 39 13 
13 48 80 112 133 177 178 195 229 240 264 249 244 264 255 240 217 222 183 162 148 108 71 34 17 
13 42 84 141 158 188 197 249 258 272 285 277 323 269 272 244 225 235 227 183 143 111 91 51 17 
1 2 8 4 4 8 9 15 19 14 20 22 13 12 14 16 9 11 11 8 8 9 5 3 2 
0 10 11 10 25 27 33 36 23 26 44 35 37 40 43 33 43 23 31 17 12 15 7 10 4 
3 11 27 27 33 31 42 42 51 55 68 41 54 54 64 56 55 45 39 43 34 31 20 13 4 
2 26 14 29 35 38 42 52 61 76 78 61 80 66 64 61 82 48 60 48 38 18 13 9 4 
2 18 23 32 48 59 59 89 64 87 91 77 87 91 85 76 63 67 47 51 50 37 20 12 5 
7 25 23 37 55 84 100 84 98 83 91 94 122 115 101 77 78 85 68 64 47 47 19 22 13 
10 23 43 55 89 98 94 102 140 118 115 131 145 100 108 117 100 89 80 70 57 56 40 12 6 
11 35 54 75 77 91 102 117 135 156 139 147 149 131 147 142 117 119 102 77 71 59 35 24 7 
11 22 53 69 87 100 103 126 126 166 136 149 170 146 171 158 128 115 120 95 99 63 53 21 8 
10 25 68 86 99 120 151 173 170 178 212 181 197 174 176 191 168 158 133 108 85 84 58 31 19 
23 36 74 80 108 138 160 187 172 213 183 186 203 200 191 181 190 166 168 127 122 99 55 33 14 
12 39 79 103 134 139 172 200 190 234 211 234 233 246 220 256 195 179 172 145 130 94 70 33 8 
10 50 83 111 150 173 196 232 204 261 236 219 272 261 284 280 233 189 196 167 131 106 72 50 16 
14 52 88 125 163 202 227 262 268 252 318 295 330 294 278 252 243 231 226 158 174 115 88 56 14 
26 65 115 127 175 208 209 311 321 317 338 286 315 355 282 329 296 254 211 201 171 121 87 67 16 
24 57 111 176 197 233 265 275 311 375 343 289 356 362 317 328 282 270 279 215 180 155 103 55 20 
2 4 5 5 10 13 12 11 11 20 21 21 19 14 20 13 12 17 10 11 9 7 3 5 2 
0 14 14 14 25 33 31 44 50 39 39 45 58 56 38 34 45 32 26 27 26 17 17 4 2 
2 5 20 34 31 47 47 56 50 62 76 57 51 52 63 55 68 56 46 43 40 24 23 14 3 
7 15 31 32 31 54 61 71 76 77 88 77 85 76 66 92 72 61 57 60 47 37 27 14 2 
3 21 31 40 51 63 63 71 97 93 101 109 99 105 102 92 91 66 89 70 56 45 29 14 5 
12 20 36 38 78 79 85 102 113 120 103 127 110 129 126 125 104 94 99 69 51 57 44 25 2 
5 25 61 65 87 106 121 126 107 133 130 145 156 148 152 134 122 115 111 85 59 73 49 19 8 
13 34 55 84 89 113 120 157 181 164 162 166 171 160 159 144 135 147 104 108 85 80 56 37 14 
11 40 78 109 111 126 171 170 180 188 184 202 202 192 172 190 176 157 141 132 117 80 65 47 11 
14 40 73 89 149 138 175 181 194 206 223 237 208 207 206 205 190 200 164 126 104 84 78 52 11 
10 60 85 103 141 174 172 212 208 218 262 258 288 249 240 223 215 216 200 143 142 107 71 27 21 
18 55 113 126 141 203 235 222 257 280 290 272 273 260 284 266 253 239 188 152 170 127 95 47 14 
30 68 96 135 196 224 224 268 274 285 308 348 352 311 306 312 267 240 243 192 155 129 95 70 24 
25 90 114 137 189 240 248 302 307 332 352 366 346 350 303 335 292 293 276 205 192 132 106 57 17 
31 89 118 166 223 298 288 319 352 348 397 358 405 398 339 359 352 321 303 238 192 162 110 77 21 
29 68 133 189 205 286 296 390 330 424 431 460 432 428 388 362 353 354 296 256 225 149 129 81 23 
1 8 8 13 14 15 20 12 25 19 21 21 16 24 30 18 17 17 18 12 15 9 6 1 4 
3 12 18 31 32 55 43 46 48 39 48 53 75 58 69 55 42 44 37 32 25 22 13 11 8 
3 17 35 24 52 47 50 68 55 81 77 78 86 79 101 71 82 63 50 32 36 34 16 8 3 
11 28 26 37 64 82 84 93 87 95 83 92 92 97 92 82 69 81 75 55 52 41 30 14 7 
13 31 47 48 65 94 95 89 100 90 114 110 121 122 114 91 124 85 95 68 54 44 43 27 11 
8 25 52 62 81 106 132 128 138 142 138 150 186 179 138 134 140 119 119 99 80 62 50 22 5 
17 25 50 68 99 115 108 145 189 197 164 155 174 199 172 174 152 144 130 117 104 73 53 33 12 
8 31 65 81 111 147 143 187 203 176 176 213 194 186 201 196 194 185 131 123 118 79 71 44 19 
16 50 74 93 143 175 179 180 242 228 246 258 217 260 240 231 192 209 173 150 138 85 85 46 11 
24 66 81 126 165 169 210 231 230 250 274 257 286 292 280 260 225 227 188 178 155 119 87 47 13 
15 59 102 145 183 218 239 269 297 303 303 331 313 285 316 317 279 259 229 209 153 143 101 63 21 
24 73 113 166 152 274 269 296 317 344 360 341 364 376 359 318 299 293 282 225 179 147 113 74 18 
34 92 116 187 215 249 273 349 345 387 383 411 381 419 391 373 353 329 292 217 208 161 126 65 22 
24 95 126 198 247 306 325 365 412 452 404 429 430 460 421 396 405 361 284 248 222 180 125 75 34 
26 91 169 202 267 320 356 419 435 483 463 525 479 472 473 458 398 340 302 300 235 201 159 85 28 
35 109 189 241 279 399 428 429 465 476 501 480 522 491 481 473 487 382 382 331 265 218 143 84 30 
1 0 7 6 9 19 26 22 26 20 21 29 17 23 26 23 14 8 14 10 8 12 9 4 1 
7 12 21 21 43 39 36 45 57 66 69 61 67 58 58 53 73 45 42 43 33 27 16 9 2 
6 16 28 39 54 50 59 72 81 79 66 87 81 96 88 75 74 65 65 48 40 42 18 11 12 
5 28 43 42 60 83 95 78 100 93 104 92 121 93 121 111 77 84 69 75 48 42 35 16 5 
11 27 44 53 70 90 115 108 101 121 121 121 127 131 125 127 112 116 107 73 78 56 41 32 6 
9 39 51 67 95 102 145 128 150 154 162 169 159 154 144 153 136 131 113 107 71 55 38 34 5 
8 31 61 94 110 130 147 165 167 165 169 186 173 176 157 169 150 159 118 137 96 100 42 34 16 
20 37 74 98 116 149 164 171 210 197 201 208 219 215 201 225 192 193 139 148 105 105 73 37 16 
15 50 93 111 172 149 192 185 236 227 253 259 255 272 250 224 226 211 197 176 138 116 72 42 22 
21 66 83 129 175 197 230 231 259 297 317 324 319 309 293 252 276 247 222 173 172 113 85 53 24 
16 59 101 152 174 210 260 275 319 299 318 309 313 326 305 327 290 271 206 202 177 130 107 57 24 
29 62 145 166 196 259 277 301 324 361 373 374 391 370 348 341 347 296 294 232 211 139 107 73 16 
24 86 147 181 254 279 342 333 378 399 390 433 392 423 395 369 381 332 332 266 210 172 120 70 19 
31 77 144 219 248 337 341 373 410 439 430 436 449 411 408 425 397 373 296 306 242 165 132 80 30 
38 105 153 203 273 301 404 444 432 456 485 495 504 479 455 485 423 385 337 331 267 231 164 79 33 
43 99 171 254 332 400 422 437 449 487 510 516 532 523 528 514 463 418 385 335 271 252 166 95 32 
2 9 6 12 18 20 16 21 28 27 27 32 35 26 29 24 17 27 25 13 23 12 9 2 2 
4 18 21 36 46 56 52 56 53 51 67 77 87 69 55 63 58 62 66 40 52 32 24 12 7 
3 20 38 45 57 48 80 78 78 64 78 93 76 93 103 99 72 76 78 53 54 31 29 17 5 
8 34 48 61 58 83 97 118 97 107 114 132 116 119 119 97 113 82 103 66 62 39 35 24 8 
9 26 32 73 70 94 116 101 128 163 141 168 160 159 122 151 138 121 138 101 90 51 42 30 8 
12 36 74 92 111 123 158 159 183 196 200 200 192 179 182 166 188 147 116 123 93 85 55 34 6 
15 51 78 97 124 142 159 172 211 211 222 237 221 220 185 208 186 185 150 140 111 73 54 32 13 
14 39 80 124 135 178 202 204 231 243 228 233 240 256 246 208 213 213 192 169 137 103 76 43 16 
23 56 94 145 179 205 235 224 254 275 231 236 306 285 308 280 271 234 196 190 154 119 74 66 24 
21 63 105 160 178 214 258 274 310 318 341 361 351 350 338 338 287 260 269 210 180 163 101 65 24 
23 73 120 170 201 273 259 330 369 381 345 339 368 403 346 362 350 317 289 238 204 185 107 59 34 
25 74 117 222 234 293 337 371 424 417 378 464 436 446 460 394 352 374 293 297 234 153 128 75 25 
28 85 170 214 259 322 352 394 430 470 506 467 492 485 433 454 415 373 333 280 285 213 126 70 34 
40 103 172 240 309 350 427 429 498 504 515 523 533 538 541 488 472 448 400 358 266 235 140 99 36 
39 118 193 252 341 401 418 474 527 540 581 580 594 591 557 541 509 469 424 389 317 250 177 102 31 
49 107 210 285 397 412 489 529 622 615 621 684 615 642 657 563 550 547 477 429 346 260 185 98 36 
3 4 10 16 15 20 24 31 36 26 35 25 43 25 25 27 34 27 20 16 14 15 8 1 2 
5 17 26 40 51 54 56 72 79 83 107 85 89 103 83 68 83 51 67 53 45 30 24 8 4 
12 15 30 52 46 85 89 100 124 87 120 112 109 123 116 98 103 87 63 73 44 42 43 22 1 
13 32 37 55 88 83 133 117 126 143 142 146 161 139 147 131 136 110 101 86 75 54 44 22 13 
8 39 49 75 120 114 133 155 167 174 182 184 181 181 185 167 156 148 116 118 104 64 53 29 10 
7 43 61 96 119 141 169 170 210 210 241 195 238 230 222 203 152 174 158 146 125 92 57 35 11 
10 45 78 100 144 174 222 245 248 210 218 234 229 241 253 274 212 216 181 135 118 113 83 56 13 
15 68 95 126 170 195 236 271 282 246 281 286 312 325 311 271 303 252 230 200 148 112 79 52 22 
26 59 116 165 187 213 263 298 319 325 347 340 352 356 318 336 330 256 263 232 185 135 113 60 21 
25 80 127 189 215 249 309 354 342 372 371 408 411 428 410 361 365 303 292 253 198 182 127 88 27 
27 73 165 174 251 307 370 358 429 447 448 471 437 486 463 416 417 375 297 298 235 176 153 93 26 
30 110 155 217 301 347 420 448 492 485 512 493 508 498 501 486 433 388 348 302 281 232 173 97 26 
41 97 182 255 321 355 457 461 540 548 547 510 569 587 563 517 468 504 405 365 286 204 186 82 42 
39 143 182 274 355 425 494 504 549 617 640 625 691 602 566 555 530 488 427 392 320 250 171 102 30 
61 127 245 298 379 449 493 600 633 622 735 736 671 705 695 632 566 530 498 433 369 318 182 138 33 
54 152 237 354 411 488 567 604 640 750 680 735 722 749 707 665 588 612 504 457 356 303 203 155 49 
1 7 15 23 15 36 32 29 38 37 27 26 42 37 48 43 29 19 21 20 20 19 22 5 2 
6 22 52 59 48 65 78 73 103 95 100 108 105 110 105 87 91 99 56 70 59 43 30 20 6 
8 25 53 59 78 82 82 123 117 154 131 111 134 131 127 104 124 108 100 72 62 43 39 23 10 
13 47 54 87 83 131 147 135 124 194 189 197 165 176 161 146 162 136 138 108 95 82 57 33 9 
21 63 73 82 118 142 133 202 195 197 203 214 213 198 208 205 196 178 138 125 108 93 67 47 17 
11 61 98 99 142 165 205 203 230 260 255 258 257 248 235 219 240 219 196 168 150 100 70 48 19 
22 61 100 138 174 219 225 236 271 293 290 327 331 312 287 280 296 277 207 182 164 123 103 61 19 
26 63 119 152 215 261 267 283 360 346 362 358 405 374 328 332 279 285 283 233 178 160 109 62 21 
24 97 147 184 234 292 308 345 369 432 418 422 444 395 442 378 371 347 291 262 210 164 133 74 26 
39 99 139 206 274 341 380 365 430 475 465 470 484 430 472 436 408 382 368 290 224 227 134 81 33 
42 95 190 256 292 388 384 495 468 493 531 560 523 549 563 528 462 429 361 333 261 211 167 95 41 
43 124 214 258 346 410 431 496 554 572 583 617 627 632 639 608 528 480 430 403 333 267 178 110 41 
49 126 204 292 380 462 507 578 654 655 697 678 674 707 649 654 596 569 475 394 345 253 188 130 33 
48 167 229 302 432 509 569 686 715 760 726 759 788 713 719 682 633 565 562 478 424 304 200 149 54 
53 159 261 343 441 505 605 739 720 790 787 822 807 861 784 742 715 658 561 511 408 323 236 152 50 
62 170 297 397 529 597 704 722 802 864 874 953 887 901 887 771 755 711 616 514 456 332 290 165 44 
1 12 15 32 31 27 34 42 36 44 46 48 51 56 40 39 38 29 22 26 21 22 19 4 2 
12 19 22 65 69 94 90 95 106 114 101 128 100 126 106 97 103 86 83 86 76 53 43 26 5 
9 34 68 71 110 108 123 123 134 155 162 146 141 146 132 184 131 128 100 97 82 65 43 32 12 
13 47 92 81 112 109 170 145 181 176 188 198 216 189 186 183 155 134 155 128 106 85 58 51 11 
18 60 82 99 128 162 184 187 227 215 219 247 245 244 257 259 226 209 214 159 127 91 78 49 14 
18 71 101 129 177 223 234 233 274 296 300 294 283 316 281 312 270 230 222 197 173 126 89 71 12 
24 83 125 166 187 220 288 333 304 358 369 370 394 352 350 363 303 290 241 234 193 143 101 62 21 
33 77 131 187 235 283 361 343 364 414 390 424 443 420 388 397 362 351 318 283 200 156 123 88 20 
34 97 158 231 291 331 407 424 461 482 502 498 475 491 472 425 433 399 337 288 275 188 139 82 23 
38 119 173 279 311 346 429 449 478 520 529 561 559 579 569 501 455 462 404 371 311 268 168 110 34 
38 127 205 280 330 432 482 495 592 611 645 648 628 632 615 586 545 506 460 380 339 286 176 89 39 
46 131 226 299 430 492 532 597 674 679 704 727 679 728 694 645 632 532 500 445 348 266 232 117 32 
50 152 255 372 419 520 561 665 706 746 746 761 779 767 768 703 723 596 613 448 398 300 241 122 41 
43 163 267 412 521 577 643 724 787 828 854 851 915 824 856 793 734 688 619 554 447 380 250 184 53 
60 198 348 411 506 642 735 768 899 864 958 962 954 949 901 891 814 721 688 607 517 398 292 164 60 
69 175 321 471 599 675 790 861 911 971 980 1063 1050 979 999 920 916 800 726 640 543 433 305 191 70 
6 13 16 35 31 30 39 51 77 60 60 60 51 61 56 64 49 38 34 34 40 22 17 11 5 
9 26 62 69 86 81 105 125 131 120 124 139 133 127 120 108 123 124 83 95 68 47 27 22 9 
16 33 75 91 114 124 147 165 154 159 176 183 179 185 175 187 156 136 127 109 93 77 56 32 17 
23 49 66 129 154 167 188 178 205 215 227 246 235 224 206 196 182 159 161 150 110 87 66 41 13 
19 70 86 109 180 186 206 231 276 278 303 332 271 275 268 245 236 208 214 176 160 124 84 42 12 
30 84 137 149 200 264 251 299 322 395 356 381 308 364 308 333 269 286 254 241 194 138 116 57 19 
25 67 125 184 209 255 295 319 313 409 425 424 391 419 431 403 384 368 306 287 215 199 125 69 30 
34 99 155 219 248 322 349 379 462 429 451 434 456 500 476 428 435 431 351 241 244 186 126 102 29 
32 113 171 257 298 355 406 497 513 472 546 594 519 604 577 511 472 455 388 362 281 247 150 102 34 
32 114 220 303 365 440 508 540 593 580 659 651 659 597 635 590 515 501 459 409 348 278 233 124 32 
41 147 239 364 450 507 568 584 662 711 743 697 781 756 738 671 599 588 516 441 391 293 222 125 47 
56 151 256 329 423 583 580 693 739 806 806 824 803 759 764 714 710 665 587 506 415 330 194 144 48 
61 179 305 370 491 592 657 780 790 868 863 956 878 885 925 814 743 716 603 544 443 369 251 159 48 
67 175 338 459 567 674 729 768 874 925 961 945 1025 940 942 957 859 791 701 598 520 399 276 177 53 
58 262 357 490 601 744 852 887 1048 1004 1051 1183 1093 1035 1048 1029 903 919 723 696 568 458 333 200 49 
80 240 370 559 663 739 871 1031 1062 1071 1193 1186 1189 1155 1131 1132 965 939 804 730 586 482 357 223 78 
3 12 17 35 32 38 41 57 55 61 63 59 71 40 56 54 43 37 36 39 26 21 17 22 4 
12 23 52 75 81 105 117 144 147 148 162 129 112 155 141 129 135 111 103 89 68 68 41 22 13 
10 44 66 85 98 161 154 159 187 188 184 208 187 199 190 198 155 198 155 114 117 77 70 39 13 
13 52 74 111 136 176 195 176 247 241 271 281 280 286 226 225 246 215 174 148 152 121 100 52 17 
16 64 94 116 179 211 218 263 331 318 298 322 292 315 323 279 266 260 218 202 153 130 100 53 18 
40 80 124 158 196 256 296 364 327 385 412 411 388 405 417 375 330 324 285 184 202 140 126 72 23 
29 80 145 213 290 324 307 379 389 444 462 445 483 442 449 413 404 349 329 286 246 191 156 94 22 
39 116 194 224 326 356 407 506 502 518 515 522 566 580 507 505 478 427 406 328 296 220 172 98 37 
42 159 226 274 344 442 486 520 593 629 618 628 615 643 614 560 547 527 436 423 336 276 184 115 50 
50 129 199 275 367 469 554 590 673 670 723 757 736 683 735 673 597 589 489 425 366 305 230 122 58 
64 153 247 357 454 545 614 656 742 754 839 820 848 787 791 755 679 646 556 488 409 310 241 151 45 
53 212 286 402 497 611 690 738 806 860 910 961 915 833 867 842 743 709 661 603 464 357 248 166 64 
75 200 330 461 567 694 774 827 874 925 1014 923 1052 1031 955 941 874 784 710 629 497 388 282 163 54 
83 211 374 538 599 740 814 902 1045 1080 1086 1106 1150 1152 1016 1007 935 900 787 723 593 425 344 180 61 
89 250 382 499 644 768 882 1061 1044 1217 1162 1178 1239 1174 1163 1085 1071 924 830 789 591 505 349 228 81 
85 264 412 565 811 896 984 1106 1174 1242 1350 1338 1258 1308 1252 1217 1105 994 950 837 665 548 367 216 64 
3 20 25 28 36 44 51 62 78 65 74 71 79 74 74 78 58 55 51 54 57 17 23 17 1 
7 39 51 81 104 113 134 146 172 172 169 175 169 169 179 162 152 142 123 116 88 75 53 26 17 
7 50 69 133 136 157 189 197 219 230 237 231 282 229 228 211 199 179 186 163 115 99 72 39 5 
13 72 95 149 162 214 220 270 284 304 328 305 341 285 304 261 240 233 225 173 138 136 81 69 18 
37 72 155 153 211 270 274 362 354 362 365 364 403 389 366 334 350 266 288 207 197 170 125 78 24 
29 71 183 220 253 310 329 376 435 384 385 467 460 450 462 419 399 369 330 269 252 177 157 67 22 
34 111 171 252 283 343 407 467 488 527 519 526 545 532 537 492 451 456 396 330 259 231 139 103 29 
29 126 198 289 366 401 485 553 607 581 640 641 573 679 597 564 545 484 455 384 340 262 179 133 35 
54 164 243 303 417 487 550 630 676 635 704 721 737 774 710 719 636 529 516 485 371 314 229 156 49 
58 183 263 358 457 562 602 685 801 816 843 843 838 846 891 750 763 635 536 510 447 341 230 142 60 
57 183 295 411 549 637 698 801 836 924 917 905 917 943 909 842 819 752 679 590 469 406 244 166 57 
57 196 347 447 599 635 826 894 1011 1026 1017 1065 1026 1022 1014 951 909 810 746 607 541 448 331 192 64 
80 238 380 524 657 756 937 984 1006 1112 1106 1183 1207 1082 1068 1029 934 902 853 721 595 470 322 212 73 
89 286 437 575 671 848 973 1038 1109 1205 1258 1234 1300 1229 1250 1176 1113 1007 885 804 705 496 380 248 78 
102 246 442 645 808 926 1084 1134 1262 1275 1403 1401 1425 1367 1352 1312 1193 1066 1007 792 717 526 364 243 88 
101 260 523 634 824 971 1080 1238 1372 1428 1527 1490 1529 1530 1403 1373 1311 1178 1069 926 756 620 479 285 89 
3 21 33 31 50 65 53 60 84 85 89 62 82 83 88 86 67 79 65 62 49 24 18 17 6 
18 46 59 81 130 120 187 182 190 197 187 222 211 207 208 191 182 154 136 128 113 99 72 27 15 
22 59 95 135 150 198 203 223 220 267 263 286 240 297 321 268 257 232 220 182 142 86 101 46 26 
25 67 118 163 201 267 281 267 348 377 383 372 373 346 367 310 329 274 253 222 189 149 107 79 29 
28 94 147 233 238 294 357 362 426 429 418 446 465 449 397 418 358 359 326 281 210 193 135 77 26 
42 87 198 230 324 372 469 449 521 536 529 554 538 539 513 470 427 441 358 335 256 210 161 107 30 
36 150 211 304 361 436 494 515 573 616 623 642 613 642 676 584 532 500 428 382 331 251 188 117 39 
60 159 215 346 440 475 568 608 706 693 704 751 751 773 681 673 667 576 512 461 422 333 210 127 44 
72 166 287 381 475 558 616 787 818 799 822 851 923 820 791 838 761 700 605 527 452 375 275 142 60 
64 211 299 422 540 642 734 815 855 959 949 1018 972 1000 914 896 861 782 695 611 542 400 305 171 64 
73 225 361 502 593 730 849 884 961 1061 1111 1151 1088 1044 1064 1011 928 813 742 662 571 449 323 207 60 
75 236 369 570 651 845 979 1013 1093 1146 1252 1256 1218 1210 1177 1128 1072 946 867 754 638 481 351 215 82 
87 255 474 614 782 848 1027 1143 1223 1248 1353 1326 1456 1418 1286 1243 1145 1029 989 843 668 573 416 267 68 
100 323 513 685 826 1008 1134 1287 1349 1486 1562 1494 1450 1508 1408 1389 1263 1193 1037 899 820 579 420 260 80 
127 288 588 741 905 1051 1191 1340 1465 1556 1563 1690 1604 1593 1572 1510 1398 1259 1192 1005 813 653 475 289 86 
107 345 551 819 985 1164 1310 1482 1583 1662 1733 1721 1791 1692 1718 1631 1510 1438 1167 1111 875 738 528 309 106 
6 20 27 40 51 65 70 89 81 89 96 88 71 86 79 79 63 74 53 54 63 39 25 9 5 
19 49 65 100 127 150 154 210 193 213 219 217 232 198 243 210 170 181 152 116 107 86 54 54 9 
13 70 101 140 161 210 208 239 286 289 311 276 284 266 295 271 276 269 216 170 170 104 89 66 15 
17 77 137 172 200 262 294 319 316 329 348 375 370 359 377 364 344 325 267 230 188 148 101 77 22 
29 100 190 204 264 325 344 362 404 459 515 449 461 467 444 469 400 376 362 277 229 205 135 93 27 
31 103 198 231 348 363 454 464 497 517 547 533 547 536 552 508 506 447 424 328 306 195 154 89 44 
54 110 218 302 420 460 527 567 614 604 630 687 662 705 713 593 603 558 507 433 342 274 204 117 37 
66 151 274 338 449 521 639 631 660 767 811 777 801 792 759 653 652 645 577 470 407 311 237 155 59 
66 167 278 396 543 634 671 812 857 850 900 907 952 851 868 831 837 701 612 575 465 390 290 166 43 
72 190 335 443 618 678 768 848 951 1024 1016 1021 1066 1002 1038 965 880 845 757 610 538 443 313 195 42 
82 214 347 524 687 759 862 957 1010 1111 1131 1112 1227 1131 1111 1063 1023 912 801 722 617 432 358 227 59 
72 265 428 537 745 865 1062 1098 1171 1252 1287 1359 1377 1265 1224 1215 1153 1070 917 758 672 541 380 240 89 
108 295 469 642 814 930 1076 1215 1313 1374 1449 1502 1503 1428 1382 1282 1299 1207 1012 863 709 614 428 266 75 
97 331 513 704 918 1029 1226 1347 1408 1554 1614 1591 1629 1623 1422 1464 1371 1230 1110 977 847 631 455 265 95 
100 346 589 780 922 1206 1336 1439 1537 1640 1756 1777 1764 1708 1596 1592 1465 1370 1259 1024 861 702 520 310 94 
110 408 582 839 1058 1267 1526 1601 1625 1792 1897 1898 1914 1904 1843 1772 1637 1447 1282 1103 945 801 543 338 97 
8 14 37 49 71 74 91 95 89 106 96 98 95 104 95 104 87 79 82 69 52 27 28 11 6 
20 60 113 138 144 184 173 224 244 238 261 255 280 251 275 263 204 218 177 155 137 105 84 45 16 
28 82 117 168 216 260 260 283 305 360 356 358 358 368 355 303 318 289 285 219 181 164 93 70 25 
22 87 151 209 275 300 355 408 396 414 421 485 462 482 460 440 389 347 318 281 222 195 142 77 27 
36 99 204 257 312 390 456 485 523 526 527 564 536 551 580 526 493 454 420 347 291 243 167 98 37 
39 124 220 310 385 436 556 596 604 651 652 669 651 743 688 618 582 529 520 432 364 248 229 99 39 
48 157 245 367 470 565 653 671 735 756 862 834 830 837 821 749 731 602 578 554 434 322 238 167 56 
68 201 316 442 518 632 727 862 889 885 938 983 972 927 947 890 809 763 651 563 525 386 305 178 63 
73 209 330 497 614 716 854 936 1019 1032 1140 1074 1093 1106 1088 1028 935 929 774 708 557 450 325 177 53 
87 248 402 577 715 842 937 1069 1080 1194 1195 1226 1246 1240 1198 1116 1069 927 849 751 641 508 377 218 69 
85 280 428 675 805 900 1095 1236 1316 1329 1404 1424 1395 1380 1354 1264 1196 1123 1082 871 728 591 379 240 79 
128 298 528 725 847 1132 1158 1289 1393 1439 1547 1555 1517 1573 1456 1403 1314 1253 1120 932 766 652 458 270 95 
121 378 551 762 940 1157 1337 1414 1601 1650 1711 1751 1716 1661 1649 1596 1514 1384 1229 1034 843 694 482 304 101 
110 354 623 841 1069 1249 1409 1567 1711 1744 1904 1954 1905 1911 1822 1737 1603 1489 1297 1186 956 768 549 348 112 
143 384 703 922 1204 1454 1567 1755 1834 1974 2067 2057 2142 2065 1907 1881 1770 1596 1348 1275 1057 847 564 357 119 
131 415 729 981 1275 1497 1761 1899 2014 2208 2276 2237 2258 2271 2122 2058 1952 1817 1538 1439 1122 900 665 385 123 
11 27 31 55 64 71 94 96 107 119 105 117 117 107 112 93 108 70 82 68 56 52 25 28 7 
24 60 104 126 165 212 234 277 285 296 310 308 285 299 281 293 259 229 218 188 160 112 97 57 20 
27 88 108 223 236 249 290 340 379 363 403 344 384 377 395 361 345 287 270 271 218 158 117 81 23 
34 103 166 217 265 341 367 384 410 519 506 493 514 489 507 448 475 393 352 299 248 220 150 93 19 
26 127 212 263 377 441 502 525 559 603 627 609 643 636 611 582 531 518 437 370 359 254 194 102 43 
59 146 246 348 419 496 597 618 713 719 721 820 801 756 727 697 668 618 564 442 399 317 216 141 47 
62 188 306 420 504 628 698 753 822 923 979 974 908 896 932 837 793 734 625 555 521 369 277 179 46 
73 205 358 455 577 705 771 899 983 1007 1023 1069 1028 1090 1028 1002 919 844 757 651 546 410 336 174 63 
73 242 393 557 666 843 957 1052 1121 1120 1264 1307 1202 1245 1112 1135 1055 941 855 764 612 509 339 228 85 
89 274 474 576 816 913 1031 1208 1254 1277 1436 1418 1400 1366 1327 1250 1140 1123 965 811 731 599 399 240 77 
103 304 520 706 864 1082 1179 1244 1442 1528 1442 1518 1491 1507 1488 1367 1329 1218 1122 1024 833 701 497 291 83 
112 347 588 741 1015 1149 1377 1423 1557 1605 1702 1753 1811 1694 1663 1625 1395 1370 1261 1030 924 706 553 303 93 
126 387 586 892 1071 1263 1408 1588 1722 1804 1917 1932 1868 1954 1863 1711 1590 1484 1279 1198 933 772 604 344 123 
150 399 701 967 1168 1421 1586 1721 1897 2033 2079 2107 2095 2074 1909 1899 1757 1620 1412 1252 1048 904 599 383 124 
141 470 786 1041 1319 1531 1696 1879 2085 2160 2287 2247 2298 2191 2190 2065 1953 1800 1552 1361 1208 910 683 412 138 
159 533 879 1180 1420 1616 1839 2078 2134 2306 2395 2553 2411 2501 2330 2239 2073 2072 1705 1564 1288 997 776 488 143 
6 26 33 58 79 89 106 117 76 119 120 124 102 146 120 107 103 109 76 73 62 57 30 23 9 
20 58 132 148 177 212 225 282 277 276 316 320 292 335 285 276 298 281 230 199 139 125 102 67 19 
29 81 145 214 247 285 290 355 385 429 414 398 392 399 424 389 338 344 310 296 242 194 115 75 18 
35 102 195 251 291 381 400 465 450 498 536 506 568 471 522 502 475 449 411 336 296 229 162 75 21 
52 128 228 284 403 447 534 527 595 571 605 628 683 663 604 658 585 522 466 375 354 263 207 144 50 
59 162 263 373 470 523 602 639 729 752 760 798 870 814 813 747 733 648 539 508 431 306 196 162 38 
77 189 315 464 561 664 717 787 906 883 925 965 1014 959 913 863 834 850 726 569 506 418 293 203 62 
67 205 404 516 667 772 850 1011 992 1081 1089 1098 1137 1062 1116 1043 961 931 846 677 571 426 335 173 59 
64 254 430 550 719 860 993 1113 1184 1214 1191 1258 1246 1266 1223 1235 1112 960 885 796 662 512 350 252 87 
125 296 452 662 794 1072 1115 1235 1290 1374 1417 1451 1452 1526 1438 1398 1286 1143 1030 877 709 640 439 257 94 
106 298 554 730 971 1154 1253 1387 1460 1606 1591 1585 1677 1601 1575 1436 1417 1224 1191 1044 834 689 519 296 94 
141 381 595 807 1064 1206 1418 1606 1695 1794 1772 1865 1905 1797 1766 1673 1631 1419 1334 1108 955 719 541 332 109 
117 392 622 875 1170 1333 1583 1725 1840 1943 2045 2060 1989 1947 1908 1881 1731 1553 1463 1242 1000 875 611 376 118 
157 449 752 951 1266 1381 1721 1789 2070 2059 2165 2226 2344 2141 2140 2074 1923 1850 1593 1403 1128 917 613 400 146 
160 487 829 1094 1381 1652 1890 1985 2106 2197 2447 2498 2396 2355 2350 2266 2096 1857 1747 1470 1226 978 704 453 147 
178 535 871 1175 1473 1736 2016 2255 2366 2488 2589 2625 2697 2567 2514 2378 2209 2029 1869 1650 1410 1071 807 494 144 
8 40 40 66 87 85 104 115 133 130 156 173 166 132 130 148 127 106 103 72 68 76 44 24 6 
22 86 147 193 216 230 277 321 356 360 373 353 386 381 390 310 291 288 266 212 210 165 122 62 21 
26 96 163 235 293 353 404 401 438 454 495 494 469 451 508 481 451 396 343 298 251 183 156 86 35 
39 127 194 279 352 411 508 511 579 584 592 642 585 584 592 580 537 524 444 354 317 237 173 126 50 
52 158 260 337 432 530 603 615 706 722 767 749 762 746 749 758 683 616 525 453 399 311 239 136 45 
48 214 301 424 532 685 711 758 781 887 930 962 925 916 899 871 835 720 666 580 453 348 263 142 56 
69 234 384 519 619 750 849 924 995 1051 1085 1103 1110 1046 1096 1025 945 921 789 683 591 458 311 203 63 
87 256 415 543 760 912 972 1123 1185 1193 1313 1291 1282 1271 1256 1103 1084 961 954 761 712 555 356 202 64 
120 304 482 621 795 1019 1126 1241 1225 1426 1399 1433 1446 1390 1410 1319 1216 1171 1096 914 734 600 444 258 91 
104 329 529 739 962 1151 1279 1438 1559 1612 1613 1661 1672 1671 1605 1484 1428 1305 1186 1016 886 672 532 296 116 
120 344 585 853 1075 1259 1367 1552 1606 1771 1816 1851 1878 1772 1768 1693 1505 1461 1318 1126 1057 797 543 313 107 
142 428 734 934 1225 1392 1558 1662 1896 1961 2057 2028 2147 2005 1991 1952 1738 1629 1470 1260 990 918 581 387 125 
135 423 783 1061 1369 1508 1722 1892 2084 2152 2227 2202 2284 2346 2153 2066 2013 1803 1598 1331 1175 920 644 382 132 
175 477 827 1125 1436 1718 1817 2248 2178 2407 2514 2547 2533 2443 2419 2303 2112 1979 1789 1466 1297 1010 746 454 124 
211 576 911 1291 1521 1840 2076 2298 2445 2582 2693 2684 2692 2699 2616 2448 2341 2080 1935 1659 1350 1118 794 495 164 
190 584 978 1348 1641 2015 2269 2445 2746 2821 2959 3032 2949 2859 2773 2730 2602 2267 2024 1878 1464 1168 883 531 183 
10 44 56 81 100 103 112 128 136 125 136 153 143 147 146 144 121 102 121 82 76 46 38 22 9 
25 78 134 192 229 239 299 329 358 358 392 388 364 372 347 365 336 318 312 231 227 180 132 59 25 
31 98 169 235 293 345 387 427 483 551 499 490 488 515 482 437 431 415 386 296 299 217 165 100 32 
53 121 220 277 425 438 500 528 557 614 638 660 700 655 631 629 586 533 479 409 312 280 197 107 41 
59 178 241 377 449 536 601 653 739 761 760 780 815 828 808 762 669 664 532 467 406 318 264 125 51 
62 190 331 480 569 641 761 832 887 906 881 997 1008 958 955 891 818 776 698 620 481 416 287 162 72 
75 235 420 522 694 803 874 1026 1044 1152 1190 1227 1225 1162 1128 1099 970 923 878 712 598 475 351 206 64 
99 298 451 599 794 900 1054 1130 1254 1392 1425 1381 1316 1321 1315 1255 1208 1053 984 777 709 513 411 226 78 
117 303 505 672 833 1023 1203 1348 1387 1448 1432 1480 1519 1536 1506 1453 1280 1204 1009 923 779 620 465 252 89 
105 356 563 795 987 1187 1360 1472 1583 1638 1756 1740 1795 1679 1671 1607 1446 1421 1190 1048 903 733 567 298 91 
145 361 688 894 1177 1332 1550 1714 1834 1871 1954 1926 1900 1918 1925 1800 1655 1587 1443 1198 959 828 558 349 108 
149 432 703 957 1262 1413 1692 1779 1969 2020 2016 2116 2165 2110 2162 1960 1818 1751 1506 1301 1096 889 610 381 117 
152 492 742 1037 1289 1691 1805 1999 2215 2276 2305 2347 2433 2377 2260 2191 1952 1934 1652 1371 1209 946 700 455 140 
168 506 912 1163 1476 1809 1988 2229 2481 2445 2620 2597 2596 2591 2559 2398 2303 2007 1825 1590 1333 1102 808 455 154 
170 591 990 1253 1656 1959 2091 2372 2591 2688 2726 2815 2765 2830 2703 2618 2434 2146 2000 1801 1406 1157 815 514 138 
197 613 1027 1399 1674 2086 2267 2646 2793 2950 2987 3198 3124 2992 2971 2738 2736 2446 2208 1971 1465 1207 916 572 175 
8 34 50 96 122 107 151 151 157 145 185 196 180 164 166 149 157 158 122 94 94 75 56 26 18 
32 87 160 183 257 285 342 372 351 406 420 458 447 422 442 397 376 315 351 301 243 179 126 69 25 
40 110 208 302 347 414 472 484 549 554 626 619 591 538 541 536 525 473 388 386 288 240 194 97 43 
50 156 253 338 412 488 557 681 714 758 736 743 751 775 733 680 663 606 556 466 380 323 219 130 48 
62 192 312 424 526 639 681 755 862 860 884 1010 901 914 909 876 742 764 700 563 472 378 285 165 46 
83 225 393 540 641 766 823 971 960 1143 1164 1146 1122 1130 1111 1014 1024 907 845 685 600 451 331 197 71 
74 272 458 615 750 880 1040 1126 1204 1272 1327 1392 1404 1274 1311 1295 1136 1033 998 828 696 589 379 230 85 
102 318 470 737 930 998 1245 1319 1485 1495 1545 1550 1547 1553 1508 1450 1280 1247 1122 971 809 592 465 258 105 
118 345 578 815 1061 1239 1335 1542 1609 1674 1741 1780 1859 1786 1683 1584 1537 1398 1374 1086 952 764 524 320 120 
128 413 669 881 1187 1372 1590 1703 1840 1951 2043 2070 1998 1986 1956 1851 1711 1619 1402 1279 1008 844 642 352 107 
154 452 746 1071 1345 1554 1697 1840 2096 2153 2275 2326 2321 2198 2195 2139 1931 1727 1673 1355 1200 975 674 414 151 
167 478 844 1156 1432 1671 1927 2094 2291 2378 2497 2529 2550 2450 2502 2230 2160 2000 1736 1554 1249 1040 717 431 140 
189 559 886 1286 1672 1907 2094 2441 2555 2575 2748 2678 2827 2774 2663 2452 2345 2223 2005 1710 1465 1061 815 498 152 
223 588 1087 1381 1769 2030 2275 2559 2807 2903 2895 2942 3006 3090 2854 2775 2579 2419 2091 1881 1654 1275 954 544 162 
220 682 1139 1440 1885 2302 2502 2654 2972 3171 3338 3356 3371 3286 3216 3028 2909 2674 2313 1907 1731 1362 930 621 219 
255 716 1203 1664 2002 2442 2693 3049 3256 3467 3528 3563 3567 3498 3327 3256 3038 2787 2437 2215 1787 1507 1055 628 202 
10 45 73 78 124 129 145 180 166 172 199 212 196 194 193 161 164 151 136 112 106 110 47 42 13 
33 88 192 238 271 310 384 413 455 499 506 464 516 503 479 476 443 436 336 328 262 214 145 89 25 
47 135 215 313 388 476 538 547 581 617 627 637 651 663 613 621 594 525 519 413 348 283 176 120 37 
67 160 279 453 516 585 676 694 738 874 856 842 863 919 836 795 750 699 637 536 440 350 258 146 69 
68 240 331 496 565 718 809 875 942 1028 1016 1082 1112 1084 1027 1006 907 860 743 652 569 419 320 179 71 
89 260 418 574 779 862 965 1108 1227 1250 1231 1327 1357 1247 1229 1118 1107 1012 906 832 700 532 379 241 74 
102 284 540 706 847 1000 1196 1356 1433 1414 1503 1552 1499 1549 1524 1430 1337 1187 1109 939 745 628 448 277 84 
116 314 561 825 1053 1194 1371 1422 1640 1670 1761 1780 1781 1818 1732 1653 1494 1364 1228 987 934 755 522 323 110 
159 408 666 928 1156 1400 1521 1780 1911 1938 2028 2087 2026 2040 1973 1899 1794 1621 1483 1319 1014 829 616 394 115 
169 431 790 1087 1326 1568 1797 1948 2164 2165 2308 2230 2319 2349 2235 2080 2049 1731 1654 1445 1213 932 668 425 112 
188 528 828 1181 1491 1719 1971 2211 2357 2488 2545 2649 2544 2545 2515 2412 2280 2070 1780 1519 1350 1066 686 458 163 
176 589 965 1221 1555 1910 2198 2464 2683 2650 2871 2862 2870 2876 2716 2670 2444 2255 2055 1849 1466 1096 821 511 176 
218 643 1082 1440 1877 2091 2473 2648 2885 2965 3128 3327 3154 3060 3101 3018 2795 2471 2231 1978 1589 1399 962 586 175 
245 725 1086 1585 1972 2328 2708 2993 3119 3310 3482 3451 3618 3397 3310 3097 2962 2753 2390 2119 1731 1410 1013 625 192 
237 712 1273 1724 2131 2544 2897 3294 3416 3528 3844 3848 3855 3689 3578 3423 3209 2986 2737 2381 1971 1511 1139 657 235 
278 809 1306 1817 2346 2782 3130 3497 3706 3857 4086 3912 4080 4043 3903 3713 3448 3141 2848 2447 2012 1687 1180 714 226 
8 39 71 104 136 150 177 187 202 214 214 226 219 207 225 203 174 158 166 138 125 94 75 40 18 
38 130 155 259 322 374 444 482 512 542 579 534 547 551 533 540 497 431 416 315 291 243 158 102 31 
40 136 233 327 405 486 571 599 694 709 741 735 723 734 692 688 659 529 541 488 375 319 200 122 41 
71 184 318 419 535 663 734 756 842 923 951 923 1010 917 874 831 842 765 652 551 489 376 299 162 53 
94 220 379 542 673 814 857 1004 1115 1132 1192 1214 1198 1187 1116 1047 1071 932 832 697 634 497 346 240 64 
106 291 446 647 805 955 1092 1173 1368 1357 1421 1493 1414 1405 1314 1316 1270 1060 1031 887 744 569 387 237 79 
103 349 564 808 916 1112 1212 1458 1465 1664 1735 1755 1756 1630 1573 1561 1394 1367 1167 1066 882 666 450 290 81 
131 366 635 846 1105 1391 1430 1549 1800 1965 1932 1940 1935 1990 1865 1776 1708 1561 1342 1209 981 755 566 332 82 
138 475 733 1019 1299 1527 1760 1870 2042 2077 2210 2289 2241 2220 2095 2024 1952 1714 1587 1366 1180 896 644 391 145 
175 495 868 1140 1460 1648 1923 2153 2346 2476 2496 2529 2561 2537 2343 2234 2148 1929 1841 1521 1257 1074 730 483 141 
176 538 927 1323 1657 1984 2174 2396 2488 2721 2725 2818 2766 2825 2675 2528 2323 2245 1913 1683 1427 1061 823 487 144 
186 623 1002 1432 1755 2055 2488 2536 2890 3026 3016 3150 3100 3084 2864 2686 2642 2480 2174 1921 1633 1296 825 548 164 
195 676 1106 1559 2028 2308 2598 2884 3057 3244 3397 3433 3455 3474 3276 3157 2818 2695 2365 2134 1765 1369 987 581 193 
280 727 1264 1682 2154 2553 2851 3026 3350 3687 3611 3732 3772 3896 3563 3409 3168 2934 2616 2242 1918 1552 1118 655 231 
291 831 1328 1872 2285 2749 3110 3329 3655 4073 4011 3971 4068 4040 3830 3628 3520 3201 2881 2457 1993 1552 1211 723 235 
281 848 1411 2010 2451 2951 3274 3712 3970 4268 4327 4480 4296 4243 4104 3952 3801 3331 3056 2629 2192 1731 1210 765 234 
16 51 73 118 135 161 180 219 196 253 251 260 235 267 249 227 207 199 183 153 139 89 68 42 15 
47 135 232 293 390 486 497 551 604 629 649 656 675 636 611 581 548 504 460 398 345 254 215 115 33 
50 181 286 398 475 558 704 719 786 800 824 858 846 838 839 812 737 646 635 497 458 371 239 167 54 
67 243 351 489 645 714 888 852 1020 1065 1088 1071 1096 1177 1086 978 983 876 792 685 508 427 307 172 66 
83 294 456 610 728 907 1007 1110 1257 1242 1265 1377 1393 1306 1304 1206 1178 1029 897 789 738 521 384 244 77 
110 312 532 765 944 1131 1328 1444 1492 1593 1620 1586 1670 1639 1624 1504 1460 1350 1170 1031 794 731 476 301 87 
125 415 657 878 1078 1307 1441 1620 1781 1818 1969 1952 1906 1894 1913 1802 1579 1448 1356 1146 971 838 579 330 108 
159 419 750 1018 1248 1531 1748 1891 2065 2146 2229 2308 2300 2283 2129 2001 1846 1765 1594 1401 1124 942 631 366 117 
162 483 836 1141 1421 1805 1928 2200 2313 2551 2561 2583 2514 2457 2490 2393 2159 1989 1785 1607 1334 1088 780 484 157 
191 587 951 1293 1697 1873 2264 2436 2699 2731 2867 2907 2926 2995 2848 2715 2522 2221 2078 1789 1476 1180 876 531 165 
205 671 1091 1478 1829 2121 2482 2784 2983 3126 3069 3155 3251 3200 3082 2993 2681 2531 2229 1954 1622 1313 921 522 189 
230 719 1218 1580 2102 2419 2758 3119 3320 3528 3568 3660 3627 3631 3447 3251 3097 2765 2542 2206 1820 1410 1042 655 231 
230 778 1337 1875 2273 2661 3059 3317 3604 3754 4018 3969 4094 3851 3699 3621 3364 3142 2765 2424 2026 1568 1213 732 249 
308 921 1452 2018 2508 2849 3247 3617 3884 4119 4404 4401 4450 4299 4072 3963 3573 3455 3115 2620 2223 1667 1246 736 289 
315 978 1547 2077 2610 3131 3597 4019 4207 4580 4601 4587 4729 4581 4448 4202 4004 3735 3174 2836 2399 1929 1363 806 270 
334 921 1702 2247 2933 3423 3934 4330 4513 4743 5119 5071 5183 4994 4888 4542 4272 3903 3575 3045 2604 1916 1426 886 302 
15 64 79 116 126 171 190 231 229 263 245 256 268 219 244 241 220 189 191 175 137 107 74 50 14 
38 140 243 334 374 449 527 557 620 622 610 681 690 672 619 706 551 542 452 429 364 260 193 128 44 
62 194 301 447 496 596 695 751 773 840 866 905 883 850 868 846 783 693 588 576 455 346 219 162 60 
71 215 378 525 685 735 879 935 1035 1042 1128 1159 1141 1172 1137 1011 927 886 805 695 594 475 330 186 87 
105 316 453 599 753 1029 1022 1183 1294 1421 1472 1513 1431 1445 1325 1310 1235 1091 975 885 711 573 446 231 95 
117 324 575 759 999 1209 1362 1454 1517 1737 1722 1785 1636 1715 1652 1554 1472 1386 1233 1072 876 703 457 332 102 
145 401 682 901 1084 1315 1554 1754 1807 1964 1945 2033 2020 1964 1959 1830 1668 1599 1410 1182 1033 798 609 361 118 
170 423 761 1078 1326 1579 1788 1948 2078 2294 2323 2457 2380 2292 2270 2231 1983 1883 1650 1426 1223 988 709 423 135 
189 523 868 1259 1515 1798 2018 2320 2454 2587 2705 2718 2670 2702 2544 2453 2313 2080 1820 1653 1426 1077 740 499 165 
198 616 985 1417 1755 2014 2379 2560 2725 2904 2957 2973 3042 2950 2823 2626 2563 2395 2111 1909 1510 1224 911 538 166 
229 667 1127 1486 1888 2278 2657 2810 3060 3241 3294 3315 3428 3225 3184 2939 2775 2540 2309 2092 1695 1359 973 595 220 
264 800 1191 1741 2177 2529 2869 3170 3245 3567 3744 3866 3757 3717 3468 3354 3241 2770 2575 2242 1964 1539 1149 663 190 
283 830 1395 1896 2373 2752 3105 3286 3745 3907 4017 4072 4116 3920 3868 3734 3501 3244 2836 2521 1994 1671 1198 709 225 
336 884 1517 2102 2590 2915 3326 3764 3930 4225 4377 4467 4398 4356 4256 4076 3912 3529 3094 2622 2244 1755 1278 779 230 
335 983 1631 2280 2796 3177 3748 4057 4441 4594 4767 4945 4884 4800 4604 4369 4094 3803 3333 2947 2473 1962 1402 801 285 
391 1006 1729 2399 2883 3489 4017 4486 4669 4933 5242 5335 5234 5172 4834 4666 4582 3997 3558 3132 2648 2071 1497 954 305 
25 44 117 134 156 177 216 222 259 262 275 310 284 252 243 277 235 211 207 172 149 90 89 48 15 
41 144 266 343 438 476 578 598 644 696 720 720 758 747 749 666 620 582 549 470 377 302 213 157 55 
85 196 335 431 612 631 768 806 894 931 970 979 1042 1000 907 937 868 784 715 574 534 432 281 160 62 
93 260 401 556 684 826 961 1075 1103 1153 1165 1228 1293 1299 1227 1195 1055 896 901 793 659 521 354 251 77 
102 326 521 724 892 1062 1210 1320 1432 1462 1509 1583 1596 1533 1513 1470 1345 1194 1075 952 776 663 434 299 97 
126 394 604 871 1060 1308 1426 1625 1733 1852 1854 1946 1794 1902 1832 1683 1675 1458 1341 1194 897 745 562 319 123 
175 444 754 993 1234 1495 1770 1883 1963 2110 2201 2159 2170 2162 2127 1985 1832 1635 1543 1331 1117 856 636 413 117 
161 500 885 1157 1407 1702 2004 2244 2285 2377 2575 2515 2552 2587 2452 2328 2197 2055 1844 1630 1349 1039 774 486 164 
213 576 1004 1345 1666 1975 2279 2495 2596 2784 2821 2851 2936 2964 2739 2658 2531 2365 2015 1768 1475 1155 868 529 147 
234 678 1122 1492 1925 2200 2478 2777 3069 3190 3155 3251 3342 3347 3212 3046 2830 2559 2375 1930 1697 1291 897 572 200 
260 743 1171 1684 2111 2459 2793 3137 3380 3645 3710 3768 3754 3759 3614 3432 3054 2925 2513 2262 1829 1507 1041 662 231 
278 846 1339 1904 2383 2849 3150 3632 3768 3984 4092 4160 4143 3872 4051 3735 3584 3233 2895 2529 2083 1705 1167 780 232 
331 932 1461 2088 2580 3003 3410 3836 4163 4258 4426 4516 4463 4492 4304 4257 3859 3561 3237 2778 2196 1811 1328 809 249 
291 1025 1638 2184 2802 3351 3701 4173 4532 4659 4842 4908 4908 4811 4766 4429 4164 3715 3352 2982 2422 2009 1362 840 285 
362 1004 1769 2373 3001 3575 4216 4595 4827 5132 5271 5553 5446 5295 5012 4738 4533 4085 3818 3120 2636 2146 1559 937 323 
402 1179 1871 2595 3269 3944 4445 4913 5335 5488 5817 5821 5871 5740 5522 5290 4915 4550 4013 3494 2964 2293 1704 1027 315 
31 82 106 157 187 215 229 276 297 298 303 338 303 325 320 310 286 240 218 211 169 127 94 68 18 
56 162 291 343 510 556 596 668 742 764 828 841 783 775 797 720 694 693 586 510 453 336 214 134 43 
58 220 336 513 633 747 814 903 1034 1040 1082 1084 1055 1115 1033 976 947 900 787 690 536 435 341 208 59 
79 295 488 648 774 973 1029 1147 1249 1290 1335 1378 1384 1401 1250 1236 1236 1085 923 917 687 604 381 263 96 
108 339 552 763 1036 1095 1360 1408 1536 1595 1693 1729 1782 1706 1699 1544 1495 1348 1256 1066 893 729 502 322 117 
148 397 717 966 1176 1386 1519 1770 1882 1986 1922 2084 2086 2078 1924 1859 1802 1639 1461 1307 978 888 622 377 120 
155 447 826 1159 1472 1654 1828 2069 2264 2435 2360 2507 2459 2380 2403 2089 2072 1854 1723 1511 1242 1025 744 436 138 
217 588 899 1325 1543 1948 2213 2329 2569 2706 2876 2823 2802 2818 2715 2518 2435 2267 2034 1694 1454 1205 839 475 162 
241 619 1107 1478 1834 2194 2473 2747 2984 3119 3209 3329 3208 3303 3131 3098 2722 2597 2342 2013 1570 1268 966 570 184 
270 752 1264 1670 2100 2440 2686 3161 3315 3440 3713 3604 3654 3590 3391 3305 3063 2927 2524 2190 1841 1446 1034 595 233 
289 823 1400 1852 2326 2752 3179 3560 3680 3981 3850 4112 3889 4091 3972 3724 3441 3170 2819 2456 2206 1577 1180 727 234 
310 953 1588 2052 2689 3111 3444 3891 4013 4268 4380 4387 4567 4419 4264 4071 3736 3579 3101 2797 2382 1772 1369 766 258 
328 1003 1662 2171 2886 3335 3711 4184 4621 4826 4821 4855 4771 4829 4791 4597 4310 3871 3504 3065 2598 2014 1430 881 292 
344 1121 1746 2438 3015 3747 4146 4553 4899 4959 5077 5375 5337 5258 5222 4858 4590 4357 3697 3195 2744 2101 1530 888 320 
409 1135 1859 2745 3356 3881 4392 5039 5362 5548 5636 5996 5780 5728 5530 5332 4930 4579 4079 3590 2982 2310 1673 1056 327 
420 1256 2115 3030 3648 4310 4952 5336 5852 5985 6161 6364 6327 6088 5875 5707 5314 4845 4339 3870 3149 2493 1766 1106 353 
29 75 128 172 191 265 260 301 373 342 365 374 364 323 356 308 319 307 256 228 202 153 115 49 16 
55 171 337 415 485 674 627 812 810 854 900 920 910 928 857 850 745 755 649 532 490 400 260 155 53 
89 258 429 545 711 816 989 1054 1045 1132 1167 1177 1215 1268 1176 1118 1035 917 877 726 580 525 364 216 79 
110 283 507 702 884 1040 1198 1261 1366 1435 1524 1521 1479 1511 1493 1374 1390 1210 1081 988 831 638 461 252 97 
141 391 623 895 1097 1279 1509 1635 1695 1884 1899 1976 1850 1873 1863 1818 1686 1534 1371 1180 997 808 540 381 121 
131 466 819 1053 1314 1537 1805 1904 2038 2201 2200 2261 2254 2190 2292 2118 1950 1891 1553 1451 1175 957 659 386 116 
167 557 894 1231 1513 1842 2093 2224 2393 2565 2626 2620 2775 2633 2520 2371 2208 2131 1815 1635 1411 1141 808 514 145 
230 646 1034 1457 1780 2237 2477 2694 2841 2991 2896 3080 2988 3141 2973 2809 2707 2367 2169 1922 1574 1260 922 564 166 
240 724 1214 1664 2110 2448 2771 2990 3294 3271 3605 3585 3589 3440 3389 3070 3048 2722 2381 2152 1861 1407 1107 641 199 
282 808 1398 1907 2288 2717 2923 3434 3624 3846 3967 4062 4018 3952 3842 3626 3448 3018 2780 2438 2073 1592 1126 685 247 
279 919 1560 2106 2449 3046 3490 3754 4055 4235 4524 4482 4517 4500 4299 4051 3863 3497 3075 2756 2294 1821 1318 792 249 
338 1046 1642 2331 2867 3254 3783 4128 4464 4816 4900 4942 5021 4834 4625 4641 4187 3911 3426 2959 2522 2001 1434 851 319 
346 1133 1865 2449 3051 3584 4238 4544 4992 5237 5201 5063 5255 5302 5192 4940 4598 4258 3717 3334 2807 2143 1650 934 331 
396 1232 1935 2756 3296 3972 4584 5144 5287 5590 5668 5877 5915 5661 5665 5348 4975 4611 3998 3561 2836 2364 1733 1035 340 
433 1261 2124 3011 3755 4432 4877 5499 5800 5915 6302 6175 6307 6153 6048 5738 5320 5001 4497 3829 3133 2544 1863 1149 382 
463 1393 2269 3121 3843 4643 5363 5732 6332 6396 6662 6837 6713 6670 6544 6136 5853 5273 4654 4161 3486 2794 2061 1215 387 
24 59 144 177 213 262 297 342 327 398 373 383 373 369 364 369 332 306 293 228 188 149 113 79 22 
76 209 325 474 614 659 766 829 864 900 922 1035 954 986 927 940 907 796 704 617 486 400 299 155 65 
87 241 485 608 746 871 977 1112 1139 1217 1213 1250 1361 1361 1227 1185 1155 1015 949 802 654 517 418 207 87 
116 351 573 792 1011 1117 1311 1432 1447 1553 1642 1681 1703 1665 1587 1594 1381 1304 1183 1012 863 739 505 270 94 
141 412 707 937 1269 1414 1601 1779 1819 2008 2112 2058 2098 2076 2049 1840 1793 1596 1486 1205 1107 849 581 367 146 
151 531 792 1130 1475 1651 1869 2101 2364 2379 2301 2572 2583 2576 2400 2319 2064 1818 1765 1518 1205 980 706 428 157 
188 605 952 1378 1677 1999 2286 2575 2725 2910 2812 2927 2939 2841 2839 2639 2503 2327 2029 1804 1506 1190 835 523 172 
224 715 1087 1478 1972 2270 2587 2914 3118 3151 3263 3372 3338 3333 3210 3081 2844 2752 2421 2076 1691 1352 964 615 194 
254 783 1350 1756 2225 2508 3042 3269 3549 3674 3883 3960 3775 3856 3664 3521 3280 3035 2702 2284 1998 1591 1140 654 243 
337 837 1435 1945 2490 2948 3371 3727 3923 4125 4271 4399 4399 4342 4303 4004 3681 3355 3007 2648 2133 1637 1280 798 259 
343 939 1602 2205 2844 3348 3673 4075 4403 4657 4835 4880 4799 4853 4610 4532 4168 3725 3386 2985 2381 1989 1443 846 297 
371 1114 1777 2477 3105 3812 4110 4617 5012 5098 5266 5481 5411 5299 5016 4844 4647 4264 3845 3205 2717 2187 1568 938 330 
389 1197 2024 2631 3432 3926 4516 5108 5454 5668 5919 5883 5917 5995 5753 5300 4989 4715 4073 3513 3044 2360 1738 986 318 
424 1284 2091 2865 3688 4285 5013 5413 5723 6212 6338 6368 6348 6369 6117 5944 5499 5045 4556 3863 3256 2618 1916 1159 362 
495 1445 2293 3168 3984 4738 5474 5805 6483 6745 6849 6893 6878 6903 6703 6329 5916 5281 4970 4183 3475 2744 2045 1183 384 
536 1521 2572 3354 4279 5203 5744 6389 6915 7227 7354 7393 7611 7326 7310 6934 6281 5853 5225 4568 3787 2918 2171 1271 444 
40 81 134 201 240 314 309 354 402 391 421 416 394 398 413 383 399 333 302 276 201 168 125 79 23 
69 226 389 529 656 722 822 931 1007 1074 1084 1092 1042 1137 1063 977 921 837 751 713 575 400 324 201 75 
109 309 468 633 863 931 1058 1234 1310 1321 1380 1493 1456 1437 1423 1339 1238 1129 992 922 749 608 410 253 81 
149 377 638 844 1013 1285 1446 1559 1650 1760 1843 1922 1867 1823 1794 1725 1648 1429 1326 1089 944 696 531 330 110 
148 435 778 1018 1326 1518 1760 1895 2161 2210 2236 2351 2271 2345 2251 2088 1902 1811 1618 1408 1157 894 681 396 147 
181 531 930 1262 1585 1834 2150 2401 2508 2645 2653 2734 2675 2663 2523 2431 2424 2126 1933 1637 1320 1146 803 477 168 
239 628 1053 1493 1798 2264 2487 2841 2902 3069 3074 3270 3190 3217 3057 2902 2744 2435 2265 1891 1734 1333 959 523 167 
253 768 1237 1738 2102 2620 2872 3080 3339 3599 3686 3700 3740 3643 3545 3291 3169 2844 2516 2278 1859 1538 1049 618 194 
293 838 1380 1890 2475 2875 3214 3570 3913 4049 4178 4239 4297 4167 3979 3813 3594 3284 2953 2621 2136 1640 1286 753 268 
341 948 1647 2150 2797 3175 3652 4061 4335 4647 4643 4812 4840 4568 4608 4267 3963 3647 3316 2830 2397 1934 1423 814 256 
366 1122 1813 2403 3052 3617 4089 4439 4764 5096 5372 5345 5447 5217 5109 4956 4512 4057 3808 3254 2676 2092 1454 947 307 
358 1171 2031 2662 3306 3913 4506 4952 5370 5669 5730 5904 5780 5807 5608 5269 4960 4583 4000 3607 2931 2348 1619 1034 331 
406 1261 2136 2958 3693 4292 4893 5551 5924 6223 6121 6428 6363 6164 6128 5714 5408 4857 4406 3784 3192 2556 1783 1077 379 
505 1472 2336 3181 4034 4739 5348 6034 6324 6547 6861 6907 6935 6868 6713 6232 5889 5500 4927 4182 3585 2691 2004 1177 431 
504 1542 2515 3466 4419 5107 5861 6228 6840 7215 7238 7638 7372 7311 7172 6870 6358 5976 5179 4468 3808 3040 2091 1256 431 
557 1567 2657 3729 4613 5478 6219 6754 7522 7848 7822 8116 7878 7901 7698 7290 6976 6384 5637 4814 4082 3163 2276 1454 429 
28 95 180 217 302 327 393 471 438 476 479 471 459 483 435 436 404 330 328 291 249 206 157 77 35 
92 227 398 544 726 828 992 1020 1038 1137 1173 1118 1172 1230 1151 1138 1076 906 887 708 622 516 334 185 96 
115 360 560 735 978 1033 1223 1285 1491 1502 1592 1719 1527 1596 1389 1458 1347 1284 1127 975 848 618 501 286 112 
152 412 686 935 1251 1374 1585 1700 1896 1973 2098 2072 2091 1985 1912 1879 1730 1594 1445 1315 1106 838 638 380 117 
164 543 846 1084 1453 1692 1980 2024 2355 2470 2586 2596 2520 2468 2416 2239 2181 1948 1793 1614 1330 1070 772 460 151 
205 612 1027 1399 1691 2055 2187 2533 2815 2911 3151 3038 2980 3157 2915 2696 2474 2318 2132 1858 1481 1235 868 522 184 
236 700 1220 1612 2027 2401 2739 3030 3205 3405 3658 3542 3540 3544 3387 3252 3114 2839 2547 2260 1849 1428 1081 608 209 
307 862 1386 1933 2408 2823 3124 3617 3860 3816 4029 4109 4130 4106 4050 3703 3522 3219 2905 2547 2056 1707 1176 728 240 
323 1011 1616 2253 2630 3125 3555 3935 4214 4489 4721 4713 4691 4577 4474 4223 3984 3542 3277 2915 2497 1888 1354 796 283 
360 1133 1821 2495 3117 3551 4137 4696 4882 4987 5246 5331 5223 5203 5212 4727 4419 4021 3683 3271 2777 2034 1585 942 314 
403 1157 1887 2776 3455 4054 4540 4984 5330 5630 5726 5893 5924 5809 5530 5390 5038 4643 4089 3552 2989 2293 1680 1066 371 
424 1400 2258 3030 3728 4395 5034 5503 6021 6249 6518 6290 6585 6335 6359 5776 5407 5073 4567 3945 3277 2614 1828 1148 414 
489 1440 2400 3354 4183 4706 5356 6017 6403 6810 6913 7044 7066 6993 6682 6310 6057 5585 4999 4400 3538 2849 2126 1256 438 
528 1531 2579 3672 4445 5286 6023 6512 7205 7344 7536 7809 7697 7642 7410 6954 6550 5944 5466 4570 3953 3110 2204 1447 459 
572 1746 2740 3987 4764 5806 6367 7008 7565 7956 8379 8427 8316 8106 7913 7609 7134 6512 5779 5106 4254 3413 2510 1466 488 
640 1866 2972 4180 5165 6059 6963 7469 8126 8617 8730 8925 8871 8846 8580 8114 7696 6931 6323 5350 4542 3572 2613 1543 490 
41 81 157 253 276 336 374 435 487 511 555 565 530 548 490 456 464 440 382 308 247 210 167 84 24 
113 271 424 638 749 868 950 1188 1249 1247 1287 1342 1310 1258 1201 1163 1131 985 877 796 683 558 353 240 92 
132 334 569 759 1039 1213 1371 1461 1597 1683 1763 1802 1760 1765 1597 1617 1503 1327 1229 1037 927 748 522 332 117 
157 434 781 1029 1246 1470 1717 1917 2060 2072 2207 2349 2210 2175 2061 1995 1867 1726 1515 1335 1089 872 655 410 140 
186 569 946 1307 1643 1809 2076 2338 2574 2643 2719 2699 2781 2771 2652 2463 2332 2229 1960 1674 1333 1133 832 540 167 
214 674 1027 1431 1811 2236 2424 2789 2956 3101 3157 3177 3301 3181 3092 3013 2685 2593 2305 1941 1692 1284 924 582 183 
287 769 1353 1752 2203 2658 2862 3395 3561 3617 3705 3827 3835 3844 3662 3507 3215 3036 2713 2423 1928 1556 1090 706 241 
354 910 1480 2002 2576 3028 3410 3696 4039 4241 4495 4516 4300 4420 4252 4094 3910 3387 2986 2641 2187 1829 1306 833 271 
369 1027 1674 2360 3031 3443 3850 4325 4693 4658 4840 4883 5000 4900 4709 4569 4139 3869 3467 3031 2533 1918 1374 834 268 
410 1267 1971 2516 3248 3912 4422 4839 5133 5378 5719 5844 5794 5585 5423 5184 4675 4344 4049 3327 2969 2228 1671 1041 337 
417 1244 2114 3003 3673 4270 4987 5453 5677 6077 6228 6214 6253 6309 5980 5749 5436 4796 4499 3831 3297 2473 1777 1110 360 
511 1415 2387 3108 3890 4672 5281 5855 6490 6682 6908 6939 7048 6919 6592 6478 5868 5254 4809 4248 3538 2749 2058 1230 435 
518 1636 2581 3432 4405 5079 5791 6527 6971 7318 7617 7699 7704 7649 7307 6834 6299 5853 5287 4579 3831 3089 2180 1349 439 
534 1625 2711 3865 4766 5631 6451 7184 7527 8075 8226 8315 8418 8347 7941 7415 7192 6484 5709 5065 4285 3292 2389 1445 462 
622 1843 2924 4248 5200 5942 6836 7592 8246 8770 8945 9129 8937 8758 8666 8026 7383 6701 6282 5411 4413 3657 2539 1566 508 
653 1959 3144 4471 5649 6451 7321 8022 8902 9117 9562 9794 9719 9428 9064 8717 7939 7399 6605 5758 4744 3769 2672 1657 554 
40 115 196 264 336 416 412 480 528 518 525 583 555 575 530 521 486 443 380 308 297 225 187 100 34 
90 315 472 638 821 900 1115 1170 1221 1242 1348 1408 1428 1345 1307 1297 1137 1074 977 844 720 572 419 255 86 
126 365 667 825 1048 1317 1491 1565 1647 1758 1859 1827 1826 1881 1771 1728 1588 1461 1307 1141 915 752 554 337 108 
192 505 821 1100 1438 1631 1813 2053 2140 2371 2407 2454 2353 2293 2259 2188 1998 1863 1677 1482 1215 904 707 465 142 
192 622 988 1385 1637 1995 2237 2434 2680 2794 2856 2941 3006 3052 2747 2693 2474 2291 2010 1712 1418 1235 826 548 175 
260 750 1157 1596 1963 2354 2668 2899 3287 3403 3421 3563 3423 3389 3374 3251 2952 2765 2487 2172 1713 1433 1035 602 195 
288 847 1381 1896 2405 2794 3170 3656 3725 3979 4101 4001 4250 3987 3860 3758 3486 3142 2846 2471 2070 1603 1202 690 242 
345 912 1576 2215 2786 3181 3718 3978 4384 4595 4714 4784 4571 4693 4523 4356 3847 3746 3282 2775 2341 1892 1385 867 295 
415 1131 1783 2441 3028 3696 4145 4483 4884 4996 5215 5251 5423 5279 5105 4888 4526 4142 3748 3163 2747 2173 1540 926 333 
420 1271 2056 2796 3572 4186 4802 5242 5554 5810 5936 5931 6130 5955 5899 5525 5244 4689 4235 3640 3064 2415 1741 1076 355 
453 1357 2295 3078 3921 4541 5055 5762 6262 6465 6719 6786 6767 6661 6512 6025 5703 5172 4731 3948 3470 2724 1899 1132 419 
498 1535 2437 3313 4237 5009 5730 6313 6854 7047 7391 7549 7275 7255 7108 6646 6311 5842 5152 4409 3614 2999 2121 1234 401 
588 1630 2746 3705 4650 5629 6409 6985 7437 7701 8015 8074 8162 8072 7764 7411 6895 6272 5571 4854 4067 3200 2249 1364 438 
604 1795 3037 4004 5162 5965 6803 7359 8105 8536 8659 8709 8868 8655 8475 8045 7540 6952 6175 5418 4453 3522 2674 1482 504 
655 1936 3188 4438 5393 6474 7364 8230 8739 9276 9455 9690 9453 9303 9104 8614 7991 7429 6536 5726 4738 3702 2641 1588 534 
700 2058 3452 4679 5791 7021 7904 8650 9277 9750 10164 10395 10458 10044 9651 9163 8653 7923 6901 6152 5051 4021 2846 1746 546 
50 103 185 295 337 429 428 496 487 552 588 624 649 620 590 545 569 437 422 361 299 257 167 104 37 
120 339 539 688 835 998 1157 1329 1367 1468 1515 1431 1543 1539 1436 1310 1244 1117 1051 906 771 615 439 287 84 
123 408 714 935 1157 1353 1697 1591 1798 1891 1959 1933 1921 2002 1913 1781 1685 1529 1394 1223 1050 813 612 369 124 
200 549 870 1234 1462 1767 1988 2179 2280 2536 2608 2603 2538 2445 2483 2428 2215 2029 1800 1550 1366 1024 760 479 166 
225 650 1044 1441 1846 2077 2407 2618 2864 3031 3195 3056 3230 3109 3007 2794 2747 2471 2173 1867 1617 1279 879 569 180 
245 788 1284 1691 2133 2505 2916 3197 3456 3586 3666 3767 3756 3657 3569 3529 3199 2904 2571 2282 1837 1511 1068 662 203 
316 935 1498 1994 2476 3072 3508 3738 4030 4177 4471 4508 4392 4335 4298 4057 3697 3457 3116 2642 2254 1730 1263 812 269 
358 1069 1722 2371 2906 3582 3903 4305 4660 4873 4981 4981 5085 4899 4784 4614 4276 3895 3497 3041 2550 2024 1435 834 304 
438 1227 1956 2637 3336 3988 4522 5003 5250 5475 5579 5685 5813 5705 5584 5280 4850 4484 4018 3448 2908 2273 1615 1005 328 
426 1332 2181 2997 3682 4547 5025 5500 5889 6252 6391 6491 6566 6422 6220 5720 5469 5058 4684 3883 3242 2501 1829 1125 380 
484 1476 2425 3332 4215 4852 5499 6192 6536 7042 7111 7075 7329 7158 6742 6582 6115 5477 4984 4445 3614 2874 2166 1315 430 
562 1634 2677 3609 4566 5411 6121 6898 7194 7652 7820 7782 7980 7858 7673 7305 6743 6073 5420 4571 3966 3199 2255 1354 449 
596 1680 2895 4042 4968 6060 6690 7402 7857 8374 8749 8829 8680 8482 8218 7832 7284 6569 6023 5297 4379 3491 2543 1471 529 
646 1881 3060 4320 5582 6440 7301 8144 8593 9003 9387 9555 9527 9316 8775 8353 7866 7278 6552 5739 4706 3647 2695 1654 558 
692 2109 3418 4635 5913 6874 7921 8614 9342 9871 10094 10145 10305 9941 9513 9122 8431 7851 6976 6039 5051 4012 2783 1672 562 
762 2291 3637 4965 6044 7316 8288 9210 9668 10428 10797 10814 10862 10566 10324 9888 9128 8254 7476 6421 5486 4337 3122 1829 610 
48 122 204 279 391 413 512 554 566 582 562 671 649 612 568 627 566 511 456 380 323 243 190 125 37 
123 365 596 804 970 1048 1268 1262 1476 1539 1595 1552 1606 1573 1523 1520 1357 1247 1144 1018 803 652 474 293 104 
145 453 722 1046 1242 1505 1740 1740 1907 2030 2067 2071 2152 2065 2063 1978 1835 1709 1587 1255 1129 871 654 391 102 
204 569 974 1299 1521 1793 2062 2310 2424 2619 2748 2765 2775 2734 2665 2476 2397 2232 1929 1669 1323 1082 793 509 170 
231 683 1135 1541 1989 2316 2528 2844 3036 3242 3288 3322 3421 3145 3101 3046 2868 2679 2319 2100 1712 1334 976 581 177 
266 845 1340 1850 2242 2754 3180 3449 3698 3764 3737 3971 4087 3850 3789 3695 3391 3066 2709 2461 2043 1538 1233 744 232 
339 956 1597 2146 2834 3328 3540 3834 4374 4504 4572 4827 4606 4539 4494 4310 4018 3614 3265 2850 2326 1934 1403 795 280 
358 1126 1864 2514 3276 3733 4173 4551 4879 5168 5410 5477 5415 5128 5097 4859 4494 4047 3762 3228 2714 2095 1613 933 333 
446 1294 1984 2876 3551 4166 4826 5228 5476 5955 6063 6059 6063 6067 5746 5540 5091 4764 4221 3718 3048 2571 1765 1151 367 
445 1455 2319 3336 3981 4603 5409 5855 6201 6489 6764 6924 6736 6667 6564 6340 5775 5164 4720 4069 3492 2750 1993 1235 418 
544 1653 2508 3544 4443 5154 5880 6467 7000 7287 7560 7534 7607 7376 7273 6875 6419 5845 5367 4577 3906 3061 2154 1317 452 
562 1803 2879 3914 4843 5670 6424 7077 7621 7986 8190 8407 8481 8334 8010 7668 7104 6370 5809 4975 4108 3309 2361 1503 507 
654 1893 3131 4191 5362 6123 7104 7978 8535 8857 9057 9150 9095 9074 8634 8159 7848 7270 6361 5494 4542 3600 2638 1639 520 
705 2133 3427 4634 5643 6739 7704 8512 9096 9559 9744 9862 9928 9780 9383 8976 8296 7747 6861 5805 4987 3921 2808 1721 585 
746 2270 3575 5072 6184 7241 8295 9081 9808 10344 10499 11092 10515 10433 10213 9637 9053 8128 7347 6334 5250 4183 3040 1860 601 
826 2266 3866 5211 6657 7825 9042 9792 10476 11017 11126 11581 11454 11293 10899 10372 9481 8807 7873 6826 5567 4536 3251 1941 629 
52 147 263 353 440 493 503 608 633 696 694 695 745 735 632 657 588 601 528 400 378 318 214 136 40 
153 416 669 842 1058 1259 1435 1557 1759 1898 1815 1925 1823 1825 1800 1696 1563 1435 1353 1085 924 721 561 304 121 
168 505 852 1131 1411 1696 2014 2061 2260 2464 2486 2529 2511 2406 2265 2222 2034 1879 1703 1497 1251 956 730 420 129 
227 625 1049 1473 1814 2047 2376 2663 2940 3028 3117 3153 3049 3179 3059 2885 2757 2465 2181 1909 1614 1287 890 564 179 
276 828 1298 1839 2176 2598 2926 3212 3434 3794 3818 3997 3774 3808 3760 3593 3195 2966 2698 2380 1952 1507 1102 712 218 
313 962 1499 2132 2633 3036 3658 4043 4129 4522 4537 4697 4584 4449 4451 4240 3985 3628 3206 2784 2275 1869 1366 784 258 
356 1052 1745 2468 3070 3811 4224 4679 4917 5189 5400 5441 5406 5335 5163 4978 4510 4185 3706 3263 2710 2183 1548 915 361 
392 1305 2069 2897 3610 4125 4950 5343 5677 6086 6137 6269 6248 5965 5783 5625 5167 4805 4208 3679 3128 2516 1780 1071 355 
489 1435 2430 3328 4154 4913 5587 6007 6414 6820 7184 7169 7220 7120 6642 6379 5946 5498 4929 4277 3520 2848 2067 1232 398 
543 1678 2688 3629 4633 5413 6175 6730 7114 7819 7935 8073 7915 7805 7674 7192 6697 6128 5410 4592 3872 2976 2297 1384 452 
598 1795 2964 4029 5081 5829 6790 7386 8033 8498 8784 8838 8886 8929 8318 7926 7426 6787 5928 5179 4410 3451 2441 1487 529 
703 1960 3265 4464 5440 6677 7588 8282 8958 9431 9671 9722 9683 9427 8935 8702 8251 7558 6680 5682 4834 3828 2799 1650 575 
736 2162 3605 4929 6211 7229 8231 9013 9680 10102 10508 10508 10599 10266 9991 9559 8828 8032 7263 6101 5193 4114 2869 1865 609 
773 2404 3831 5135 6587 7743 8958 9775 10308 10954 11451 11255 11450 11314 10616 10147 9433 8676 7973 6826 5614 4581 3156 1949 595 
824 2535 3971 5573 6865 8380 9737 10567 11072 11805 12194 12529 12257 12192 11846 11143 10343 9251 8304 7513 6175 4755 3542 2091 719 
910 2663 4365 6006 7685 8946 10053 11066 11882 12804 12947 13477 13235 12892 12476 11803 11121 9991 8815 7893 6491 5100 3711 2330 799 
