21056
21056
21056
50 16 25
2.000  12.000 0.200 
0.900  4.100  0.200 
0.000  1.000  0.040 
0 0 0 0 0 1 1 0 0 0 0 0 0 0 2 0 0 0 1 0 0 0 0 0 0 
0 0 0 2 1 1 0 1 1 1 3 3 1 2 1 1 1 0 0 0 2 1 0 1 0 
1 0 0 0 2 1 0 4 3 2 2 2 2 2 0 2 2 1 1 0 2 0 0 2 0 
0 1 2 2 0 2 2 2 1 0 0 2 1 0 1 2 3 4 1 1 2 0 3 0 0 
0 1 1 0 0 2 1 2 3 3 6 3 4 1 4 3 4 2 3 0 2 0 1 0 0 
0 0 1 1 1 4 1 0 3 4 5 2 4 4 4 4 3 2 2 2 2 3 0 0 1 
1 0 3 1 4 3 4 2 5 1 3 3 3 8 3 2 3 2 8 1 2 1 2 1 1 
2 1 2 1 4 3 4 4 6 3 3 7 6 3 5 8 3 4 2 3 1 1 1 1 0 
0 2 2 2 3 5 4 4 8 7 5 4 2 5 6 6 6 3 2 3 2 4 1 1 0 
0 1 3 3 5 0 2 5 4 4 5 4 8 9 7 7 7 6 8 2 1 1 2 3 1 
1 0 1 1 7 9 7 9 5 13 9 7 6 6 10 5 6 6 3 4 0 4 2 1 1 
1 3 2 4 4 4 7 9 6 8 5 11 5 5 6 8 5 7 3 3 6 2 4 3 0 
0 2 3 3 5 5 10 3 11 5 8 9 13 10 6 12 3 10 8 7 3 3 2 1 0 
0 1 3 3 6 10 6 10 8 10 10 10 10 15 7 8 8 11 5 6 4 6 3 3 0 
1 6 2 1 4 6 5 10 5 16 13 11 13 10 17 7 12 2 5 7 3 9 7 0 1 
1 1 3 8 1 7 7 8 8 14 11 10 10 11 10 16 9 8 6 4 5 7 6 0 2 
0 1 1 0 0 0 0 0 0 1 0 1 1 0 1 0 0 1 1 0 0 0 0 0 0 
1 0 0 1 0 1 2 1 1 1 4 2 1 2 1 2 3 2 2 2 0 1 3 1 0 
0 0 0 0 1 0 2 3 5 10 4 3 3 2 1 3 2 4 1 1 2 1 0 0 0 
0 1 3 0 2 2 3 2 3 2 1 1 3 1 0 2 2 0 2 2 3 2 0 0 1 
1 0 0 3 1 3 1 3 3 1 4 6 4 0 3 2 1 5 3 5 0 1 0 0 0 
0 0 0 3 6 4 1 1 5 6 6 6 4 7 6 3 4 5 5 4 0 4 4 0 0 
1 4 3 2 2 2 3 1 3 6 5 6 6 4 6 5 3 7 6 2 5 4 2 1 0 
0 1 1 3 5 1 3 8 11 5 4 5 8 7 9 7 6 6 8 5 4 7 5 4 2 
1 0 3 6 3 6 3 7 6 7 10 10 5 8 9 11 11 4 7 7 3 3 2 2 0 
0 0 1 3 10 5 7 9 10 5 5 3 9 11 9 4 14 8 7 4 5 4 1 1 0 
0 4 7 7 5 6 8 10 9 15 6 9 9 9 5 14 7 7 12 4 3 3 3 1 0 
0 4 5 6 11 12 13 8 7 10 8 8 9 12 7 10 10 10 5 9 4 6 2 2 1 
3 6 7 5 10 6 15 14 9 15 10 7 13 6 12 8 8 8 6 11 6 2 3 1 0 
0 3 4 7 10 8 10 12 8 7 12 15 20 15 12 13 17 5 11 9 8 3 5 4 1 
0 1 6 7 9 11 10 8 11 13 21 15 13 11 14 12 16 8 16 9 10 6 6 2 2 
0 2 7 4 7 9 8 18 16 16 11 12 12 19 23 11 21 15 8 8 5 5 5 4 3 
0 0 0 1 0 1 0 2 1 2 1 0 2 1 2 1 1 1 0 0 1 0 1 1 0 
0 1 0 2 3 3 3 2 4 2 1 2 5 3 4 2 4 1 2 1 2 1 0 0 1 
0 0 4 0 3 2 3 2 1 0 1 2 5 6 4 2 5 3 2 2 5 2 3 0 0 
0 0 2 3 0 4 2 4 2 2 5 7 3 2 7 5 6 7 4 2 2 1 1 3 0 
1 1 1 4 6 6 7 6 7 5 0 4 6 2 5 6 7 4 5 6 5 4 2 0 0 
1 1 3 2 4 2 4 3 6 3 11 5 5 8 3 9 6 4 4 9 6 3 2 1 0 
1 0 4 2 1 14 8 3 8 4 10 7 9 7 7 14 6 9 4 4 4 1 0 1 1 
0 4 5 5 8 5 10 8 12 7 13 9 15 12 4 12 7 9 9 5 3 8 4 2 1 
0 4 4 8 10 9 10 10 7 15 8 8 8 13 17 12 7 6 12 7 8 5 3 2 0 
0 2 6 15 6 7 11 7 16 9 11 12 6 17 14 12 18 11 11 4 5 3 4 4 0 
1 2 5 6 4 9 14 18 15 9 14 15 10 11 13 11 8 7 13 16 12 4 10 2 0 
1 1 2 8 12 14 8 17 17 9 15 11 15 13 16 11 13 9 11 9 4 9 7 4 0 
1 4 10 9 10 9 17 15 11 15 17 20 19 21 19 13 17 19 12 12 7 8 6 2 2 
1 2 8 7 10 16 9 11 17 28 16 16 16 21 20 26 22 16 16 14 8 11 2 5 3 
2 4 4 10 18 14 15 19 24 22 14 23 16 17 34 19 19 18 21 7 10 10 4 8 2 
1 7 8 11 15 15 18 24 19 14 24 17 23 29 21 17 20 17 18 17 14 13 1 4 2 
0 0 0 1 2 1 1 1 5 1 1 2 2 1 3 0 2 0 1 2 0 2 0 0 0 
0 1 1 1 3 0 4 3 6 6 2 3 0 3 2 5 5 2 1 5 1 0 3 1 1 
0 0 1 2 2 3 6 4 4 5 5 3 5 8 9 5 3 3 4 2 1 0 2 1 2 
0 1 2 1 3 7 2 6 4 4 5 10 6 7 8 2 4 10 6 5 5 3 1 1 0 
2 2 5 2 4 6 11 7 6 10 10 5 5 6 7 5 6 7 8 5 5 0 1 2 1 
1 3 3 3 6 7 10 12 7 14 6 14 11 14 18 10 4 11 8 10 6 4 2 0 2 
2 3 2 5 11 3 5 8 10 10 10 15 18 15 12 8 9 10 7 6 9 2 4 3 2 
2 3 3 6 10 7 19 17 21 15 16 14 15 10 11 12 11 14 9 21 6 6 2 2 0 
1 2 5 8 11 10 6 14 15 21 12 14 19 15 20 14 19 9 10 13 12 6 7 4 1 
2 2 6 7 14 12 7 14 13 21 23 28 13 18 22 19 12 14 11 12 9 7 6 4 3 
2 5 4 11 10 13 18 17 20 9 19 13 12 20 19 23 17 20 13 18 15 10 7 1 2 
2 5 4 16 19 13 24 24 26 17 12 13 19 28 32 21 19 22 17 11 11 8 3 7 0 
1 1 7 14 19 17 10 22 26 29 17 30 27 26 19 34 22 17 16 13 14 11 4 5 2 
1 8 13 15 14 20 23 26 30 35 22 39 22 24 22 34 28 25 23 19 6 12 11 8 2 
4 7 14 13 20 24 27 30 20 22 29 42 28 34 39 39 29 34 17 29 11 10 11 7 3 
2 5 6 19 18 28 20 36 30 28 29 37 37 39 36 26 28 21 21 24 19 18 9 6 4 
0 1 1 0 1 6 4 2 4 1 1 4 4 3 2 6 1 6 3 2 1 1 1 0 0 
1 1 1 4 3 7 2 2 8 7 7 10 3 10 13 4 3 7 7 5 3 2 0 1 0 
4 2 4 6 5 7 7 11 13 8 12 6 11 7 7 11 12 11 6 5 2 4 2 4 1 
0 1 3 7 7 8 10 9 7 10 4 8 15 8 13 8 6 6 8 5 4 3 3 1 1 
2 1 6 16 10 11 10 13 10 10 14 15 19 12 10 11 13 14 14 9 6 3 4 3 1 
0 4 4 10 13 14 18 14 20 24 9 22 15 10 19 13 16 9 14 16 7 10 3 3 1 
1 2 6 10 13 11 13 11 17 17 3 16 13 18 17 24 14 19 12 15 13 6 8 2 1 
2 8 4 10 8 14 20 18 15 20 23 27 31 18 28 21 27 22 16 10 8 14 4 6 2 
1 6 6 14 20 16 24 16 23 35 24 26 30 27 24 19 22 22 11 17 15 12 6 6 2 
3 2 10 18 21 23 28 28 25 29 31 27 27 31 33 26 20 25 27 20 17 17 8 6 3 
3 4 10 21 13 24 32 22 33 32 28 37 21 38 27 36 24 30 20 19 17 15 5 9 2 
2 8 16 15 20 23 25 36 44 30 34 55 38 37 37 40 35 25 20 24 16 16 8 10 4 
3 9 14 10 20 30 29 32 37 40 38 48 40 33 31 33 47 40 34 34 15 18 10 9 2 
5 8 17 28 35 28 28 45 37 37 46 48 37 51 43 44 52 33 44 30 24 16 6 10 1 
6 8 18 19 25 32 43 33 35 51 41 89 49 46 63 47 50 40 45 28 22 28 16 8 3 
4 11 15 25 32 30 62 48 52 47 64 76 65 69 53 60 46 53 41 38 26 21 18 17 6 
0 0 0 2 2 1 3 7 0 3 3 1 3 3 3 5 1 5 1 0 2 1 0 0 0 
1 2 1 3 5 6 5 9 7 9 7 7 5 9 13 9 8 8 6 5 6 5 2 2 1 
0 3 4 8 3 6 5 10 8 8 10 16 8 8 11 5 8 8 5 6 3 1 6 3 0 
1 5 3 9 9 12 9 7 17 14 16 17 13 5 13 11 8 13 14 8 9 3 6 2 1 
2 3 4 8 11 16 14 9 21 18 21 15 8 10 18 9 8 12 10 15 9 6 2 6 4 
0 4 8 7 13 13 14 8 12 27 11 24 20 20 16 19 14 19 14 11 9 6 4 5 3 
2 4 10 9 10 8 22 20 15 17 33 30 26 29 29 25 17 11 19 15 10 11 11 7 0 
2 8 2 17 16 15 18 18 26 24 21 20 21 20 31 31 22 14 20 11 11 13 10 4 1 
2 7 16 15 15 21 24 25 31 24 26 30 19 36 36 37 28 28 26 20 14 12 7 4 4 
7 7 9 16 23 17 31 45 33 21 34 38 47 47 47 33 35 23 25 24 11 14 10 7 1 
4 8 18 16 25 21 31 42 42 40 38 41 33 43 44 25 36 34 25 29 28 16 11 7 3 
3 14 6 20 21 28 41 38 45 45 45 52 44 38 48 43 42 39 34 31 17 24 12 6 4 
2 12 16 19 29 32 42 43 55 46 47 47 47 39 46 39 49 36 41 29 32 23 15 10 3 
5 11 17 18 32 34 42 47 46 43 52 51 46 66 49 41 47 37 40 36 30 24 23 8 3 
3 15 16 31 31 42 45 47 50 65 57 56 71 50 49 46 53 58 50 48 25 21 19 13 3 
4 7 23 28 38 49 52 47 55 59 69 51 62 51 55 59 55 64 49 30 30 24 19 12 2 
0 1 0 3 3 3 3 1 0 2 4 4 4 4 6 6 1 1 4 3 3 3 0 0 0 
1 3 4 9 4 6 9 7 10 9 8 11 11 11 5 8 10 3 13 3 4 5 2 1 0 
0 3 4 6 15 11 11 10 14 12 12 16 14 12 14 13 18 12 16 10 9 6 5 3 1 
3 5 5 9 10 12 17 14 16 14 13 14 26 19 20 27 16 13 13 9 10 7 5 1 0 
1 4 6 13 9 14 17 24 19 14 19 22 17 33 24 24 20 22 8 12 11 9 5 2 1 
0 5 9 16 16 21 22 27 30 30 25 33 34 24 37 28 24 22 20 12 17 15 10 6 1 
0 7 5 16 16 25 32 35 29 32 27 26 32 37 38 36 24 34 25 20 16 19 10 3 2 
3 13 14 26 13 28 34 42 33 38 31 32 40 31 45 22 28 27 40 20 23 18 8 4 4 
0 5 14 16 19 37 39 49 41 44 32 33 45 52 39 44 34 29 21 14 26 25 7 4 4 
2 11 20 25 23 36 27 53 45 47 43 52 59 54 56 58 40 43 38 34 34 30 13 11 8 
6 8 18 23 38 31 37 41 51 63 63 53 64 49 42 70 47 42 42 35 21 25 19 12 6 
3 10 21 29 46 40 45 59 69 61 65 64 71 75 64 63 59 56 47 27 40 25 16 20 3 
6 10 32 30 21 45 56 65 54 79 69 60 74 67 53 69 60 49 43 40 50 21 17 12 0 
5 7 27 45 38 58 52 78 72 62 84 67 85 73 69 72 64 57 51 57 42 30 28 12 2 
11 19 38 36 55 57 68 71 58 76 84 86 60 70 79 69 73 73 65 56 48 38 28 13 8 
10 21 31 41 42 59 68 80 76 78 73 99 85 113 74 87 80 84 61 53 48 41 30 18 7 
1 0 0 5 3 2 5 1 8 3 5 7 5 5 5 6 4 4 6 1 1 1 0 0 0 
0 1 4 8 7 7 12 9 10 15 5 19 16 11 9 13 11 8 7 8 7 5 5 3 0 
2 2 5 3 11 10 16 18 11 20 18 15 23 21 29 15 16 16 15 6 10 7 6 4 2 
0 5 7 10 13 14 13 25 20 24 22 25 26 28 21 19 18 23 17 19 12 18 6 4 0 
2 8 6 17 17 17 30 28 27 24 27 29 34 23 28 25 22 22 17 14 18 11 16 2 1 
0 3 8 12 23 24 29 37 37 34 51 32 33 43 31 37 31 35 31 18 21 20 11 9 4 
3 11 12 17 22 22 33 27 34 36 38 35 35 46 31 38 38 25 24 36 20 17 9 6 2 
4 12 12 24 25 30 38 40 56 36 46 53 48 33 45 35 31 37 25 42 23 19 25 12 1 
2 11 27 25 31 43 47 45 38 50 67 60 48 59 55 61 65 39 31 34 29 18 18 9 5 
2 18 23 26 40 42 51 46 51 55 67 66 71 55 46 62 56 47 44 42 27 21 28 11 4 
7 18 24 37 42 40 48 74 60 71 76 71 76 79 84 70 61 59 47 37 30 24 16 10 6 
7 9 25 40 40 48 74 59 69 75 86 75 88 73 81 63 60 76 59 47 44 31 22 19 3 
6 30 27 41 40 54 76 69 79 84 91 135 96 76 81 85 68 77 57 41 44 44 34 14 4 
9 20 27 46 51 61 72 81 98 84 103 96 89 84 88 96 64 91 61 55 38 43 37 14 5 
9 27 29 42 59 69 74 83 91 84 92 102 121 111 91 113 78 81 78 57 63 47 39 25 12 
6 18 31 48 61 86 88 98 98 112 119 101 110 131 138 125 109 98 85 87 57 43 35 22 13 
1 2 3 2 3 3 7 3 2 4 5 8 6 9 5 8 7 4 1 3 2 2 2 2 2 
2 2 1 4 10 14 21 10 7 12 9 17 12 11 12 20 8 12 11 12 4 4 4 1 1 
4 3 8 16 20 19 22 20 15 28 20 14 18 23 25 17 22 11 14 18 9 9 4 3 2 
3 9 13 14 20 19 17 23 13 25 30 26 24 42 26 23 28 24 22 22 8 11 4 6 0 
4 5 14 9 26 24 24 20 22 32 28 36 36 34 45 27 34 29 22 21 18 16 12 5 2 
5 5 10 10 21 31 30 50 39 44 41 48 36 49 48 32 38 34 29 34 13 8 14 7 4 
1 11 10 23 28 26 44 38 48 53 43 36 39 59 49 40 48 41 33 38 33 21 17 13 2 
3 9 16 37 39 46 47 61 53 41 66 45 53 56 59 60 54 49 48 43 38 31 17 10 1 
5 9 19 29 39 48 37 63 64 66 60 67 58 71 71 79 63 54 31 49 51 19 21 10 3 
3 16 19 32 41 54 60 63 68 66 68 67 96 72 61 63 69 67 55 42 26 20 17 15 10 
7 15 25 45 50 65 74 92 85 94 87 88 83 83 82 75 64 51 70 50 40 39 23 18 8 
8 25 40 43 62 64 70 84 57 93 99 109 92 100 84 98 85 80 82 63 48 45 31 22 10 
2 26 35 62 57 77 82 91 106 93 102 122 113 109 116 89 90 84 80 78 55 49 39 26 4 
6 22 30 55 56 69 78 94 95 124 123 143 107 111 107 127 108 104 72 74 57 48 42 22 13 
16 28 33 42 77 84 98 102 127 118 119 107 155 129 144 121 105 95 99 80 64 76 32 29 7 
12 22 46 61 87 93 114 120 120 135 163 166 130 140 128 147 147 109 103 110 91 66 43 23 13 
2 2 5 6 3 6 6 5 7 9 9 11 6 11 10 7 5 7 11 3 5 3 4 1 0 
0 4 10 7 14 12 16 24 19 17 21 21 24 20 24 22 24 13 11 10 10 7 11 5 0 
2 5 13 15 18 19 26 21 25 34 20 33 23 28 26 33 33 25 16 22 12 10 14 3 5 
4 6 13 21 19 29 26 30 32 28 37 33 47 45 36 35 24 31 28 26 19 15 15 6 3 
6 13 15 24 29 27 38 37 35 47 45 47 50 38 42 37 51 34 37 35 18 19 14 8 0 
3 10 11 23 27 44 44 59 51 50 63 51 60 57 40 43 49 56 47 32 23 27 20 11 4 
4 18 20 25 36 42 51 56 62 52 67 76 68 89 61 59 56 60 58 54 35 41 24 14 1 
5 24 25 39 55 60 39 68 76 79 81 77 72 66 76 87 65 72 55 64 41 35 21 11 3 
8 20 26 42 58 67 52 67 87 73 84 82 102 76 78 88 65 57 83 52 52 34 21 26 5 
6 21 28 43 62 71 77 103 79 104 98 110 93 89 114 113 103 88 84 63 60 43 27 16 4 
9 21 38 54 77 94 90 104 99 105 112 113 112 123 128 88 117 99 83 70 59 62 30 16 8 
6 32 51 65 82 79 86 124 108 119 151 123 119 115 131 131 125 105 94 80 70 52 37 22 8 
7 19 51 68 97 98 131 114 150 123 133 118 172 153 140 121 121 125 128 92 90 63 48 24 12 
17 31 55 75 94 117 141 127 151 170 183 171 166 145 148 174 152 137 135 90 87 61 37 19 8 
9 30 49 79 92 117 136 140 166 148 173 186 183 190 207 168 166 155 141 119 95 61 61 37 13 
10 27 88 81 117 144 136 154 174 199 196 221 181 164 207 183 174 161 152 119 95 68 49 34 8 
1 5 7 5 8 6 12 4 5 6 3 10 13 9 14 12 11 6 10 1 3 3 5 1 0 
2 3 11 11 15 17 22 17 14 17 27 24 18 22 28 32 31 22 20 16 17 8 9 5 1 
2 7 18 23 18 28 22 35 25 36 25 26 37 30 32 46 20 21 30 25 22 11 13 7 1 
2 6 15 24 21 36 29 36 32 34 35 43 51 49 43 37 41 30 25 25 20 18 13 9 5 
3 8 14 23 37 38 41 48 44 52 71 63 51 57 55 43 44 41 48 35 28 18 17 15 3 
2 14 13 35 39 53 47 68 60 71 34 72 84 72 64 51 56 51 40 30 35 27 15 12 2 
5 18 39 37 40 57 66 69 87 80 74 83 58 71 81 65 61 67 53 52 43 39 20 19 6 
7 18 22 35 47 58 56 78 74 77 63 83 95 87 94 71 79 72 56 73 37 42 32 10 6 
9 24 31 51 64 63 70 94 85 91 109 107 108 98 102 113 96 84 83 49 70 36 32 14 7 
12 25 34 45 66 88 80 113 101 114 132 116 117 129 128 106 115 79 88 67 61 46 36 18 10 
5 24 54 57 66 94 96 101 131 130 129 134 127 140 120 124 117 123 93 60 80 58 38 24 10 
14 28 54 73 86 93 120 142 134 134 149 154 158 144 152 133 125 121 103 102 83 67 57 31 15 
10 34 49 76 92 106 151 136 171 173 158 141 178 159 171 166 163 140 129 116 93 69 51 30 5 
10 40 54 85 90 132 132 142 167 165 185 169 188 193 203 176 166 142 141 112 90 74 54 40 9 
13 36 60 93 87 143 147 194 186 208 212 203 207 182 215 181 174 176 121 116 92 80 70 26 8 
15 44 87 96 137 144 189 181 223 193 219 198 233 218 197 192 194 163 136 138 119 97 58 38 14 
1 1 1 7 9 8 17 12 23 15 11 12 13 20 15 10 7 13 14 14 10 6 2 2 3 
1 6 12 14 25 31 16 30 47 50 31 43 38 44 35 33 25 29 25 26 17 9 15 4 1 
4 14 20 24 34 29 46 35 46 66 61 49 47 53 41 48 42 58 30 33 29 23 16 9 2 
6 6 24 34 38 51 52 61 64 55 57 72 69 63 61 70 66 45 57 43 42 27 22 9 5 
6 9 29 42 42 45 70 68 79 74 80 72 85 66 61 66 81 73 66 47 42 39 25 24 6 
9 14 38 42 51 61 81 75 99 83 83 79 116 91 84 79 90 87 57 55 52 46 21 14 5 
4 24 46 44 82 84 72 79 117 95 95 125 111 108 123 98 96 90 94 71 55 45 25 17 8 
5 34 46 65 90 103 95 87 134 132 156 148 150 124 123 126 118 99 104 94 65 60 41 24 15 
10 29 59 58 103 104 122 136 124 171 123 145 146 155 143 140 134 116 107 120 68 84 40 30 7 
12 43 65 89 83 125 119 160 151 142 186 200 150 199 184 163 160 134 111 115 95 73 57 27 12 
10 29 57 88 124 137 156 151 190 194 211 209 218 224 159 188 169 166 141 112 99 92 42 39 7 
14 39 71 111 125 136 161 205 207 226 229 233 245 216 214 216 198 187 155 157 119 102 62 35 14 
23 45 92 105 138 170 193 206 199 249 264 232 271 212 222 236 233 176 179 167 129 111 90 62 13 
15 54 89 139 146 175 194 222 255 234 298 281 294 272 230 272 243 219 214 170 149 109 81 44 8 
17 64 95 133 150 226 246 265 234 288 298 315 322 337 285 251 287 264 192 195 130 131 83 56 15 
21 52 119 147 201 198 239 291 275 359 349 333 337 318 325 299 294 271 247 210 185 132 97 52 25 
1 3 7 10 9 7 8 12 3 17 15 9 12 7 16 13 13 12 11 6 7 8 9 2 0 
1 8 11 18 19 35 29 33 43 50 43 53 44 33 50 43 34 24 29 25 18 24 8 6 2 
6 9 15 28 38 33 29 53 59 34 58 63 64 63 41 47 42 33 34 36 24 16 16 9 2 
3 17 22 27 42 39 52 72 67 62 66 76 78 55 81 67 63 73 52 35 40 28 21 13 5 
4 20 30 38 43 66 69 73 79 84 75 81 93 73 95 85 73 68 67 36 47 32 18 11 5 
4 29 29 43 53 67 87 76 105 107 110 113 115 110 97 95 101 74 64 77 54 46 28 18 5 
6 17 45 53 59 86 112 92 120 132 136 104 134 132 133 116 112 102 95 82 62 54 29 25 5 
8 34 44 60 100 88 115 118 125 131 139 174 149 152 127 134 134 118 106 84 92 71 50 19 13 
11 26 58 54 95 124 133 151 162 179 178 192 184 168 151 142 137 135 123 101 84 64 47 22 8 
12 28 63 80 100 127 155 154 180 199 191 183 202 199 188 185 166 150 148 137 107 61 56 35 10 
11 42 78 102 127 146 177 173 189 212 217 205 225 199 215 199 209 173 163 141 117 89 70 34 16 
13 43 80 105 135 167 181 199 251 217 250 231 248 241 255 237 232 184 172 140 120 83 76 42 12 
21 52 92 126 157 176 194 218 240 251 256 302 291 266 266 262 247 227 207 176 150 111 80 52 14 
12 50 80 148 174 196 252 254 295 286 277 269 289 291 269 305 269 211 222 182 145 124 121 63 20 
18 65 98 152 192 217 258 290 285 289 333 343 320 340 317 302 288 256 201 194 171 103 94 60 26 
22 61 117 140 206 248 291 323 313 363 318 358 363 355 282 297 273 263 228 244 187 147 111 61 18 
6 2 7 6 11 9 15 13 31 15 19 21 19 22 18 21 14 16 10 10 9 10 5 1 0 
5 6 20 33 40 34 31 38 45 47 42 61 47 58 45 46 37 44 39 37 27 20 15 8 3 
3 29 29 33 53 39 47 68 46 56 66 73 68 67 60 71 71 53 48 51 35 29 19 16 6 
7 16 36 44 46 65 63 65 87 86 90 91 108 79 80 65 64 61 60 51 44 37 25 12 9 
13 19 29 40 55 68 98 94 118 99 95 112 122 92 117 89 102 82 105 74 71 40 31 29 7 
6 33 43 66 72 102 90 94 128 116 159 124 144 126 117 116 98 106 85 81 95 55 40 30 9 
11 33 52 73 95 101 123 132 152 151 184 177 153 145 156 156 106 124 95 108 79 50 45 31 14 
13 38 56 77 89 120 112 141 158 175 181 177 190 160 178 153 155 132 132 109 94 74 45 25 14 
17 37 66 102 141 137 157 187 175 220 203 190 204 203 196 192 197 168 138 131 104 66 63 28 10 
22 45 83 132 113 138 184 185 184 209 223 219 252 234 238 223 216 189 159 143 122 94 69 41 19 
24 59 90 145 146 163 203 216 247 285 276 264 261 252 250 248 224 239 192 146 128 103 90 40 22 
26 61 83 123 165 196 243 238 263 276 280 316 283 306 291 277 274 223 208 190 167 110 101 49 18 
23 54 101 161 165 235 276 282 308 286 315 350 307 320 315 290 283 234 231 196 169 132 99 50 20 
19 65 108 157 176 260 270 310 323 346 365 318 386 383 321 336 263 300 245 226 177 152 111 73 29 
32 79 123 177 202 281 299 328 357 364 405 390 384 363 410 350 339 301 299 249 203 158 103 59 35 
31 86 134 199 258 252 327 346 371 385 416 419 423 398 405 378 387 336 321 246 224 170 142 54 17 
4 4 13 9 13 20 23 35 10 22 20 23 29 24 25 22 19 30 22 22 8 9 7 3 2 
3 15 16 25 33 44 38 46 51 58 83 71 67 55 60 52 48 52 49 42 34 24 24 10 4 
8 28 32 33 55 45 71 76 101 82 84 94 86 92 83 69 54 74 64 56 61 40 17 18 6 
10 21 36 53 66 74 79 87 112 98 95 109 118 100 113 104 90 94 73 70 47 44 40 17 6 
2 25 35 62 65 79 102 128 112 130 121 150 123 141 118 125 129 110 96 94 76 45 42 35 18 
10 30 51 85 78 96 142 126 138 152 162 189 152 161 158 138 151 137 126 99 87 61 59 32 16 
10 45 69 87 119 123 139 159 154 215 185 184 227 181 204 164 187 144 143 98 92 70 65 26 11 
17 50 91 103 128 165 182 192 236 230 225 209 246 212 233 221 211 181 139 125 122 90 70 39 11 
17 52 82 119 157 180 176 209 228 254 226 229 255 265 254 222 216 199 196 169 119 114 81 33 18 
39 60 91 139 166 216 243 276 263 295 273 298 293 280 323 289 283 230 203 181 134 128 83 41 13 
30 77 98 154 181 221 272 281 290 295 323 352 329 336 308 314 284 257 223 194 164 128 106 50 18 
26 73 116 129 195 248 277 341 362 354 362 395 384 380 357 348 306 287 267 240 181 144 122 64 22 
22 84 147 202 229 248 318 365 351 428 407 434 413 408 399 343 318 342 296 236 197 169 145 65 41 
28 78 141 192 243 310 352 394 401 439 455 429 450 391 454 422 409 367 301 270 219 189 127 89 19 
27 81 182 209 263 320 350 402 474 428 459 506 501 470 465 450 442 396 348 278 233 200 157 68 30 
31 103 170 240 330 369 364 444 482 487 507 503 501 534 504 483 432 449 345 338 278 233 139 85 24 
3 7 12 12 21 16 23 22 25 22 26 34 38 23 37 23 34 19 26 20 18 19 4 5 1 
7 13 26 50 49 45 64 53 66 81 85 80 85 71 76 60 83 72 54 60 34 42 22 16 10 
8 22 45 55 72 68 101 93 97 96 102 100 98 103 112 110 95 85 74 70 48 41 35 22 6 
5 29 43 57 78 90 93 114 114 137 134 135 136 139 108 146 126 107 96 98 79 67 34 26 3 
12 39 56 79 108 106 113 137 135 176 176 184 166 180 175 170 167 138 133 96 84 77 46 41 11 
10 45 70 96 122 146 158 189 193 198 217 205 219 209 220 204 186 153 163 130 102 95 50 36 14 
26 48 63 116 147 189 187 215 228 228 238 239 255 237 227 220 201 197 197 136 111 109 65 61 9 
18 64 91 134 133 209 246 246 270 282 277 272 295 313 291 265 219 213 208 172 147 107 81 50 18 
18 59 113 150 204 213 266 277 303 300 322 320 297 329 308 299 247 239 205 207 169 126 90 69 20 
30 74 127 177 208 265 272 323 380 332 368 398 407 400 379 330 316 306 247 228 186 178 121 58 21 
26 81 142 169 263 276 298 338 368 443 459 486 432 386 389 344 366 337 308 213 204 163 117 72 22 
29 92 152 202 272 287 305 394 450 427 479 437 461 455 466 437 385 366 302 260 227 180 126 71 28 
39 91 150 247 260 322 377 411 460 461 512 531 496 506 485 475 444 407 349 304 243 180 144 113 24 
46 115 197 242 303 406 454 463 518 539 544 553 500 516 542 517 437 460 378 331 282 203 162 91 31 
30 122 226 248 329 421 435 504 544 536 561 555 616 572 577 537 511 484 390 374 336 255 163 100 44 
37 138 202 278 345 425 523 564 616 580 662 637 636 669 649 562 583 522 425 395 317 253 186 113 34 
1 7 12 19 24 30 35 30 28 42 37 29 37 38 35 33 44 25 18 22 18 19 13 5 0 
7 20 36 44 60 73 54 74 84 73 81 102 103 99 98 82 87 88 80 68 42 41 27 22 8 
10 29 53 53 71 92 82 107 101 90 127 129 135 112 112 120 131 105 78 79 67 39 43 22 11 
14 35 57 78 76 102 129 129 156 159 153 168 165 187 154 138 131 136 120 97 92 74 56 33 10 
13 36 57 87 146 132 148 177 188 200 194 212 195 205 209 172 161 184 137 134 111 90 56 42 9 
10 53 86 129 148 167 168 228 214 224 238 227 235 234 218 217 228 181 160 148 102 91 88 37 14 
27 60 78 116 183 196 221 265 248 279 292 322 267 281 276 274 257 199 191 192 146 119 73 38 15 
27 55 116 145 190 198 229 260 289 319 330 325 294 337 299 295 267 244 211 224 154 138 74 52 18 
26 103 129 197 227 264 300 328 378 323 360 377 374 378 321 350 343 315 261 217 217 139 106 66 21 
34 91 140 185 218 289 343 354 382 405 408 409 438 452 399 370 376 359 292 269 232 186 158 75 25 
30 101 153 217 278 309 359 360 438 488 488 511 468 491 453 440 452 358 317 273 245 192 148 64 24 
29 81 161 253 307 361 411 423 481 526 524 512 563 509 511 483 463 387 357 313 300 205 141 118 29 
35 103 197 269 307 407 474 459 531 564 576 554 584 578 609 506 489 439 376 363 302 213 181 119 29 
48 115 214 316 355 443 541 514 604 616 626 597 649 625 675 570 551 469 444 365 315 252 177 111 30 
43 160 243 330 353 460 557 574 711 668 696 701 659 656 681 654 598 560 464 405 351 269 175 109 47 
39 133 237 346 395 468 544 612 709 678 714 715 740 724 742 695 608 570 556 475 381 297 211 123 48 
5 7 19 20 26 26 34 36 40 44 36 48 56 47 50 50 43 40 31 20 28 13 14 5 0 
10 29 62 60 64 87 99 88 100 93 114 97 120 128 111 109 86 92 85 65 64 58 41 23 4 
9 34 52 61 78 101 131 122 130 143 141 155 180 158 143 129 138 118 93 93 66 72 42 36 5 
9 39 71 84 133 143 159 158 193 162 171 203 195 184 189 176 176 170 140 121 94 82 48 45 12 
25 46 77 113 141 156 197 227 226 230 263 236 243 257 230 213 205 182 186 153 133 102 82 42 17 
13 56 91 130 159 186 218 225 280 266 287 294 296 289 261 246 228 255 207 154 153 143 85 58 13 
22 88 122 145 205 250 242 326 286 328 365 339 324 316 333 314 296 243 245 217 173 140 116 60 25 
32 70 121 196 226 276 304 319 360 358 389 399 394 380 379 370 343 292 299 243 202 162 115 62 20 
35 96 146 220 283 320 314 386 377 445 436 441 452 468 434 451 401 365 342 281 219 176 146 91 27 
35 115 171 218 313 342 399 456 480 500 476 488 530 556 502 478 438 399 356 278 285 194 130 105 31 
33 130 219 265 316 347 444 477 567 556 556 566 595 557 531 553 497 473 412 395 287 226 186 100 28 
52 136 195 274 388 459 484 535 579 664 634 624 673 657 590 544 571 433 423 402 336 234 176 112 31 
43 134 253 314 405 464 580 612 606 720 694 670 693 701 711 622 607 515 518 422 309 269 220 135 36 
56 168 223 346 424 548 577 639 668 725 750 725 766 767 759 700 625 596 527 476 387 291 207 152 51 
58 170 261 416 509 530 637 702 806 860 801 833 823 807 833 702 700 629 575 517 419 336 220 136 46 
56 194 310 388 506 583 702 731 811 827 895 1033 910 926 867 791 780 739 602 560 440 370 265 148 54 
4 17 21 33 36 33 42 48 59 52 54 53 54 67 48 46 51 40 41 29 29 20 17 7 3 
10 25 53 81 82 91 117 131 123 131 162 124 148 119 130 139 117 104 89 77 77 50 42 27 9 
20 48 64 83 108 149 165 149 182 189 195 201 183 184 159 158 161 136 112 130 108 57 46 31 23 
13 52 87 110 144 165 165 190 231 253 212 251 237 230 258 229 213 194 174 146 115 89 89 45 11 
21 68 97 121 182 206 191 258 291 268 291 273 318 287 241 271 226 229 191 168 177 127 90 42 18 
15 65 115 153 181 245 283 291 327 324 374 353 341 366 324 324 286 284 233 224 191 133 85 58 21 
34 73 148 187 222 292 316 349 365 394 410 403 375 392 409 381 380 334 293 254 223 176 141 77 27 
43 88 140 215 295 309 371 368 402 431 454 497 520 458 415 412 368 372 353 281 232 202 133 100 24 
37 132 204 245 298 377 441 473 502 571 582 581 570 544 557 544 476 409 400 370 248 219 173 93 31 
40 115 207 291 328 436 461 496 525 619 602 634 630 616 617 600 503 460 452 357 365 252 182 99 38 
50 122 222 344 387 439 504 605 694 655 714 716 662 683 669 627 569 538 458 405 372 277 201 126 38 
57 165 271 350 453 508 624 707 700 690 753 767 734 808 737 713 647 618 533 503 375 309 209 133 49 
62 177 274 373 526 544 628 726 759 830 790 840 880 815 786 792 691 620 633 551 437 339 232 141 53 
62 189 311 436 534 619 676 765 850 914 933 972 917 921 866 875 794 695 609 577 466 379 265 185 52 
67 179 350 475 549 694 736 871 905 960 938 1010 954 989 976 952 862 812 722 602 538 417 292 163 43 
68 226 346 486 642 701 792 962 947 1035 1070 1107 1098 1137 1021 986 932 837 801 675 585 468 318 196 57 
1 11 24 36 33 45 39 50 49 59 61 72 83 73 60 68 61 40 53 31 30 26 17 22 3 
10 30 63 71 79 114 129 153 143 150 139 171 181 156 172 153 164 109 112 116 69 66 60 40 8 
15 33 73 103 116 149 188 192 182 180 203 216 255 182 178 187 171 189 163 118 122 96 58 39 11 
21 60 94 118 159 194 216 252 263 268 294 289 279 290 271 240 249 222 222 152 149 134 83 54 17 
20 63 102 172 216 239 254 321 312 296 320 335 368 347 308 301 308 256 222 190 165 151 97 67 18 
34 74 115 186 232 260 320 340 395 404 423 403 418 430 405 392 349 319 284 233 208 171 120 74 23 
37 124 144 246 277 312 343 422 465 460 439 465 437 486 465 414 420 362 321 297 243 179 145 96 22 
33 115 216 240 351 403 416 517 463 518 601 579 595 560 542 483 462 405 398 331 304 240 184 102 23 
50 139 205 251 339 423 491 552 609 650 668 678 688 639 639 638 548 490 448 411 307 224 184 112 32 
43 152 259 309 404 508 525 609 648 752 709 749 717 722 672 664 614 551 527 437 365 297 208 136 47 
51 166 277 386 423 523 553 708 732 770 809 816 797 812 751 759 686 665 607 490 365 325 230 148 49 
52 200 293 399 511 567 743 779 813 894 821 902 900 832 815 824 732 684 612 557 463 333 253 155 49 
51 211 320 452 588 653 736 859 822 953 951 922 1000 1026 989 896 830 721 715 582 501 398 270 173 55 
74 211 338 487 616 745 810 917 941 1062 1074 1055 1048 1052 976 1008 908 883 731 656 524 463 285 174 49 
86 231 379 503 670 839 847 1010 1102 1111 1081 1110 1114 1134 1117 1030 1018 899 795 674 591 403 338 210 56 
95 246 431 563 732 821 925 1057 1127 1199 1236 1210 1284 1216 1216 1134 1090 942 861 757 657 453 364 212 90 
6 12 22 33 50 46 48 67 65 77 77 83 85 80 68 61 56 64 48 45 41 29 17 12 6 
12 40 64 86 114 118 135 151 167 194 203 175 180 197 177 176 137 158 140 120 96 91 53 39 13 
25 60 90 100 138 177 238 215 241 248 233 236 250 263 248 223 208 195 205 134 116 116 61 43 14 
14 58 107 171 169 213 245 256 268 310 317 296 319 329 265 289 268 254 225 201 187 129 104 60 11 
19 77 129 182 228 261 330 329 341 355 396 374 402 383 375 339 341 313 285 247 214 166 94 77 27 
40 95 164 228 265 310 335 419 450 457 479 474 436 440 402 450 445 362 344 289 233 176 138 83 24 
37 137 174 265 300 385 417 446 458 498 548 553 542 565 565 485 491 438 389 345 286 224 177 84 37 
41 116 225 287 391 418 488 513 589 616 667 675 659 673 640 573 561 486 482 382 329 264 173 130 47 
49 157 261 367 431 524 545 668 687 713 761 774 723 763 671 641 694 608 519 456 350 293 251 143 38 
58 153 253 383 468 607 623 723 771 802 768 830 842 805 830 734 763 674 550 490 433 331 234 141 44 
68 193 305 392 559 637 719 738 851 891 940 907 899 883 852 806 833 683 622 557 497 409 265 171 39 
64 199 357 485 596 720 784 899 919 973 1009 1074 1062 1081 890 899 932 797 768 613 555 429 279 188 63 
82 249 400 532 624 779 932 925 1006 1083 1171 1164 1099 1107 1085 1038 1010 903 769 662 603 430 321 212 63 
84 269 387 532 676 804 1001 966 1042 1215 1174 1273 1204 1218 1240 1135 1103 913 849 776 603 494 367 223 67 
80 267 435 653 733 913 1086 1170 1253 1262 1313 1310 1369 1286 1261 1211 1125 1118 907 825 677 567 388 247 80 
73 302 547 662 812 993 1122 1191 1372 1332 1510 1423 1550 1377 1387 1297 1246 1120 1015 925 763 528 425 264 90 
6 8 14 36 44 55 66 64 69 91 74 74 86 73 86 84 72 58 79 56 52 36 28 15 4 
8 37 80 91 133 139 170 165 214 216 195 206 199 237 189 208 180 166 151 153 110 86 57 42 12 
20 80 97 136 173 206 228 222 258 246 304 303 282 308 273 273 257 199 221 199 160 118 72 49 23 
30 69 125 159 235 246 295 275 357 328 351 342 368 319 361 350 305 301 248 245 190 147 125 69 27 
36 82 154 211 256 305 352 387 418 403 419 427 441 427 457 433 402 391 311 292 223 182 138 83 29 
41 121 190 264 306 387 423 413 493 494 484 497 531 560 521 483 457 423 390 310 282 229 169 84 30 
37 130 221 340 356 438 495 526 560 585 634 657 668 633 580 579 542 501 427 392 326 265 185 123 37 
50 144 270 347 446 531 577 632 702 765 755 775 783 687 707 718 618 565 567 476 341 261 217 143 51 
61 192 267 412 482 592 668 673 800 829 807 796 844 808 779 822 743 644 596 524 367 364 277 141 36 
67 209 329 427 544 644 674 843 819 934 939 949 936 950 918 848 829 729 654 569 475 370 271 193 69 
64 211 355 501 597 685 811 952 924 1013 1007 1072 1004 1095 955 967 867 857 706 639 505 439 321 192 62 
83 243 389 526 741 748 980 1022 1046 1107 1144 1171 1148 1152 1106 1110 979 882 828 702 573 456 292 224 69 
104 275 396 558 767 874 1002 1085 1142 1210 1233 1254 1232 1275 1224 1154 1083 978 878 754 680 516 367 192 73 
69 294 488 631 778 976 1015 1206 1274 1319 1393 1380 1425 1376 1348 1279 1214 1108 1023 844 712 542 418 260 74 
140 306 495 668 842 1043 1160 1322 1381 1411 1504 1549 1506 1451 1382 1322 1283 1183 1052 917 766 594 422 295 94 
117 324 591 697 926 1059 1237 1359 1500 1517 1612 1555 1656 1536 1543 1503 1340 1266 1154 959 858 650 485 296 110 
9 18 30 44 54 64 61 79 104 91 100 102 88 82 94 77 98 63 70 64 34 44 25 10 4 
16 52 115 109 151 176 185 218 220 230 248 276 241 244 255 244 207 201 164 154 137 102 73 54 11 
17 66 129 159 202 221 263 300 307 346 320 324 337 284 353 276 292 251 232 192 203 115 84 70 17 
25 94 159 193 239 293 312 354 373 405 412 418 449 384 410 390 407 367 294 229 208 169 120 67 26 
42 102 199 226 319 375 383 423 481 458 468 504 534 554 505 498 463 425 379 310 269 188 164 95 32 
31 123 192 276 343 401 489 523 540 594 595 655 607 608 593 537 556 489 479 345 307 246 212 101 34 
49 151 286 335 425 542 568 673 679 716 783 798 779 731 693 692 621 606 501 469 407 296 208 122 43 
54 166 279 346 523 630 663 707 765 905 837 872 861 830 844 772 731 668 564 515 439 324 256 133 50 
66 181 305 449 593 669 744 798 900 956 962 993 962 987 922 888 812 817 705 592 489 372 275 188 54 
75 251 360 456 668 737 832 966 1045 1024 1119 1103 1065 1071 1028 1009 918 857 764 634 558 420 295 174 75 
78 271 409 585 698 826 935 984 1134 1160 1186 1199 1231 1212 1251 1092 1031 931 858 734 597 460 374 222 74 
84 256 429 650 722 985 1035 1171 1183 1267 1366 1344 1364 1314 1241 1219 1146 1057 961 790 660 525 371 218 78 
87 292 498 675 876 1026 1101 1265 1455 1415 1461 1500 1473 1514 1451 1290 1327 1148 938 884 769 565 410 252 80 
115 329 530 746 901 1084 1275 1376 1442 1591 1625 1662 1672 1574 1577 1441 1353 1295 1091 924 857 657 427 285 95 
120 347 544 791 1016 1178 1372 1428 1640 1624 1676 1734 1641 1726 1685 1519 1443 1327 1187 1047 860 680 524 338 80 
132 395 599 808 1053 1258 1490 1538 1729 1868 1720 1932 1770 1872 1812 1630 1541 1487 1200 1070 874 742 547 317 103 
9 18 38 57 62 80 81 92 105 99 100 109 91 122 111 108 98 82 101 78 66 41 27 17 10 
18 64 95 150 183 203 235 226 242 250 280 312 283 269 282 267 256 223 206 170 160 108 96 58 14 
36 73 118 195 216 237 250 311 359 363 387 401 375 381 392 350 344 319 241 242 226 132 99 77 21 
42 92 140 227 269 358 358 445 471 453 464 477 497 441 448 425 401 400 343 258 250 199 138 73 26 
46 110 225 285 354 420 469 492 532 568 557 595 580 631 566 534 512 424 406 351 321 235 163 126 38 
46 136 240 329 453 495 552 579 647 628 709 660 671 741 704 695 640 563 459 408 345 284 197 138 44 
60 165 302 359 494 544 635 754 732 760 816 840 830 865 829 791 708 619 568 489 415 353 239 154 53 
78 162 376 424 566 678 739 861 845 951 1005 977 996 890 968 910 821 754 664 618 506 403 301 187 67 
73 190 368 500 611 757 915 979 1016 1084 1032 1078 1095 1117 1062 982 967 852 741 636 515 458 320 205 61 
107 256 396 527 673 794 984 1132 1135 1151 1253 1264 1169 1210 1170 1089 1007 915 867 713 632 480 370 241 78 
96 294 453 622 790 955 1074 1140 1293 1296 1361 1380 1418 1330 1304 1267 1250 1073 883 781 698 542 413 245 70 
112 305 546 714 890 1033 1225 1271 1321 1489 1567 1568 1564 1492 1498 1401 1259 1188 1026 862 725 637 439 298 101 
145 337 588 741 915 1086 1196 1435 1498 1594 1751 1576 1700 1723 1536 1508 1446 1295 1168 954 838 691 474 293 127 
141 356 642 748 1066 1190 1470 1572 1669 1781 1856 1836 1851 1744 1712 1619 1534 1359 1258 1098 910 700 525 325 95 
151 441 597 916 1063 1347 1493 1697 1724 1830 1984 1870 2019 1920 1851 1802 1674 1565 1431 1081 998 809 575 366 127 
135 430 767 907 1125 1404 1612 1773 1912 1975 2167 2051 2102 2039 2008 1963 1775 1594 1366 1278 1041 821 622 337 140 
6 31 51 86 88 74 96 108 133 134 117 136 136 128 128 104 110 100 90 81 85 58 35 27 14 
20 78 125 169 176 214 262 276 352 354 348 350 301 364 290 320 303 279 251 240 166 172 95 61 16 
32 113 148 213 242 293 344 384 429 450 468 463 496 476 441 382 383 368 314 256 218 164 121 60 17 
40 118 187 273 333 404 442 472 559 541 565 554 575 531 556 472 512 465 409 338 314 220 157 108 25 
59 168 260 287 417 437 586 631 613 658 694 732 722 694 651 620 593 530 486 398 370 285 200 133 42 
59 174 306 415 516 567 632 683 800 783 810 808 855 822 857 781 702 653 605 502 392 356 245 152 52 
61 203 340 462 574 665 745 840 895 953 955 1063 1004 943 921 901 824 802 673 604 495 376 305 177 65 
55 206 379 532 679 778 833 991 1057 1151 1137 1109 1118 1189 1065 1031 959 868 762 690 596 476 333 192 79 
90 251 460 558 733 878 1037 1101 1179 1231 1317 1333 1329 1284 1221 1167 1141 1037 936 782 633 544 365 230 65 
111 291 482 642 882 990 1121 1227 1365 1426 1428 1505 1461 1528 1410 1343 1270 1151 1015 886 722 558 416 254 98 
116 331 542 714 927 1090 1236 1354 1533 1609 1641 1678 1665 1634 1614 1504 1344 1295 1060 963 819 605 461 287 78 
132 388 571 857 1013 1235 1418 1556 1717 1711 1795 1747 1837 1764 1766 1635 1496 1385 1215 1049 934 684 479 312 92 
144 411 710 880 1137 1382 1553 1708 1819 1943 1926 2006 2009 1962 1863 1713 1649 1477 1343 1147 974 768 510 324 119 
136 432 708 962 1241 1412 1609 1826 2010 2047 2157 2129 2098 2120 1948 1933 1702 1559 1460 1237 1004 814 593 392 129 
173 446 737 1073 1239 1603 1720 1921 2086 2205 2264 2214 2271 2333 2133 2021 1911 1723 1623 1354 1151 837 679 365 127 
168 472 803 1166 1387 1594 1863 2140 2205 2402 2385 2450 2384 2476 2302 2145 2043 1949 1708 1522 1205 980 698 417 130 
10 32 47 76 90 91 103 141 153 142 152 159 153 151 141 124 121 135 107 106 73 75 39 29 6 
32 74 152 195 245 271 282 323 378 432 392 369 389 337 368 322 363 314 284 243 187 150 120 62 20 
41 109 179 218 293 349 421 437 489 545 509 542 499 495 484 466 459 393 359 327 272 200 138 85 27 
44 149 217 284 375 451 437 552 615 619 632 617 644 643 656 626 577 470 413 398 353 263 187 135 37 
46 174 291 369 459 518 597 672 707 751 740 836 792 760 736 673 688 610 553 497 393 303 242 156 38 
64 194 301 463 584 678 774 780 843 945 1006 1013 952 969 940 869 840 695 681 578 481 408 295 151 49 
65 228 388 549 650 791 857 931 1072 1095 1108 1119 1129 1138 1006 979 943 859 767 686 593 475 321 183 54 
79 257 451 573 690 883 983 1149 1217 1265 1203 1274 1227 1219 1248 1098 1089 966 905 780 610 507 382 233 82 
102 320 490 713 837 978 1180 1223 1310 1307 1415 1385 1453 1412 1389 1352 1227 1113 986 889 742 573 429 234 96 
112 344 548 765 935 1155 1260 1345 1455 1613 1564 1627 1705 1588 1595 1450 1382 1280 1122 1011 774 659 479 317 104 
111 388 665 827 1071 1237 1364 1534 1654 1754 1864 1906 1795 1793 1759 1582 1482 1435 1225 1073 978 733 512 304 119 
121 408 688 957 1151 1321 1545 1659 1871 1931 1959 1996 2021 1925 1911 1719 1673 1566 1326 1228 1023 830 585 369 111 
153 471 729 985 1254 1503 1680 1886 2037 2060 2237 2216 2220 2092 2117 1902 1783 1623 1506 1304 1106 851 627 367 131 
171 484 778 1089 1379 1607 1833 1904 2212 2261 2362 2385 2355 2356 2225 2053 1986 1816 1579 1429 1242 925 682 393 154 
199 531 873 1223 1437 1743 1918 2098 2319 2439 2454 2453 2577 2606 2346 2265 2158 1949 1730 1573 1310 1008 784 419 151 
204 537 935 1320 1633 1779 2071 2251 2457 2676 2807 2682 2731 2801 2564 2387 2286 2121 1985 1741 1420 1154 831 506 176 
9 25 66 75 91 113 135 148 136 172 153 166 173 156 160 176 140 135 131 102 80 72 37 24 13 
30 94 165 188 229 290 319 362 402 428 455 441 418 446 390 392 353 346 287 258 238 181 134 80 28 
43 125 211 245 331 421 423 505 523 546 567 558 527 548 528 540 486 452 381 370 283 226 183 102 23 
55 141 243 351 403 480 548 587 662 689 696 729 746 679 692 615 600 536 510 408 342 254 217 131 45 
70 177 309 438 511 572 698 739 792 895 890 915 906 822 835 806 763 660 609 530 449 339 281 174 41 
72 196 364 475 616 726 823 878 983 1020 1045 1049 1111 1079 1048 1037 894 831 714 650 534 404 300 173 72 
94 276 441 581 721 837 916 1037 1169 1127 1266 1158 1210 1158 1213 1099 1081 937 854 739 606 504 365 196 74 
85 319 431 646 794 957 1150 1238 1323 1413 1418 1435 1373 1397 1328 1220 1236 1120 952 806 757 593 436 234 60 
116 334 523 754 912 1126 1347 1400 1361 1534 1531 1537 1684 1552 1563 1493 1413 1222 1123 954 760 601 433 280 99 
126 407 607 833 1053 1208 1373 1525 1666 1796 1797 1883 1781 1753 1650 1601 1476 1395 1315 1088 884 701 527 300 137 
140 406 658 948 1177 1402 1619 1690 1791 1895 1977 1931 2001 1985 1923 1892 1671 1556 1389 1160 1020 817 542 338 134 
147 460 756 1009 1237 1516 1792 1846 2000 2120 2166 2278 2171 2119 2085 1964 1765 1664 1501 1277 1074 846 614 404 137 
148 490 790 1114 1407 1649 1794 2123 2208 2275 2358 2433 2295 2370 2255 2152 1949 1808 1635 1375 1153 989 687 432 118 
198 527 839 1123 1543 1795 2002 2200 2354 2472 2421 2635 2535 2469 2437 2396 2197 1993 1836 1541 1227 975 747 474 166 
218 563 951 1312 1650 1901 2018 2413 2509 2639 2777 2676 2869 2776 2630 2391 2309 2162 1954 1744 1482 1241 836 538 168 
225 589 1010 1362 1708 2024 2232 2535 2689 2885 2982 2966 2894 2878 2812 2753 2535 2373 2027 1911 1563 1242 882 553 189 
20 40 53 89 125 140 172 187 204 195 185 189 188 197 193 184 170 138 138 120 90 79 53 42 13 
37 109 169 222 303 330 376 441 456 482 455 506 516 502 476 489 428 410 341 326 263 195 153 97 18 
49 134 245 323 408 454 479 538 563 665 683 628 606 656 612 629 527 535 462 401 322 238 198 112 28 
62 176 276 384 498 575 658 713 793 814 815 846 799 806 816 772 747 670 567 516 427 325 241 163 50 
88 245 346 483 577 747 798 820 928 940 977 1009 1049 1005 943 923 835 778 668 615 534 392 289 174 45 
94 232 420 574 765 851 950 1033 1122 1150 1185 1277 1268 1190 1258 1045 1076 902 835 678 599 486 363 192 68 
97 303 502 655 824 1018 1132 1173 1300 1490 1402 1448 1484 1388 1378 1313 1228 1118 1007 850 692 524 381 286 85 
106 344 536 795 926 1110 1279 1480 1545 1621 1696 1658 1539 1650 1605 1557 1407 1247 1108 1026 807 661 476 263 105 
138 384 609 867 1025 1320 1406 1575 1758 1712 1789 1851 1827 1839 1759 1661 1609 1408 1289 1107 899 697 541 327 106 
122 421 690 935 1158 1440 1693 1847 1907 1947 2103 2120 2146 2051 2028 1878 1690 1531 1351 1272 1061 821 628 402 140 
151 472 742 1050 1378 1626 1829 1986 2115 2289 2270 2306 2386 2400 2292 2088 1905 1789 1576 1334 1133 937 686 394 163 
197 536 825 1179 1454 1696 2015 2149 2449 2548 2545 2561 2487 2425 2397 2320 2085 1933 1788 1466 1206 943 731 433 163 
200 538 944 1268 1563 1801 2089 2421 2584 2603 2782 2851 2723 2737 2585 2503 2256 2204 1908 1594 1386 1091 714 469 161 
220 620 995 1410 1696 2026 2290 2591 2713 2836 2902 2968 2950 2896 2784 2715 2470 2291 2046 1850 1491 1149 826 486 153 
242 722 1118 1468 1832 2247 2475 2713 2954 3111 3209 3421 3306 3167 3108 2966 2790 2503 2270 1864 1643 1207 893 592 161 
280 687 1173 1537 1964 2349 2584 2976 3135 3247 3481 3591 3423 3401 3284 3168 2874 2651 2330 2067 1700 1295 999 602 179 
16 53 80 90 114 157 145 205 170 220 191 217 215 200 180 200 211 171 123 131 107 84 53 35 12 
41 108 187 250 306 436 444 483 519 552 517 536 536 553 522 483 486 408 378 320 262 217 163 91 29 
37 141 246 350 392 511 549 591 664 720 719 728 761 710 711 652 609 553 514 419 349 277 200 117 52 
74 195 315 432 563 572 716 755 833 880 857 889 907 910 890 852 740 692 665 595 475 368 259 157 60 
60 265 371 487 668 778 893 978 1005 1062 1090 1124 1170 1137 1074 1045 954 805 789 654 554 462 308 190 72 
92 279 437 592 747 908 1096 1144 1223 1309 1310 1346 1404 1356 1312 1240 1165 1005 932 824 673 547 344 224 76 
105 306 529 738 908 1055 1288 1356 1513 1567 1517 1546 1566 1519 1460 1315 1287 1216 1119 968 830 569 424 266 85 
125 371 599 900 1047 1209 1458 1556 1617 1725 1829 1813 1858 1720 1767 1608 1506 1382 1328 1100 828 680 500 335 95 
148 402 671 915 1175 1405 1587 1777 1833 2021 1969 2014 2062 1999 1929 1864 1729 1557 1382 1223 1004 842 564 340 122 
161 443 841 1087 1319 1552 1721 1953 2085 2211 2272 2320 2210 2269 2106 2039 1897 1780 1545 1341 1161 923 649 369 120 
163 476 829 1191 1530 1689 1965 2233 2272 2398 2589 2549 2574 2463 2404 2270 2198 1950 1841 1532 1252 1058 738 439 145 
179 549 904 1303 1677 1909 2106 2306 2531 2702 2718 2803 2826 2777 2675 2472 2418 2111 1857 1645 1361 1044 780 471 156 
203 633 1000 1429 1740 2087 2370 2592 2762 2895 2993 3085 2987 2887 2989 2731 2569 2349 2083 1865 1610 1184 900 546 163 
208 663 1144 1563 1818 2235 2647 2841 3035 3183 3209 3427 3279 3300 3142 2951 2709 2571 2308 2024 1673 1288 1020 619 193 
220 663 1259 1646 2146 2311 2814 2960 3287 3434 3510 3525 3514 3448 3440 3212 2965 2833 2424 2146 1795 1356 1076 632 212 
254 775 1303 1708 2106 2639 2951 3195 3541 3633 3789 3793 3784 3806 3610 3420 3269 2917 2660 2257 1939 1551 1174 643 203 
16 47 81 103 139 153 188 221 254 267 238 262 231 246 230 200 222 190 162 163 123 79 80 38 13 
58 134 197 269 375 453 510 524 600 576 601 614 653 718 637 557 542 493 436 369 355 241 179 104 43 
63 183 280 390 483 545 628 699 724 786 803 784 817 811 829 734 705 628 594 501 442 327 246 142 56 
71 222 358 514 635 739 904 889 902 1071 1066 1031 1073 1070 1079 1003 907 781 738 576 563 447 302 175 53 
82 300 441 609 749 904 1033 1085 1159 1238 1303 1298 1289 1281 1268 1157 1105 1009 907 811 620 511 405 251 63 
97 308 565 716 872 1027 1234 1334 1448 1497 1548 1493 1491 1511 1489 1383 1217 1222 1069 959 772 586 445 291 100 
122 359 616 855 1017 1286 1469 1627 1649 1691 1797 1728 1821 1701 1672 1565 1584 1375 1316 1044 891 694 553 303 92 
150 440 708 922 1144 1455 1588 1819 1872 1924 1954 2022 2013 2027 1953 1874 1658 1568 1445 1207 978 793 555 394 144 
150 451 860 1095 1450 1570 1747 1969 2092 2212 2242 2323 2273 2426 2208 2113 1963 1771 1633 1350 1167 872 634 411 150 
186 587 860 1265 1484 1824 2043 2257 2411 2447 2612 2661 2579 2551 2485 2370 2222 1965 1804 1603 1282 1064 767 445 143 
217 632 971 1323 1766 2021 2201 2512 2693 2743 2874 2907 2802 2819 2813 2665 2507 2165 2074 1736 1457 1151 850 477 172 
192 671 1016 1480 1839 2116 2465 2779 2865 3020 2955 3075 3106 3025 3050 2856 2678 2464 2175 1889 1584 1183 920 558 180 
281 698 1154 1585 2023 2343 2685 2967 3260 3245 3299 3504 3359 3342 3295 3166 2846 2634 2415 1980 1757 1388 956 582 222 
279 753 1229 1696 2194 2502 2985 3269 3433 3529 3684 3847 3725 3793 3576 3302 3096 2924 2565 2305 1832 1571 1098 615 222 
272 859 1395 1895 2377 2777 3130 3413 3792 3959 3924 4077 3993 3976 3829 3637 3386 3145 2797 2368 2018 1601 1208 611 206 
285 877 1429 2021 2477 2961 3267 3697 3929 4194 4152 4261 4236 4318 4015 3909 3615 3320 3029 2591 2196 1731 1245 759 272 
21 52 85 117 141 191 226 236 262 265 279 273 271 270 277 230 253 227 209 186 112 124 78 51 15 
49 147 252 331 423 479 545 607 652 689 682 730 712 677 716 659 612 592 463 391 374 298 186 132 58 
67 194 311 464 535 640 727 800 850 810 944 886 964 894 873 835 789 683 664 535 454 353 264 159 66 
90 244 398 541 648 839 930 980 1045 1152 1119 1141 1141 1146 1152 1107 987 829 779 707 608 482 314 193 63 
100 251 529 675 886 1054 1079 1264 1290 1406 1408 1451 1450 1396 1394 1286 1179 1131 1009 900 750 538 393 227 81 
125 334 568 805 1007 1136 1318 1497 1500 1673 1836 1813 1779 1621 1551 1587 1430 1320 1109 986 852 709 506 290 108 
162 418 652 902 1108 1432 1603 1673 1915 1996 2055 2005 2005 1991 1949 1752 1674 1527 1395 1137 937 788 559 324 110 
153 486 807 1029 1346 1549 1786 1941 2078 2111 2289 2297 2260 2272 2113 2104 1865 1782 1501 1283 1095 860 613 392 132 
159 532 893 1222 1547 1755 2040 2237 2419 2489 2559 2626 2660 2583 2319 2249 2230 2004 1773 1442 1324 1023 724 471 139 
197 562 955 1348 1602 2000 2211 2450 2649 2864 2776 2797 2867 2802 2713 2580 2493 2217 1992 1708 1406 1139 836 524 171 
221 673 1081 1441 1865 2161 2462 2670 2932 3058 3176 3131 3244 3205 3094 2881 2720 2334 2267 1948 1659 1212 942 549 169 
240 682 1171 1553 2003 2428 2829 2948 3232 3390 3421 3421 3437 3350 3306 3157 2938 2632 2386 2050 1707 1441 976 539 199 
249 797 1247 1697 2185 2593 3030 3301 3587 3585 3738 3815 3731 3637 3522 3374 3158 2949 2633 2363 1873 1488 1119 682 220 
255 895 1374 1897 2404 2790 3280 3454 3710 3782 4034 4031 3927 4009 3969 3709 3496 3170 2798 2438 2075 1615 1209 702 265 
318 960 1477 2121 2614 3031 3382 3809 3949 4226 4319 4377 4373 4204 4224 3988 3695 3248 2904 2605 2156 1685 1265 758 250 
298 996 1570 2226 2689 3210 3630 3992 4423 4438 4597 4745 4722 4694 4453 4227 4001 3600 3321 2780 2390 1926 1381 853 271 
21 59 108 122 155 207 283 239 245 304 293 295 325 309 285 252 264 217 215 178 169 109 80 44 24 
55 195 272 399 435 511 592 680 671 681 742 736 801 742 695 710 650 616 561 490 373 309 216 149 51 
86 223 362 503 572 678 806 850 906 963 1032 1010 1045 950 979 943 899 816 712 621 505 398 268 162 57 
109 253 450 602 711 846 1034 1106 1209 1194 1227 1316 1273 1263 1268 1104 1044 1018 849 733 644 511 370 225 60 
138 334 497 680 903 1109 1170 1350 1442 1537 1532 1506 1609 1509 1501 1443 1363 1215 1087 936 849 569 506 258 100 
123 342 651 911 1072 1320 1458 1584 1718 1746 1826 1931 1845 1821 1793 1686 1562 1496 1299 1096 938 730 558 320 117 
169 435 738 1057 1360 1444 1728 1803 2017 2085 2222 2157 2218 2098 2093 1954 1746 1624 1516 1300 1120 859 600 390 122 
154 487 845 1130 1479 1786 1982 2139 2282 2415 2441 2571 2509 2494 2408 2318 2066 1899 1665 1483 1299 1003 714 436 148 
180 607 976 1312 1644 1961 2252 2425 2589 2742 2845 2769 2752 2740 2640 2509 2400 2101 2006 1729 1420 1165 831 508 155 
220 684 1106 1451 1850 2153 2418 2780 2930 2957 3139 3264 3107 3038 2995 2875 2587 2497 2088 1890 1577 1287 856 523 178 
256 731 1180 1670 1988 2300 2657 3052 3167 3335 3500 3504 3445 3318 3297 3098 2948 2661 2372 2010 1662 1269 975 587 198 
289 756 1341 1804 2210 2664 2906 3223 3573 3659 3754 3753 3739 3755 3605 3306 3166 2912 2661 2285 1940 1488 1112 698 206 
285 864 1440 1952 2431 2900 3238 3556 3788 3886 4059 4260 4132 4036 3990 3717 3491 3133 2891 2500 2074 1675 1206 698 263 
308 951 1614 2114 2601 3034 3491 3756 4100 4307 4540 4446 4529 4370 4304 4153 3824 3402 3118 2701 2285 1814 1360 816 295 
329 969 1604 2256 2780 3304 3693 4075 4493 4626 4759 4827 4803 4770 4548 4335 4069 3641 3371 2955 2516 1953 1372 819 282 
353 1026 1702 2352 3001 3559 3948 4406 4803 4986 5059 5147 5170 5003 4979 4789 4389 4033 3567 3094 2611 2099 1554 896 325 
27 84 117 165 209 268 299 311 380 307 390 342 357 312 345 354 251 309 259 202 158 121 108 65 23 
79 177 299 436 573 601 710 781 798 801 856 854 870 890 892 765 774 673 644 542 462 362 231 158 57 
84 281 393 566 700 770 903 982 1074 1187 1146 1208 1202 1145 1108 1072 972 864 824 685 610 488 338 175 68 
104 324 514 726 897 1011 1159 1268 1393 1286 1412 1487 1485 1422 1403 1297 1214 1147 1000 886 749 550 438 277 95 
126 382 629 842 1083 1262 1393 1518 1703 1716 1765 1836 1845 1742 1639 1674 1501 1359 1224 1067 854 731 534 302 115 
140 450 727 1022 1213 1468 1629 1826 2005 2076 2111 2131 2197 2116 2069 1956 1844 1633 1420 1322 1122 872 627 393 123 
191 502 856 1150 1422 1687 1975 2089 2329 2388 2558 2503 2437 2370 2427 2219 2090 1958 1759 1455 1242 953 717 439 138 
188 599 991 1347 1696 2005 2215 2430 2673 2715 2797 2877 2936 2766 2716 2564 2381 2245 1942 1767 1503 1134 862 491 138 
252 674 1070 1505 1857 2252 2521 2828 2910 3231 3195 3188 3230 3160 3055 2990 2688 2495 2168 1942 1580 1288 947 540 181 
262 801 1258 1750 2027 2535 2758 3128 3323 3445 3646 3714 3601 3501 3324 3147 3098 2846 2472 2207 1812 1446 1038 655 205 
282 874 1393 1862 2389 2832 3100 3421 3667 3907 3910 4016 4029 3880 3729 3557 3330 2944 2722 2399 2008 1616 1147 707 237 
288 920 1486 2089 2563 3055 3401 3721 3919 4232 4360 4410 4421 4386 4162 3920 3578 3310 3068 2596 2181 1727 1253 775 258 
300 1019 1659 2173 2753 3323 3733 4037 4319 4623 4714 4751 4720 4595 4552 4189 3997 3639 3377 2849 2345 1803 1343 847 301 
329 1074 1779 2420 3073 3444 4008 4305 4738 4923 5037 5027 5152 5034 4862 4657 4300 4052 3614 3169 2649 2099 1401 950 293 
386 1207 1859 2526 3240 3612 4117 4761 5076 5260 5522 5602 5530 5510 5315 4996 4638 4314 3810 3268 2878 2280 1632 969 315 
418 1254 2077 2835 3443 4249 4630 4957 5452 5709 5928 6057 5949 6030 5620 5434 5062 4700 4182 3637 3106 2411 1742 1019 338 
32 88 150 173 215 228 313 366 375 335 355 381 441 387 377 355 347 313 251 195 212 133 133 72 25 
76 201 354 433 598 741 761 826 866 881 953 999 937 919 969 930 805 748 709 574 479 414 270 157 50 
84 265 483 603 756 863 1084 1112 1166 1172 1241 1341 1313 1277 1243 1132 1113 926 835 795 637 527 356 240 68 
93 339 611 766 927 1145 1225 1371 1532 1516 1582 1684 1573 1528 1511 1410 1399 1258 1130 961 775 592 435 289 90 
126 409 695 1001 1206 1440 1534 1712 1857 1892 1985 2016 1894 1907 1797 1866 1645 1495 1302 1209 982 755 557 339 114 
185 492 751 1104 1349 1630 1803 1961 2135 2222 2327 2325 2227 2168 2235 2092 2000 1833 1582 1378 1154 888 684 396 139 
179 555 921 1262 1554 1869 2104 2273 2382 2644 2640 2701 2679 2650 2551 2409 2228 2096 1785 1536 1276 1048 760 479 182 
231 646 1086 1473 1842 2165 2529 2651 2764 2987 3073 3023 3027 3024 2793 2833 2722 2292 2089 1801 1498 1213 834 479 175 
255 736 1146 1631 2043 2454 2755 2963 3187 3283 3436 3552 3495 3208 3205 3132 2928 2654 2315 2127 1728 1344 998 631 195 
254 837 1306 1857 2262 2737 2954 3299 3483 3796 3800 3796 3920 3733 3586 3461 3226 2979 2592 2305 1980 1542 1047 663 225 
311 886 1457 1932 2437 2980 3473 3631 3827 4101 4238 4236 4080 4242 3907 3723 3521 3160 2931 2480 2157 1677 1247 711 231 
369 964 1583 2134 2688 3158 3696 3958 4182 4466 4542 4725 4610 4589 4338 4313 3897 3507 3234 2859 2329 1842 1376 792 283 
352 1008 1733 2384 2933 3515 3915 4276 4544 4889 5049 4968 5146 5013 4812 4429 4182 3917 3512 3078 2565 2024 1437 869 276 
377 1186 1870 2595 3164 3738 4204 4765 5045 5363 5463 5455 5344 5295 5211 4990 4605 4106 3693 3360 2785 2203 1611 936 309 
402 1194 1981 2745 3410 4020 4612 4992 5401 5564 5716 5727 5828 5737 5512 5268 4991 4540 4109 3565 2992 2316 1647 1048 328 
418 1283 2194 2912 3709 4317 4740 5377 5687 5937 6166 6403 6273 6261 6130 5734 5519 4936 4432 3808 3221 2585 1749 1099 336 
39 119 156 206 249 269 365 336 407 423 424 459 460 424 410 349 384 321 327 292 229 158 120 85 22 
70 231 386 475 654 733 845 906 1042 1053 1084 1070 1088 1057 1052 973 876 817 782 611 507 420 326 159 49 
88 296 492 663 797 968 1184 1204 1278 1343 1401 1392 1375 1317 1347 1241 1186 1056 949 883 710 546 385 228 77 
134 389 681 890 1008 1288 1409 1531 1604 1750 1791 1780 1781 1687 1652 1498 1510 1342 1232 1016 909 710 549 301 104 
141 434 717 1071 1302 1514 1702 1736 2045 2103 2063 2218 2195 2148 2136 1910 1857 1626 1446 1266 1109 856 613 375 132 
199 508 926 1235 1487 1758 1902 2255 2376 2539 2556 2627 2552 2471 2385 2257 2157 1959 1686 1475 1232 1020 698 451 186 
171 645 998 1432 1731 2060 2306 2589 2757 2759 2973 2818 2865 2832 2791 2651 2403 2238 1975 1757 1533 1120 839 476 154 
224 702 1170 1587 2017 2385 2640 2875 3097 3155 3319 3421 3417 3270 3244 3046 2783 2577 2324 1962 1706 1323 992 624 196 
272 832 1394 1787 2199 2730 2944 3303 3405 3734 3803 3873 3765 3698 3591 3442 3193 2800 2492 2282 1890 1569 1043 629 199 
301 918 1459 1984 2416 2923 3237 3688 3911 4054 4172 4159 4210 4292 3938 3886 3563 3206 2908 2543 1994 1664 1207 751 213 
369 958 1577 2199 2716 3138 3645 4051 4376 4561 4594 4634 4677 4571 4515 4193 3800 3531 3274 2829 2319 1869 1232 793 260 
339 1063 1689 2404 2954 3522 4041 4412 4702 5022 5021 5088 5103 4948 4920 4621 4223 3952 3619 3004 2510 2086 1449 900 302 
403 1222 1963 2682 3258 3697 4355 4804 5136 5386 5549 5499 5430 5396 5250 5024 4683 4282 3853 3339 2794 2181 1584 1027 353 
410 1206 2082 2604 3573 4157 4549 5218 5486 5647 5816 6002 6075 5922 5581 5542 4945 4587 4110 3704 3116 2416 1860 993 346 
426 1338 2160 3003 3820 4380 4887 5532 5902 6245 6549 6715 6500 6379 6256 5965 5343 5140 4470 4017 3323 2667 1883 1142 398 
498 1311 2420 3189 4074 4936 5366 5992 6270 6727 6693 7001 6899 6728 6509 6426 5806 5500 4839 4289 3538 2766 1912 1159 407 
35 106 159 234 298 350 383 407 466 518 498 489 478 486 509 465 445 373 344 284 237 198 152 98 31 
81 257 452 602 799 855 908 1083 1236 1258 1219 1264 1281 1331 1166 1086 1023 968 830 748 645 462 358 226 72 
110 362 543 766 1008 1144 1312 1421 1517 1540 1620 1673 1619 1522 1570 1463 1323 1206 1060 918 843 665 473 314 89 
177 451 696 1008 1212 1505 1678 1816 1906 1968 2039 2086 2044 2058 1971 1863 1746 1534 1375 1259 1107 858 555 337 129 
182 489 866 1226 1498 1689 1987 2074 2324 2468 2563 2482 2427 2459 2288 2254 2129 1858 1683 1511 1272 1007 695 403 132 
227 635 1010 1387 1702 2060 2289 2632 2697 2817 2929 2934 2963 2867 2800 2573 2470 2276 2015 1712 1383 1126 828 502 159 
239 723 1213 1531 1982 2365 2696 2969 3141 3313 3372 3398 3421 3379 3183 3139 2869 2589 2357 2012 1636 1363 970 611 204 
298 832 1464 1923 2183 2821 3009 3352 3622 3795 3693 3800 3740 3809 3634 3421 3273 2948 2542 2241 1984 1516 1101 634 216 
306 932 1560 2076 2542 3068 3435 3800 4057 4134 4361 4464 4374 4348 4135 3981 3721 3342 2946 2636 2093 1705 1189 785 233 
331 1004 1702 2292 2858 3426 3866 4089 4441 4716 4901 4782 4774 4672 4528 4277 4078 3659 3265 2920 2427 1827 1346 841 304 
360 1127 1850 2471 3218 3707 4213 4719 4895 5108 5240 5353 5305 5364 4976 4744 4493 4149 3681 3194 2635 2105 1549 916 328 
430 1230 2016 2745 3322 3975 4656 5019 5320 5691 5841 5941 5926 5852 5503 5380 4963 4480 4028 3440 2866 2226 1669 1011 352 
445 1335 2152 2933 3732 4338 5031 5457 5782 6143 6395 6376 6418 6414 6083 5670 5407 4843 4410 3823 3273 2588 1852 1114 371 
474 1393 2329 3253 3975 4787 5316 5877 6296 6783 6771 6842 6855 6849 6391 6091 5738 5214 4707 4175 3484 2759 1986 1199 390 
525 1526 2449 3465 4408 5038 5792 6427 6751 7185 7324 7383 7497 7280 7046 6572 6306 5672 5143 4423 3661 2905 2179 1267 422 
582 1619 2686 3584 4631 5396 6184 6707 7110 7687 7893 8166 7735 7682 7508 7209 6577 6115 5502 4764 3857 3100 2263 1398 476 
38 117 190 234 314 398 414 461 544 531 508 526 520 560 512 464 402 431 367 320 291 203 127 107 22 
117 323 510 634 810 946 1099 1166 1187 1268 1299 1381 1348 1277 1334 1271 1121 1095 955 811 673 573 361 250 80 
141 393 664 874 1077 1211 1416 1451 1597 1584 1810 1801 1797 1813 1634 1607 1561 1406 1201 1066 826 726 502 290 92 
191 504 794 1119 1364 1669 1680 2016 2050 2285 2313 2180 2279 2282 2128 2045 1865 1769 1551 1348 1101 949 669 424 128 
197 589 958 1327 1490 1982 2187 2414 2443 2674 2830 2755 2717 2669 2692 2442 2281 2041 1932 1614 1390 1084 836 465 157 
243 629 1157 1530 2004 2265 2432 2892 2939 3212 3342 3222 3169 3259 3061 2816 2706 2536 2205 1909 1683 1293 867 534 181 
283 770 1310 1716 2266 2613 3006 3228 3440 3577 3705 3739 3597 3758 3584 3276 3088 2815 2551 2240 1887 1517 1087 630 193 
284 900 1481 1997 2591 2958 3449 3749 3993 3965 4324 4313 4297 4296 4101 3881 3686 3350 2943 2437 2084 1689 1207 759 241 
349 1086 1696 2347 2893 3366 3701 4232 4567 4650 4862 4930 4702 4636 4474 4234 4001 3667 3217 2768 2275 1882 1355 839 276 
392 1162 1941 2504 3198 3697 4132 4681 4894 5109 5299 5293 5364 5225 4998 4685 4374 4106 3631 3210 2646 2183 1466 865 317 
410 1218 2100 2851 3480 4202 4670 5082 5432 5704 5855 5927 5981 5792 5624 5289 4944 4568 4114 3488 2882 2348 1728 984 354 
409 1375 2254 2929 3790 4525 5010 5426 5870 6254 6542 6714 6345 6340 6072 5685 5199 4995 4414 3866 3209 2489 1805 1153 376 
503 1463 2367 3249 3970 4791 5355 6035 6353 6866 6794 6849 6906 6762 6568 6278 5869 5352 4767 4138 3537 2739 1972 1248 425 
541 1574 2584 3511 4443 5296 5872 6507 6818 7177 7384 7537 7493 7396 7176 6820 6333 5774 5326 4589 3914 3130 2148 1347 462 
563 1633 2823 3719 4789 5620 6253 6853 7419 7735 7888 8131 8167 7781 7724 7394 6797 6138 5780 4893 4044 3301 2416 1390 456 
632 1706 2996 3975 5035 5973 6783 7382 7967 8190 8756 8741 8742 8582 8228 7810 7324 6794 6086 5314 4426 3638 2571 1499 568 
47 148 227 254 322 417 476 516 501 582 538 577 600 553 587 489 482 474 431 366 319 256 168 99 26 
122 326 555 686 869 1054 1099 1205 1369 1387 1363 1494 1455 1407 1304 1344 1281 1120 998 903 705 593 427 250 97 
127 433 711 945 1161 1346 1547 1645 1680 1907 1868 1929 1939 1944 1724 1743 1617 1473 1304 1141 1005 783 580 321 104 
179 530 843 1145 1449 1718 1782 2061 2260 2387 2466 2425 2428 2417 2249 2220 2105 1862 1693 1492 1277 915 668 419 150 
203 589 986 1436 1740 2018 2318 2605 2682 2892 2899 2977 2937 2903 2790 2651 2510 2286 2047 1777 1440 1133 816 462 151 
237 736 1236 1660 2085 2371 2703 3053 3232 3330 3507 3517 3515 3418 3281 3135 2777 2574 2338 2029 1654 1246 950 599 209 
297 863 1452 1886 2394 2857 3187 3518 3775 3928 4020 4181 3982 3901 3781 3593 3356 3000 2653 2410 1918 1577 1121 668 206 
313 960 1640 2227 2734 3323 3627 3966 4198 4499 4700 4748 4607 4461 4257 4208 3853 3503 3088 2674 2200 1727 1253 740 266 
365 1061 1826 2530 3084 3568 4065 4493 4763 5040 5180 5167 5194 4940 4813 4592 4225 3834 3361 2946 2420 1991 1372 845 289 
369 1186 1930 2733 3248 3994 4519 4960 5105 5551 5692 5713 5684 5552 5462 5015 4677 4347 3820 3405 2711 2189 1508 1026 308 
474 1279 2083 2900 3665 4322 4991 5482 5748 6085 6278 6426 6267 6322 5931 5666 5306 4704 4301 3655 3094 2402 1655 1005 382 
433 1454 2293 3274 4009 4605 5318 5867 6381 6747 6740 7026 6892 6844 6641 6116 5697 5287 4598 3968 3268 2678 1878 1119 386 
500 1477 2495 3378 4233 5143 5773 6485 6873 7335 7431 7402 7399 7328 7217 6701 6349 5672 5141 4306 3636 2868 2133 1267 371 
526 1639 2662 3680 4689 5419 6282 6833 7567 7749 7937 7974 8132 7982 7565 7373 6755 6185 5605 4677 3995 2960 2229 1373 429 
574 1801 2870 3891 4964 5967 6635 7409 8006 8392 8630 8521 8676 8665 8175 7701 7262 6722 5909 5044 4193 3367 2434 1436 507 
668 1772 3039 4191 5278 6281 7227 7962 8509 9082 9277 9533 9380 9155 8756 8437 7850 7212 6444 5538 4564 3698 2724 1606 520 
41 155 209 284 391 456 465 550 580 625 566 659 619 612 633 570 512 510 446 385 290 262 173 102 28 
123 372 602 776 937 1086 1251 1329 1474 1511 1515 1631 1601 1611 1524 1464 1280 1199 1082 984 787 645 453 275 76 
183 482 744 1021 1306 1509 1660 1818 1863 1984 2074 2066 2125 2034 1976 1850 1767 1624 1438 1223 1007 849 571 345 129 
206 587 908 1275 1617 1887 2088 2278 2407 2621 2665 2624 2605 2633 2423 2400 2267 1999 1832 1542 1308 1035 755 445 142 
230 680 1106 1593 1877 2208 2492 2770 2914 3140 3252 3158 3145 3164 2968 2841 2686 2521 2203 1943 1570 1232 879 528 170 
248 825 1309 1755 2211 2613 2984 3324 3401 3649 3765 3887 3807 3707 3582 3492 3159 2874 2542 2241 1912 1476 1028 623 221 
304 919 1510 2083 2600 3129 3401 3851 4043 4335 4283 4387 4355 4364 4110 3945 3752 3308 2909 2493 2202 1794 1228 754 246 
356 1045 1691 2418 2911 3566 4007 4314 4628 4877 4765 4976 4873 4710 4660 4408 4033 3741 3338 2906 2404 1935 1383 833 265 
390 1143 2027 2674 3410 3900 4488 4834 5170 5332 5510 5509 5539 5373 5273 4896 4689 4228 3779 3251 2755 2221 1601 954 305 
415 1272 2100 3017 3653 4334 4962 5260 5571 5976 6044 6193 6134 6073 5810 5421 5198 4737 4259 3745 3082 2439 1676 1057 365 
486 1409 2388 3280 3926 4719 5312 5883 6352 6482 6796 6743 6767 6615 6402 6004 5784 5198 4611 3976 3433 2774 1923 1230 391 
491 1602 2642 3471 4318 5182 5801 6248 6849 7042 7295 7339 7277 7135 6989 6698 6280 5648 4998 4457 3661 2913 2129 1337 422 
555 1680 2760 3708 4750 5628 6381 6900 7378 7700 7868 8046 8072 7925 7553 7011 6784 6168 5670 5041 3941 3147 2396 1355 436 
593 1809 3073 4106 5092 6066 6936 7368 7946 8374 8445 8597 8528 8513 8154 7871 7114 6780 5831 5309 4293 3457 2527 1496 492 
668 1888 3190 4495 5432 6338 7217 7858 8449 9144 9134 9174 9246 9250 8959 8334 7805 7159 6423 5603 4779 3762 2799 1578 579 
697 2095 3508 4640 5827 6779 7897 8558 9086 9596 9725 9929 9922 9846 9545 9009 8530 7761 6925 5940 4990 4087 2961 1758 604 
45 175 256 338 426 494 536 620 671 670 712 719 738 684 648 626 600 542 504 409 319 304 193 124 45 
136 450 635 868 1091 1305 1408 1549 1590 1684 1815 1774 1783 1834 1690 1571 1488 1351 1160 1144 838 733 502 304 108 
158 526 844 1156 1451 1635 1913 2035 2207 2226 2403 2330 2355 2298 2116 2144 1966 1819 1543 1365 1169 934 671 359 113 
226 623 1036 1421 1800 1996 2347 2565 2689 2989 2992 2940 2878 2960 2805 2666 2427 2278 2081 1760 1433 1172 843 461 169 
272 753 1286 1768 2076 2437 2840 3061 3305 3434 3411 3511 3514 3507 3463 3136 2916 2772 2257 2048 1759 1433 951 617 199 
310 887 1456 1952 2411 2979 3223 3720 3804 4030 4102 4192 4135 4206 3866 3776 3386 3131 2777 2463 2091 1631 1184 728 230 
345 1037 1644 2315 2959 3429 3891 4384 4496 4520 4957 4847 4922 4603 4493 4248 3979 3640 3235 2826 2436 1820 1278 803 281 
354 1157 1935 2636 3483 3793 4269 4881 5094 5388 5553 5460 5328 5518 5179 4735 4549 4156 3782 3244 2698 2085 1520 892 306 
418 1353 2203 2946 3498 4218 4832 5245 5814 5815 5997 6189 6115 5893 5898 5350 5139 4621 4060 3608 3022 2308 1730 1024 330 
497 1420 2314 3247 4065 4702 5416 5998 6246 6544 6827 6870 6874 6634 6288 5940 5579 5248 4557 4070 3430 2619 1871 1157 414 
514 1627 2634 3597 4400 5244 5750 6341 6921 7245 7480 7527 7425 7320 7118 6736 6107 5677 5084 4406 3815 2893 2157 1276 431 
563 1686 2820 3872 4841 5650 6503 6894 7419 7877 7930 8097 7850 7949 7664 7381 6751 6254 5430 4737 4065 3192 2295 1464 463 
636 1801 2999 4168 5201 6036 6765 7669 8309 8334 8681 8863 8759 8614 8443 7940 7396 6724 6064 5201 4347 3511 2510 1456 517 
656 1975 3231 4488 5595 6572 7274 8209 8775 9084 9399 9560 9475 9156 9012 8599 7938 7211 6456 5698 4775 3899 2737 1658 534 
750 2095 3435 4941 5941 6916 8022 8745 9526 9719 10155 10080 10244 10018 9698 9186 8556 7892 7125 6094 5116 4084 2940 1780 572 
776 2269 3683 5157 6336 7403 8544 9385 9999 10457 10841 11093 10877 10878 10415 9903 9158 8591 7542 6580 5721 4321 3221 1874 640 
57 182 297 409 439 552 630 695 750 719 727 742 756 757 684 730 612 589 564 478 365 282 239 120 49 
144 439 654 951 1142 1316 1559 1624 1794 1828 1914 1946 1986 2001 1855 1707 1642 1500 1296 1158 896 696 547 318 110 
179 525 893 1137 1514 1812 2042 2164 2271 2457 2476 2549 2498 2452 2416 2244 2067 1888 1637 1548 1231 1010 678 446 151 
228 732 1086 1542 1878 2196 2646 2712 2935 2984 3076 3219 3125 3141 2890 2891 2649 2475 2155 1934 1555 1253 903 511 155 
279 791 1331 1958 2309 2660 3088 3263 3521 3619 3764 3725 3828 3820 3464 3421 3162 2799 2565 2371 1852 1478 1070 661 227 
320 961 1575 2113 2662 3170 3504 3975 4191 4295 4412 4535 4511 4416 4154 3867 3510 3351 2995 2666 2229 1713 1298 796 280 
358 1072 1773 2410 3113 3701 4126 4528 4885 5003 5304 5236 5086 4982 4834 4670 4205 3856 3520 3018 2659 2047 1475 870 304 
431 1252 2058 2901 3570 4124 4661 5067 5368 5734 5924 5923 5792 5657 5458 5118 4861 4372 3978 3435 2863 2236 1635 1029 348 
449 1387 2306 3182 3913 4444 5073 5575 5957 6307 6530 6511 6626 6328 6149 5966 5368 5036 4451 3971 3298 2518 1869 1068 359 
556 1568 2581 3547 4350 4981 5737 6347 6711 7038 7194 7336 7317 7131 6777 6442 6067 5584 5027 4468 3609 2957 2017 1251 432 
612 1736 2848 3924 4741 5593 6284 6906 7392 7848 7978 7981 7885 7833 7606 7171 6665 6004 5502 4872 3932 3069 2376 1446 515 
619 1909 3060 4094 5133 6137 6793 7567 7966 8369 8628 8725 8738 8380 8217 7838 7341 6623 6098 5308 4345 3498 2608 1559 504 
681 1990 3248 4545 5551 6499 7434 7963 8826 9170 9383 9611 9622 9204 8844 8554 8010 7502 6661 5802 4757 3801 2833 1693 570 
682 2146 3497 4927 6140 7064 7993 8782 9288 9726 10253 10459 10092 9836 9434 9080 8611 7874 7179 6278 5213 4122 3078 1853 587 
795 2286 3841 5107 6510 7269 8655 9444 9921 10353 10809 11148 10806 10655 10583 9997 9397 8483 7725 6650 5656 4404 3176 1938 617 
869 2553 3957 5516 6998 8341 9201 9977 10472 11180 11573 11726 11867 11511 11027 10742 10014 9277 8262 7030 6025 4736 3398 2131 731 
45 199 306 431 465 637 660 753 768 864 850 862 864 941 764 758 742 610 611 507 440 315 216 146 53 
179 486 756 1056 1277 1473 1676 1943 1937 2014 2216 2095 2170 2144 2076 1970 1717 1689 1422 1310 1128 885 676 374 157 
221 600 1020 1350 1727 2056 2310 2345 2670 2915 2914 2851 2870 2849 2685 2549 2387 2207 1913 1698 1456 1145 873 474 164 
252 788 1243 1646 2044 2443 2872 3057 3350 3478 3580 3561 3487 3448 3302 3311 2950 2741 2372 2189 1807 1364 988 629 209 
318 901 1473 2108 2560 3086 3361 3775 3915 4151 4290 4103 4193 4162 4059 3870 3581 3305 2964 2566 2067 1659 1175 732 240 
365 1068 1798 2421 2963 3598 4064 4348 4623 4754 4997 4991 5058 4859 4690 4366 4148 3821 3495 3017 2495 1921 1417 824 308 
436 1307 2129 2790 3570 4204 4655 5058 5389 5523 6060 5845 5796 5566 5519 5171 4806 4446 4084 3498 2840 2255 1661 1008 331 
467 1500 2333 3195 3890 4705 5281 5624 6167 6412 6464 6601 6668 6562 6238 5862 5433 4963 4462 3815 3396 2576 1882 1128 358 
553 1596 2592 3696 4522 5195 5680 6440 6910 7255 7248 7389 7448 7216 6730 6533 6278 5638 5165 4449 3679 2867 2166 1279 427 
586 1699 2981 3941 4966 5790 6495 7118 7543 7917 8197 8215 8202 8005 7647 7375 6842 6282 5783 4951 4071 3265 2372 1435 465 
649 1900 3055 4287 5519 6236 7042 7530 8321 8873 8879 8987 9168 8973 8295 8067 7487 6781 6174 5511 4609 3598 2596 1596 495 
720 2185 3496 4727 5783 6879 7766 8429 8986 9866 9775 9949 9875 9614 9291 8940 8287 7721 6907 5972 5119 3824 2948 1713 590 
727 2257 3693 5099 6377 7468 8399 9155 9647 10301 10619 10687 10754 10396 10037 9724 9015 8335 7551 6493 5331 4248 3071 1870 651 
830 2444 3959 5554 6864 8006 8967 9853 10643 11054 11416 11728 11666 11580 11017 10381 9830 9012 8088 6951 5769 4637 3432 2042 678 
868 2654 4360 5881 7405 8606 9626 11008 11166 12123 12406 12795 12357 12389 11782 11230 10529 9842 8787 7548 6391 5000 3751 2156 776 
911 2752 4626 6435 7894 9188 10437 11226 12264 12912 13284 13615 13413 12942 12706 12188 11259 10505 9365 8206 6759 5404 3872 2281 808 
76 211 312 420 517 618 712 816 840 878 917 890 931 839 863 876 758 630 635 532 451 364 236 166 58 
187 519 806 1075 1396 1595 1753 2026 2095 2148 2341 2337 2245 2340 2167 2045 1908 1731 1571 1339 1109 895 658 402 121 
196 634 1066 1504 1871 2103 2299 2670 2851 2799 2963 3065 2956 2870 2912 2785 2506 2385 2017 1728 1435 1198 817 488 172 
278 786 1409 1890 2204 2708 3002 3279 3477 3618 3738 3676 3686 3716 3608 3445 3100 2819 2612 2201 1870 1419 1082 622 207 
310 962 1641 2146 2685 3155 3644 3800 4097 4258 4469 4425 4305 4407 4164 4037 3681 3344 2999 2622 2233 1725 1274 703 255 
402 1123 1884 2568 3209 3852 4375 4595 4752 5068 5229 5214 5199 4992 4863 4555 4279 4117 3536 3089 2550 2066 1436 926 296 
433 1365 2103 2906 3770 4386 4935 5342 5547 5908 5987 6226 6122 5959 5766 5286 5161 4471 4167 3517 2909 2344 1721 1015 337 
462 1445 2412 3397 4123 4814 5417 5965 6250 6745 6787 6777 6714 6622 6466 6085 5524 5291 4646 4052 3358 2628 1917 1120 376 
547 1696 2813 3742 4541 5442 5995 6645 7272 7339 7550 7633 7595 7452 7080 6825 6436 5763 5197 4481 3780 3042 2213 1350 441 
617 1769 3007 4051 5087 6054 6737 7320 7871 8054 8771 8841 8440 8239 7846 7546 7083 6450 5611 4994 4281 3338 2384 1492 553 
671 2003 3226 4364 5587 6535 7348 7913 8428 9138 9124 9251 9127 9156 8616 8377 7787 7210 6379 5447 4569 3695 2682 1577 536 
685 2179 3551 4918 6037 7170 8081 8755 9357 9645 10118 10200 10123 10076 9754 9220 8531 7715 6956 6097 5015 4032 2870 1739 560 
793 2287 3764 5157 6380 7554 8737 9464 10090 10628 11113 11041 11091 10892 10765 10101 9250 8382 7635 6674 5535 4349 3163 1932 592 
834 2556 4202 5660 6858 8315 9227 10195 11081 11646 11804 12034 12109 11442 11222 10676 10273 9021 8333 7254 6062 4740 3466 2031 667 
961 2704 4415 5990 7354 8747 9981 11197 12170 12189 12796 13007 12950 13044 12397 11728 11013 9874 8991 7738 6534 5056 3720 2212 720 
911 2824 4683 6193 8101 9475 10641 11767 12368 13407 13665 14040 13828 13612 13166 12525 11698 10692 9649 8250 6919 5389 3992 2298 807 
67 215 351 447 590 693 722 818 874 880 926 985 1021 957 930 885 790 771 665 519 489 381 278 210 52 
215 559 854 1180 1487 1677 1930 2136 2219 2335 2366 2485 2443 2312 2286 2231 2031 1882 1703 1412 1220 964 652 427 129 
243 704 1153 1650 1978 2274 2578 2774 2947 3137 3218 3186 3111 3123 3057 2896 2731 2470 2209 1946 1545 1301 872 565 171 
276 895 1428 1898 2399 2780 3115 3441 3725 3925 3919 3949 4071 4046 3774 3588 3261 3069 2678 2346 1970 1621 1137 612 221 
359 1059 1691 2307 2883 3415 3842 4118 4462 4539 4677 4844 4751 4699 4578 4258 3958 3563 3187 2740 2352 1853 1389 799 280 
447 1220 1951 2721 3495 4080 4577 5069 5304 5455 5383 5603 5703 5591 5249 5094 4668 4185 3740 3322 2752 2242 1638 947 336 
472 1376 2289 3216 3913 4454 5289 5651 5972 6265 6502 6433 6495 6306 6178 5794 5355 4822 4308 3813 3204 2538 1933 1124 382 
517 1620 2612 3588 4520 5182 5919 6514 7016 7114 7423 7356 7296 7060 6855 6489 6097 5516 4897 4221 3643 2815 2034 1302 426 
575 1788 2977 3847 4829 5756 6584 7254 7522 7903 8198 8300 8338 8173 7709 7412 6832 6281 5673 4920 4291 3225 2425 1442 524 
652 2006 3178 4388 5360 6339 7311 7817 8438 8960 9052 9089 9141 8854 8645 8131 7824 7084 6267 5629 4617 3809 2516 1586 558 
742 2144 3529 4910 5862 6925 7931 8684 9218 9681 9991 10097 9997 9762 9413 9010 8398 7830 6960 6000 4966 3909 2885 1809 615 
822 2426 3818 5073 6314 7575 8507 9531 10025 10591 10882 11097 11175 10819 10388 9996 9160 8712 7513 6499 5578 4349 3170 1962 663 
849 2588 4070 5846 7211 8336 9518 10154 11021 11650 11836 11819 11945 11714 11289 10737 10099 9094 8210 7238 6045 4798 3356 2153 684 
976 2758 4553 6114 7715 9000 10089 11159 11694 12492 12939 13041 13101 12556 12344 11503 10903 9946 8912 7688 6563 5163 3651 2221 757 
1024 2794 4871 6469 8170 9668 10765 12019 12733 13112 13963 14001 13930 13586 13221 12554 11649 10637 9544 8401 6995 5564 4100 2513 833 
1055 3161 4976 6985 8644 10192 11555 12606 13605 14236 14774 14943 15075 14804 14101 13479 12515 11567 10228 8898 7473 6073 4238 2553 865 
71 232 392 566 681 805 900 970 1015 1020 1054 1117 1126 1101 1083 1000 912 838 739 669 555 438 295 186 77 
223 629 951 1376 1598 1991 2191 2311 2584 2683 2759 2797 2771 2840 2729 2431 2371 2148 2006 1686 1352 1139 781 487 177 
251 804 1396 1730 2134 2620 2930 3109 3394 3622 3813 3652 3671 3544 3430 3240 3118 2741 2463 2158 1733 1350 1063 596 208 
307 995 1572 2197 2723 3303 3621 3980 4226 4543 4611 4472 4485 4392 4210 3962 3778 3390 3030 2700 2153 1793 1240 764 264 
384 1171 1946 2611 3284 3910 4456 4739 5026 5218 5371 5484 5486 5346 5114 4833 4447 4100 3560 3148 2635 2097 1525 955 311 
477 1399 2287 3148 3954 4537 5042 5606 5954 6249 6369 6469 6376 6128 5765 5574 5297 4923 4383 3858 3076 2447 1804 1055 352 
565 1605 2616 3616 4535 5267 5910 6434 7007 7058 7299 7296 7492 7203 6663 6635 6088 5480 5000 4346 3544 2909 2077 1214 399 
577 1807 2906 4055 4876 5812 6528 7068 7739 8216 8207 8304 8237 8183 7846 7293 6972 6398 5598 4898 4024 3358 2355 1445 485 
667 1991 3272 4411 5555 6486 7446 7858 8691 9032 9160 9269 9397 9219 8651 8322 7750 7080 6354 5464 4650 3660 2752 1591 528 
764 2262 3578 5110 6267 7350 8184 9055 9711 10139 10329 10427 10301 10006 9682 9125 8469 7973 7181 6236 5120 4110 2928 1795 601 
820 2369 3968 5426 6742 7809 9049 9703 10398 10918 11101 11213 11079 11120 10749 10133 9518 8609 7640 6666 5698 4537 3243 1942 661 
845 2619 4421 5832 7252 8669 9719 10740 11312 11841 12094 12127 12422 12080 11529 11197 10329 9515 8433 7319 6243 5015 3589 2197 734 
958 2931 4707 6333 7930 9370 10281 11604 12321 12879 13327 13290 13450 13197 12718 12062 11111 10357 9139 8155 6769 5415 3881 2313 785 
1023 3113 5087 6863 8605 10026 11383 12388 13192 13886 14560 14734 14528 14027 13710 13019 12061 11171 9975 8636 7256 5709 4067 2507 835 
1090 3262 5442 7311 9062 10752 12132 13385 14518 14715 15520 15337 15631 15131 15067 13913 13069 11971 10741 9321 7862 6290 4590 2766 901 
1174 3463 5767 7921 9619 11409 12797 14185 15178 16035 16355 16498 16522 16197 15785 14852 14054 12880 11438 10040 8319 6636 4802 2954 941 
87 270 448 560 696 830 921 937 1037 1087 1179 1178 1163 1020 1105 990 950 817 777 678 576 443 298 197 82 
219 585 1020 1369 1775 2049 2289 2460 2637 2767 2859 2954 2771 2802 2724 2560 2366 2266 1945 1743 1430 1125 796 545 170 
273 869 1393 1906 2256 2542 3007 3343 3421 3819 3680 3853 3793 3575 3571 3333 3063 2873 2450 2217 1850 1477 1043 647 203 
368 1009 1709 2250 2767 3242 3636 4105 4311 4571 4633 4686 4591 4449 4248 4145 3840 3529 3115 2683 2259 1805 1285 773 271 
390 1196 2035 2688 3349 3962 4310 4928 5238 5439 5333 5589 5421 5205 5215 4820 4661 4062 3798 3195 2694 2198 1528 871 295 
501 1373 2362 3221 4038 4695 5289 5557 5983 6367 6523 6572 6368 6294 6002 5820 5474 5075 4294 3831 3237 2468 1796 1014 357 
588 1641 2710 3613 4623 5332 5914 6414 6671 7381 7165 7482 7318 7239 6941 6639 6140 5663 5120 4447 3702 2866 2131 1277 437 
615 1907 3097 4112 5056 6045 6680 7335 7893 8128 8405 8385 8442 8131 7932 7636 6917 6333 5649 4975 4023 3237 2399 1416 537 
705 1971 3394 4508 5636 6796 7675 8037 8648 9181 9282 9429 9372 9248 9012 8479 7780 7174 6388 5529 4721 3675 2659 1695 526 
693 2208 3769 5115 6231 7474 8218 9136 9669 10065 10309 10297 10366 10338 9963 9474 8726 7878 7091 6263 5231 4189 2969 1830 610 
783 2451 3974 5593 6970 8087 9215 9993 10739 11061 11480 11521 11541 11345 10859 10169 9613 8728 7692 6835 5846 4482 3331 2002 630 
906 2634 4308 5914 7391 8639 9674 11004 11686 12165 12555 12460 12638 12092 12041 11441 10563 9657 8528 7508 6276 4991 3626 2214 723 
1004 2898 4714 6390 7997 9468 10711 11733 12613 13161 13487 13441 13656 13586 12981 12240 11574 10431 9353 8342 6848 5457 3967 2309 824 
1036 3092 5038 6868 8689 9878 11489 12724 13603 14366 14544 14654 14875 14161 14257 13369 12401 11396 10158 8889 7348 5863 4257 2521 826 
1134 3374 5419 7526 9161 10844 12339 13600 14761 15079 15961 15958 15947 15376 15174 14227 13541 12342 10823 9572 7818 6223 4483 2797 960 
1127 3602 5809 8015 9809 11693 13249 14496 15581 16065 16770 17405 17073 16806 16117 15466 14442 13322 11778 10008 8403 6711 4940 2873 1024 
96 332 488 632 774 896 1005 1116 1150 1250 1294 1318 1274 1241 1267 1133 1055 932 871 776 606 530 389 222 81 
268 713 1224 1578 1987 2333 2619 2915 2981 3177 3276 3258 3253 3195 3090 2894 2660 2554 2185 1953 1683 1252 932 527 174 
305 924 1614 2006 2609 3005 3389 3651 3958 4091 4277 4266 4178 4021 3935 3756 3575 3145 2885 2497 2040 1594 1194 686 215 
402 1116 1849 2566 3152 3760 4164 4660 4990 5138 5168 5167 5035 5038 4843 4460 4303 3964 3543 2990 2491 1999 1491 854 286 
460 1425 2213 2933 3758 4536 5078 5384 5755 6174 6402 6354 6153 6108 5861 5588 5024 4787 4261 3553 3075 2366 1765 1084 348 
582 1642 2676 3632 4496 5278 5881 6424 6737 7189 7499 7478 7257 7175 6953 6542 6039 5546 4843 4305 3539 2792 2046 1259 410 
578 1821 3107 4231 5154 5956 6633 7361 7766 8288 8433 8460 8245 8150 7846 7347 6837 6345 5615 4711 4116 3212 2331 1412 469 
667 2115 3386 4538 5802 6608 7621 8386 9004 9160 9348 9443 9451 9376 8950 8515 7884 7316 6511 5565 4690 3691 2713 1626 544 
776 2290 3700 5065 6539 7458 8465 9386 9829 10142 10634 10458 10457 10236 9910 9343 8809 8091 7209 6173 5247 4121 2994 1865 623 
854 2563 4130 5624 6958 8340 9223 10203 11042 11116 11598 11703 11752 11364 10945 10421 9736 8864 7777 6879 5848 4532 3252 1989 724 
912 2811 4480 6067 7648 8996 10226 11094 11864 12533 12768 13022 12717 12637 12191 11694 10871 9895 8728 7750 6421 5199 3732 2242 787 
980 2947 4918 6759 8401 9884 11041 11921 12910 13669 13713 13855 13834 13754 13233 12930 11711 10764 9482 8418 7248 5683 4008 2450 813 
1120 3287 5327 7139 8947 10580 11994 13299 14128 14461 15085 15355 15328 14984 14592 13693 12749 11624 10546 9187 7732 5989 4466 2618 884 
1173 3517 5582 7759 9547 11297 12860 14250 15138 15764 16569 16440 16179 16192 15572 14835 13749 12765 11407 9936 8319 6578 4736 2968 954 
1299 3551 6023 8399 10355 12230 13683 15234 16278 17123 17324 17446 17705 17096 17014 16117 15175 13595 12378 10671 8904 6982 5149 3058 1084 
1369 3973 6674 8930 10924 12994 14703 16144 17294 18075 18724 18928 19067 18641 18280 17172 16177 14752 13150 11228 9646 7711 5568 3305 1069 
106 335 493 670 764 954 1098 1154 1289 1284 1417 1443 1442 1322 1392 1268 1125 1084 1000 887 679 557 403 226 79 
260 750 1242 1804 2103 2449 2765 3036 3200 3408 3395 3510 3475 3374 3192 3086 2924 2690 2402 2061 1779 1367 993 623 186 
330 973 1632 2214 2781 3219 3746 4022 4172 4557 4515 4685 4615 4529 4238 4027 3843 3344 3015 2545 2166 1722 1214 741 245 
443 1244 1995 2734 3524 4018 4420 4931 5331 5496 5549 5691 5669 5530 5192 4913 4653 4141 3798 3308 2780 2074 1534 936 312 
488 1463 2251 3425 4070 4750 5452 6123 6337 6450 6702 6764 6625 6365 6285 5811 5361 4984 4551 3844 3282 2659 1758 1075 356 
585 1720 2902 3876 4956 5725 6245 6988 7387 7678 7886 7958 7813 7687 7402 7125 6458 5917 5346 4529 3851 2989 2189 1261 431 
650 2002 3210 4410 5391 6480 7119 7780 8473 8772 8864 8765 9048 8820 8311 8118 7387 6898 6064 5287 4405 3415 2493 1512 498 
703 2186 3643 4939 6073 7023 8165 8980 9560 9851 9945 10135 10285 10124 9634 9071 8611 7725 7004 5963 5068 3912 2907 1768 645 
852 2410 4132 5504 6998 8120 9172 9837 10776 11161 11322 11427 11265 11247 10638 10183 9628 8771 8050 6777 5585 4390 3252 1999 672 
866 2593 4442 5981 7540 8659 10178 10978 11737 12161 12341 12489 12626 12156 11823 11282 10496 9680 8722 7507 6156 4899 3483 2107 693 
987 2901 4822 6646 8212 9843 10943 12040 12866 13314 13798 13816 13669 13472 13062 12499 11886 10725 9569 8342 7008 5494 3890 2474 876 
1080 3206 5249 7242 9114 10750 12198 12870 13681 14590 14817 15053 15008 14972 14298 13636 12819 11541 10177 9054 7586 6026 4350 2633 936 
1226 3520 5603 7821 9892 11511 12937 14233 15171 15901 16160 16317 16308 16241 15575 14982 13986 12978 11545 9905 8278 6461 4703 2898 995 
1278 3783 6062 8318 10451 12484 14057 15172 16240 16933 17716 17893 17729 17498 16906 15942 15040 13599 12240 10944 9083 7076 5140 3052 1059 
1308 3855 6411 8900 11186 12977 14867 16520 17575 18538 18982 19174 19194 18800 18081 17088 16246 14652 13226 11286 9529 7552 5406 3305 1122 
1483 4265 7084 9592 11826 14237 16190 17491 18815 19755 20213 20665 20421 20404 19468 18565 17382 15425 14317 12407 10342 8164 5769 3565 1181 
115 360 538 786 972 1110 1215 1313 1437 1487 1548 1609 1555 1499 1467 1320 1293 1192 1046 897 788 590 422 284 87 
327 908 1413 1930 2368 2720 3073 3405 3506 3837 3869 3954 3936 3726 3676 3519 3203 3006 2664 2286 1889 1538 1114 679 245 
388 1094 1749 2513 3133 3631 4136 4495 4760 4841 5131 5090 5165 4901 4765 4520 4134 3804 3413 2999 2501 1899 1385 850 292 
453 1383 2273 3099 3856 4472 4875 5669 5897 6079 6215 6287 6349 6105 5883 5385 5089 4747 4227 3713 2996 2465 1734 1090 359 
560 1663 2659 3642 4538 5458 6131 6617 7069 7377 7513 7662 7452 7364 7105 6843 6250 5699 5047 4239 3689 2860 1945 1255 401 
652 1872 3135 4349 5365 6267 7037 7847 8151 8566 8867 8688 8637 8501 8249 7893 7265 6688 5839 5094 4287 3439 2558 1539 525 
784 2281 3636 5002 6074 7129 8064 8725 9400 9727 10004 10037 9959 9874 9411 8843 8254 7611 6745 6000 4866 3966 2762 1702 554 
845 2434 4090 5703 6926 8150 9321 10041 10540 11014 11262 11346 11416 11050 10720 9976 9585 8730 7715 6803 5547 4277 3157 1981 698 
952 2766 4539 6078 7671 9035 10286 11088 11870 12449 12725 12833 12713 12443 11863 11190 10753 9666 8744 7415 6252 4909 3576 2265 700 
1001 2945 4902 6819 8373 9941 11131 12162 13093 13652 13827 13914 13917 13787 13033 12627 11798 10731 9715 8232 6942 5550 3985 2370 850 
1114 3468 5564 7261 9203 10992 12400 13223 14330 14987 15243 15511 15493 15151 14611 13808 12853 11676 10618 9119 7678 6030 4492 2636 879 
1173 3564 5827 8102 10006 11653 13400 14500 15392 16339 16730 16684 16871 16542 15843 14967 14076 12857 11661 10182 8429 6728 4788 2823 944 
1367 3876 6213 8689 10975 12820 14362 15741 16948 17631 18180 18555 18388 17793 17401 16522 15461 14058 12449 10835 9071 7325 5205 3251 1121 
1396 4220 6738 9257 11525 13522 15402 16856 18147 18928 19600 19848 19687 19451 18671 17808 17056 15112 13734 11951 9864 7640 5550 3447 1210 
1520 4365 7471 9870 12359 14555 16477 18086 19553 20280 20772 21153 20761 20794 20409 18896 17886 16145 14591 12591 10731 8494 6150 3657 1217 
1515 4668 7735 10677 13278 15562 17900 19526 20717 21847 22239 22497 22671 22381 21667 20782 19114 17635 15733 13665 11190 9074 6653 3907 1353 
100 374 588 807 964 1157 1220 1367 1429 1566 1550 1588 1665 1611 1462 1417 1354 1258 1100 952 796 643 446 269 99 
350 934 1477 2050 2463 3006 3253 3424 3813 4118 4128 4218 3992 4000 3820 3756 3399 3211 2760 2387 2015 1645 1081 699 240 
348 1175 1906 2655 3290 3741 4329 4732 4949 5166 5284 5419 5182 5142 4903 4732 4500 3927 3474 3112 2631 2066 1479 890 296 
490 1463 2390 3131 4037 4595 5240 5815 6151 6432 6510 6520 6528 6568 6130 5816 5405 4882 4395 3828 3125 2489 1868 1059 331 
610 1707 2823 3815 4866 5576 6391 6789 7299 7738 7736 7841 8046 7747 7459 6907 6498 5982 5184 4529 3759 3030 2225 1377 469 
657 2051 3304 4567 5665 6753 7485 8263 8694 8888 9193 9232 9207 8952 8652 8071 7781 6917 6120 5273 4419 3528 2695 1516 483 
795 2327 3803 5055 6356 7465 8390 9353 10075 10260 10273 10450 10501 10214 9878 9360 8665 7910 6966 6178 5208 4106 3001 1740 581 
869 2587 4346 5821 7168 8495 9535 10602 10853 11756 11809 12005 11746 11646 11212 10386 9837 9240 8098 7101 5948 4706 3271 2070 684 
909 2892 4705 6434 7931 9614 10686 11695 12284 12792 13140 13196 12974 12794 12285 11687 10973 10040 9156 7993 6573 5241 3822 2260 823 
1114 3263 5155 7060 8828 10301 11675 12634 13585 13918 14430 14585 14631 14539 13742 13331 12266 11289 9780 8639 7609 5810 4235 2581 871 
1108 3611 5591 7731 9446 11503 12646 13984 14940 15729 16054 16328 16048 15733 15305 14668 13646 12504 11003 9521 8202 6382 4547 2778 1005 
1250 3749 6238 8614 10619 12379 13709 15001 16217 17025 17601 17759 17492 16965 16660 15763 15055 13661 12114 10631 8848 6980 5196 3136 1079 
1410 4008 6666 9046 11401 13224 15162 16743 17673 18222 18986 19292 19011 18682 18208 17332 16029 14816 13421 11495 9664 7645 5368 3313 1098 
1514 4391 7245 9895 11946 14269 16294 17675 18812 19869 20586 20728 20477 20223 19265 18755 17472 15868 14444 12422 10589 7908 5956 3489 1135 
1587 4703 7654 10607 12947 15350 17652 19042 20360 21250 21710 21960 21978 21842 21088 19869 18923 17172 15531 13557 11174 8779 6339 3835 1321 
1740 4867 8037 11150 13928 16353 18479 20455 21483 22912 23285 23332 23537 23284 22272 21529 19964 18360 16343 14336 11887 9543 6834 4127 1356 

