50000
50000
50000
50 16 25
2.000  12.000 0.200 
0.900  4.100  0.200 
0.000  1.000  0.040 
0 0 0 0 0 0 0 0 0 0 0 0 0 0 0 0 0 0 0 0 0 0 0 0 0 
0 0 0 0 0 0 0 0 0 0 0 0 0 0 0 0 0 0 0 0 0 0 0 0 0 
0 0 0 0 0 0 0 0 0 1 1 0 0 1 0 0 0 0 0 0 1 0 0 0 0 
1 0 0 0 0 0 0 0 0 1 1 1 0 1 2 0 0 0 0 0 0 0 0 0 0 
0 0 0 0 0 0 1 0 0 1 0 0 1 0 0 0 0 0 0 0 0 0 0 0 0 
0 0 0 0 0 0 1 1 1 1 0 1 0 1 0 1 1 0 0 0 0 0 0 0 0 
0 0 1 0 0 0 1 0 0 0 0 0 0 1 0 2 0 0 0 0 0 0 0 0 0 
0 0 0 0 0 0 1 0 1 0 1 3 0 0 3 3 0 1 0 1 1 1 0 0 0 
0 0 0 0 0 1 1 0 1 1 3 2 1 1 1 1 0 0 1 0 0 0 0 0 0 
0 0 0 0 0 0 1 4 0 1 0 0 0 1 0 0 0 0 1 0 0 0 0 0 0 
0 0 0 0 0 0 1 2 1 1 0 1 0 2 2 0 1 0 0 1 1 0 0 0 0 
0 0 1 1 0 1 0 1 0 2 1 0 0 2 2 1 0 0 1 3 0 1 0 0 0 
0 0 0 1 2 0 0 0 2 2 0 3 3 0 2 0 1 1 2 0 1 0 1 0 0 
0 0 0 0 0 0 1 1 2 2 2 2 2 2 1 1 1 2 3 1 2 1 1 1 0 
0 0 0 1 2 0 0 0 2 1 2 4 2 0 3 3 1 1 3 1 1 1 1 0 0 
0 0 0 0 3 2 0 2 2 1 2 0 1 3 1 1 4 2 3 1 0 0 1 0 0 
0 0 0 0 1 0 0 0 0 0 0 0 0 0 0 0 0 0 0 0 0 0 0 0 0 
0 0 0 0 1 0 0 0 0 0 0 1 0 0 0 1 1 1 0 0 0 0 0 0 0 
0 0 0 0 0 0 0 1 0 0 0 1 0 2 0 1 0 0 0 0 0 0 0 0 0 
0 1 0 0 0 0 0 0 0 0 0 1 0 1 0 0 0 1 1 0 0 1 1 1 0 
0 0 0 0 1 1 1 1 2 0 2 0 0 0 1 0 0 4 0 1 1 0 1 0 0 
0 0 0 0 1 1 1 0 0 0 2 0 0 1 3 0 1 0 1 0 0 0 1 0 0 
0 0 0 0 1 0 0 0 0 0 0 1 1 0 0 0 0 0 0 0 0 1 1 0 1 
0 0 0 0 2 0 1 3 2 1 3 6 2 2 2 0 2 1 2 0 1 2 0 0 0 
1 2 0 1 2 1 0 0 2 3 3 2 1 2 4 0 1 1 4 1 0 2 0 0 0 
0 1 1 0 1 1 0 1 2 1 1 0 2 2 3 4 2 2 1 1 1 0 0 0 0 
0 2 0 0 0 3 0 2 4 2 2 2 0 0 0 1 2 4 1 1 0 0 2 0 0 
1 0 2 1 3 3 1 2 3 0 3 5 3 3 2 2 0 2 2 0 2 1 0 2 1 
0 0 1 1 1 2 3 2 0 3 3 6 2 2 3 2 1 1 2 3 1 1 0 0 1 
0 0 2 0 3 1 2 2 2 2 6 4 3 4 6 1 2 2 2 2 1 2 0 0 0 
0 0 0 1 1 2 2 3 3 4 3 4 3 4 5 4 1 1 2 2 0 0 0 0 1 
0 2 0 2 0 5 1 1 6 5 5 0 6 5 5 6 0 0 1 6 1 5 1 2 0 
0 0 0 0 0 0 0 0 0 1 1 0 0 0 0 0 0 0 1 0 0 0 0 0 0 
0 0 0 0 2 1 0 1 1 2 2 1 0 0 0 2 1 0 1 1 0 0 0 0 0 
0 0 0 0 0 0 0 1 2 0 1 0 1 1 1 1 0 0 1 0 0 0 1 0 0 
0 0 0 0 0 0 0 0 1 0 0 2 4 0 1 2 0 0 0 1 0 0 1 0 0 
0 0 0 2 0 2 1 3 2 1 1 1 2 3 0 0 2 1 0 0 1 0 0 0 0 
0 0 0 1 1 1 2 2 2 1 0 1 0 3 2 1 1 0 0 1 1 0 0 1 0 
0 0 0 2 0 1 1 3 1 0 0 2 1 1 6 1 0 2 1 1 2 1 0 0 0 
0 1 0 1 1 2 0 4 1 3 2 2 0 1 2 4 3 5 0 1 1 0 0 0 1 
0 1 0 0 0 1 2 6 1 0 1 2 2 2 6 2 2 1 1 1 1 1 1 1 0 
0 0 1 1 0 1 0 4 2 4 2 1 3 0 1 2 1 0 1 3 3 0 2 0 0 
0 1 2 2 1 4 4 5 4 0 3 1 7 5 2 1 3 0 0 0 3 0 1 1 0 
0 0 1 2 0 3 2 1 2 5 3 2 1 3 9 3 5 5 3 0 1 0 2 0 1 
1 0 1 1 2 1 2 2 2 3 3 1 3 1 1 2 5 5 3 1 3 0 0 1 0 
0 1 1 2 3 1 3 4 7 2 4 7 5 1 4 4 3 1 5 4 2 0 1 2 0 
0 2 0 3 0 3 5 3 2 1 2 7 3 9 3 1 5 4 2 1 0 0 0 2 0 
0 1 1 1 1 8 6 4 3 8 6 5 4 1 4 5 5 2 4 2 5 0 2 0 1 
0 0 0 0 0 0 0 1 0 0 1 1 0 0 1 0 0 0 0 0 0 0 0 0 0 
0 1 0 0 0 1 1 2 0 0 0 1 0 0 0 0 0 0 0 0 0 0 1 0 0 
0 0 0 0 0 0 0 1 1 0 1 0 0 1 1 0 0 0 2 2 0 0 0 0 0 
0 0 1 2 1 2 0 0 1 1 1 4 2 2 3 2 2 1 1 0 0 1 0 0 0 
0 0 0 0 0 1 0 1 4 2 7 3 2 2 1 1 0 0 1 0 0 2 1 1 0 
0 0 0 0 0 0 2 3 1 4 2 2 1 4 1 4 2 0 1 3 1 1 0 0 1 
0 1 0 3 1 3 2 2 1 1 6 3 0 3 3 1 1 2 1 0 1 2 2 1 1 
0 0 0 2 0 2 1 2 4 1 0 3 3 6 3 2 2 3 0 2 2 0 0 0 0 
0 1 1 0 1 1 6 2 4 2 6 5 0 0 3 1 1 3 8 2 4 0 1 0 0 
1 1 1 1 2 0 3 3 4 1 6 5 7 2 3 5 3 2 3 4 0 2 0 1 0 
1 0 2 3 1 2 1 3 0 5 5 5 4 2 4 6 4 3 2 2 1 5 2 2 0 
2 1 3 1 1 7 2 4 4 5 5 8 4 7 6 6 5 4 4 1 3 2 0 2 2 
0 0 0 5 6 4 4 7 5 4 3 2 8 6 8 5 6 6 6 1 2 1 0 1 0 
0 1 0 1 6 4 5 7 8 10 11 5 7 4 7 7 9 7 7 3 0 2 2 2 0 
0 2 4 1 2 5 4 3 7 4 8 2 11 6 7 7 5 10 5 2 4 1 1 0 1 
1 1 4 2 2 9 4 8 10 7 9 11 8 6 12 15 4 4 5 4 7 1 2 2 0 
0 0 0 0 2 0 0 0 0 1 0 0 0 0 0 2 1 0 0 1 0 0 1 0 0 
0 0 0 0 0 1 1 0 3 1 2 2 1 2 1 1 1 0 1 0 1 0 0 0 0 
0 0 2 0 2 0 0 3 3 1 3 1 1 2 2 1 2 1 0 2 0 0 0 2 0 
0 0 2 0 2 0 3 0 2 1 2 1 1 4 2 2 1 1 0 3 0 2 0 1 0 
0 0 3 0 2 3 2 3 1 2 5 1 6 1 3 2 2 2 2 2 1 1 1 0 0 
0 2 0 0 2 2 2 3 6 1 0 3 5 3 5 3 2 2 2 1 1 1 0 0 0 
0 0 1 3 1 1 4 1 5 4 4 4 4 4 4 7 1 3 3 1 3 2 0 3 0 
1 3 0 1 1 3 4 5 1 6 8 3 3 5 2 3 4 3 2 3 0 2 2 1 1 
0 1 1 3 4 1 5 5 5 4 4 5 4 8 4 6 2 3 6 7 5 2 3 0 0 
0 1 2 3 4 5 6 4 9 5 4 6 6 1 3 9 5 4 0 3 1 2 0 0 0 
0 0 1 3 2 5 1 3 2 5 10 9 5 4 10 7 4 5 1 8 5 2 2 2 0 
1 2 2 3 5 4 2 4 4 5 9 5 7 7 9 5 6 7 4 2 4 1 5 0 0 
2 3 2 4 6 5 6 21 3 8 13 9 10 8 15 6 9 4 3 7 9 5 3 1 2 
0 2 1 7 1 3 5 5 11 10 5 14 8 13 9 4 10 14 7 5 6 2 1 0 1 
0 1 2 2 7 6 8 8 14 15 9 6 7 12 13 8 8 13 5 5 7 5 0 2 2 
1 2 3 8 3 6 10 3 13 13 8 17 12 15 8 5 11 11 6 2 7 5 3 0 2 
0 0 0 0 1 1 0 0 0 0 0 0 0 1 0 0 1 0 0 0 0 0 0 0 0 
1 0 1 1 0 2 0 0 1 1 0 1 3 1 2 0 1 1 1 1 0 0 0 1 0 
0 0 0 0 0 0 0 1 2 3 5 0 1 0 1 2 2 0 1 0 0 1 2 1 0 
0 0 0 1 2 1 4 1 1 1 0 2 2 2 0 3 1 1 2 0 2 1 1 2 2 
0 0 0 0 1 1 0 1 1 2 1 3 3 2 2 5 6 2 4 3 4 1 2 0 2 
0 0 0 2 3 2 1 5 2 5 4 3 6 2 2 2 3 5 4 2 2 3 3 0 0 
1 0 0 0 2 4 4 1 4 3 5 3 4 6 4 1 2 3 1 3 2 1 1 0 0 
1 3 3 0 2 5 4 1 3 4 1 3 3 7 1 5 2 4 5 4 3 3 2 3 2 
4 3 1 6 5 4 4 5 7 6 2 4 6 5 4 4 4 11 0 1 2 1 1 0 0 
1 2 5 2 5 3 2 2 10 5 5 3 6 6 6 7 3 7 7 7 1 5 3 3 1 
0 2 2 6 2 6 4 4 3 8 3 1 10 3 9 11 8 4 3 3 6 9 2 0 1 
0 0 2 3 4 6 6 8 5 7 11 10 11 9 11 7 6 9 6 6 5 10 1 0 0 
3 5 3 5 2 11 3 14 10 10 7 7 13 14 13 7 11 11 6 4 6 6 1 2 2 
0 0 3 1 13 8 8 8 13 14 13 13 14 20 16 12 9 13 12 12 5 4 4 1 0 
1 4 7 4 5 5 10 6 19 15 12 11 6 15 10 16 21 11 7 8 8 8 3 4 3 
1 1 13 9 6 9 16 16 14 19 11 10 12 11 22 12 10 6 11 9 8 7 5 1 0 
0 0 0 0 2 0 1 2 0 0 1 1 0 0 2 0 2 0 1 1 1 0 0 0 0 
1 0 1 4 4 1 1 1 0 0 2 3 0 2 4 1 1 3 1 0 1 0 1 0 0 
1 0 0 1 1 2 1 3 2 0 7 3 3 4 2 3 2 3 1 2 1 0 2 1 0 
0 0 1 0 1 5 1 3 7 3 2 2 5 4 3 4 6 7 1 6 1 0 2 0 0 
0 1 0 2 6 1 5 3 4 3 2 3 3 3 5 7 3 0 1 3 0 7 1 0 0 
0 0 2 1 4 5 4 4 3 3 3 2 7 9 10 8 4 0 2 2 4 4 0 2 1 
0 1 2 3 6 5 7 7 7 5 3 5 10 7 7 3 8 3 8 4 2 3 2 1 1 
1 2 0 6 3 7 5 11 8 10 7 7 8 8 2 12 7 5 3 7 6 2 5 0 0 
0 2 2 2 2 2 10 10 11 9 8 6 6 13 6 7 10 8 7 7 4 6 5 1 0 
0 2 5 5 2 6 7 5 6 7 5 12 8 9 11 11 6 7 9 8 4 5 4 3 2 
1 2 6 4 8 7 11 9 15 6 18 19 16 13 12 14 17 16 8 10 8 5 5 2 1 
1 5 5 9 6 5 9 10 10 17 13 13 17 16 14 16 15 16 9 11 7 6 6 3 3 
0 3 8 6 11 7 10 17 14 21 20 9 18 15 12 14 15 12 13 7 9 4 7 3 4 
0 4 3 8 12 19 19 18 12 11 20 30 19 18 15 19 10 5 8 12 9 6 4 3 1 
2 6 8 11 12 12 18 13 15 23 14 33 17 22 19 11 17 10 12 17 9 7 5 6 1 
2 3 8 6 14 15 15 22 15 20 29 21 31 19 23 28 22 15 16 9 12 6 6 7 1 
1 1 0 0 1 0 0 1 5 1 2 1 0 1 1 1 0 0 0 0 0 0 0 0 0 
0 0 0 2 2 0 3 4 4 3 2 3 1 0 7 3 2 2 4 1 2 2 0 0 0 
0 0 2 1 4 2 1 2 5 8 5 6 2 6 0 3 3 5 4 1 0 1 3 1 0 
0 1 1 1 1 5 0 4 7 5 5 3 5 3 7 4 3 5 1 4 3 1 3 0 0 
0 0 4 0 3 7 4 5 2 7 5 10 4 4 5 8 3 9 2 6 2 1 0 1 0 
0 0 2 5 5 2 6 5 6 8 11 9 3 3 5 6 10 4 2 3 1 4 1 1 0 
0 3 1 5 7 5 6 7 4 10 8 6 11 10 9 7 9 6 7 6 3 3 3 1 1 
1 2 3 4 4 4 9 4 8 11 6 9 10 7 4 8 6 7 3 4 4 3 2 0 0 
0 3 1 4 6 15 7 12 8 9 12 11 10 10 17 14 9 15 13 11 9 7 6 3 0 
1 0 2 7 1 8 11 7 12 13 12 7 13 6 12 18 12 16 7 2 6 8 2 1 0 
2 2 5 7 11 8 8 15 11 14 14 18 20 16 16 13 14 8 9 12 10 6 8 6 0 
0 1 4 7 4 17 17 15 20 14 17 12 18 15 12 15 8 14 8 9 14 4 3 4 0 
0 2 8 9 11 15 15 14 16 16 18 17 27 24 22 21 18 14 12 13 8 12 9 5 1 
0 8 11 10 8 9 17 14 17 27 29 11 30 29 16 20 28 20 21 14 19 10 3 3 0 
0 6 9 9 10 14 12 26 20 32 35 21 27 24 23 25 22 14 23 16 15 9 12 5 0 
3 4 7 19 12 19 21 20 20 27 25 17 17 37 27 20 31 22 20 20 20 9 4 6 3 
0 0 0 0 0 1 1 1 0 1 0 1 2 2 1 0 0 0 0 1 3 2 0 1 0 
0 1 1 3 4 0 2 1 4 6 2 4 5 1 3 1 2 4 4 1 1 1 2 2 0 
0 0 1 0 2 7 6 3 3 13 5 2 5 4 6 5 5 9 0 2 1 2 0 0 0 
2 0 5 1 1 2 2 7 4 8 9 7 1 9 6 7 6 6 5 12 4 3 3 1 0 
0 0 0 0 3 3 3 5 6 10 11 14 5 6 9 8 15 7 8 4 3 1 2 0 0 
2 2 6 6 3 8 12 8 5 14 5 8 18 8 16 7 8 8 4 8 7 2 4 4 0 
2 3 4 0 12 9 13 7 13 12 9 10 9 15 8 14 11 9 8 7 6 4 8 3 0 
0 1 2 15 6 13 12 13 15 13 10 11 19 15 14 11 8 6 16 10 6 4 3 3 1 
1 3 6 8 11 10 10 12 15 20 10 15 21 14 22 19 16 14 10 7 8 6 7 4 3 
0 2 4 7 7 13 19 14 16 26 25 22 15 18 14 18 14 19 14 11 12 8 11 5 0 
1 9 4 12 11 10 17 15 21 16 14 18 21 20 16 21 16 15 15 17 18 9 7 4 0 
1 6 7 12 13 10 23 21 20 30 23 19 19 23 26 23 27 16 7 16 13 6 7 6 3 
2 4 8 13 13 26 21 20 18 21 23 21 33 29 20 19 17 21 18 16 16 10 8 7 1 
5 8 9 10 21 20 20 28 37 25 31 32 28 27 33 19 30 14 29 15 21 13 5 5 2 
1 13 10 20 20 11 26 25 19 30 35 40 28 34 25 34 24 28 26 29 17 16 8 6 1 
1 7 14 11 20 19 19 20 33 29 29 42 29 38 41 33 30 23 26 23 21 21 11 4 3 
0 1 1 0 1 1 0 1 4 3 0 2 3 2 1 3 1 0 1 0 1 0 0 1 0 
1 0 1 2 4 4 3 4 3 3 3 5 5 5 6 4 6 1 3 1 4 3 1 0 1 
0 0 2 3 1 4 8 3 4 15 8 9 2 8 9 4 9 5 2 6 3 2 2 0 1 
1 0 3 6 1 6 6 9 10 4 4 4 5 10 5 9 5 7 7 2 7 2 0 0 1 
2 2 2 3 4 7 11 5 5 4 3 9 10 9 7 7 9 7 9 5 7 1 5 4 2 
1 0 2 3 9 8 13 11 8 13 12 14 9 12 9 13 7 8 8 7 6 3 2 3 0 
1 5 5 5 10 8 9 13 9 17 9 12 15 12 8 24 13 11 8 17 7 5 1 3 1 
1 2 5 7 6 11 10 14 12 14 18 15 19 23 18 12 7 16 9 14 9 9 5 4 1 
1 1 7 4 13 8 23 10 23 24 25 23 23 13 24 17 20 17 15 13 8 10 2 3 1 
3 8 4 13 14 11 20 24 17 23 28 25 25 19 22 29 21 12 24 13 15 9 7 1 2 
2 3 5 19 14 12 15 24 19 21 17 32 19 25 30 26 27 28 24 20 11 8 7 4 4 
3 3 7 14 17 26 24 28 29 16 30 27 33 34 33 24 27 24 23 19 14 12 9 10 4 
4 8 9 10 21 15 21 33 39 33 37 29 48 34 37 30 24 31 25 23 21 15 12 4 1 
2 2 10 21 21 26 31 27 40 38 43 36 36 37 36 43 35 32 24 19 23 16 9 6 0 
2 6 14 10 30 45 27 32 38 38 32 41 36 50 43 46 46 33 41 36 17 17 21 8 4 
4 8 9 22 20 29 35 41 43 48 37 41 35 42 37 47 43 42 29 26 24 23 13 11 3 
0 0 1 1 0 4 4 4 1 5 0 0 5 1 1 2 4 2 3 2 1 1 0 0 0 
0 2 1 1 6 2 1 4 8 8 5 1 7 5 4 5 6 6 1 5 6 0 1 1 1 
0 3 5 1 6 2 10 2 4 13 6 5 11 12 12 3 5 11 5 6 2 2 1 1 0 
1 1 0 6 3 5 6 7 4 7 7 7 11 16 6 7 8 10 11 6 7 7 3 4 1 
1 3 1 7 11 9 15 11 15 14 17 19 9 10 11 10 12 11 5 17 13 7 4 5 1 
2 2 6 4 9 6 10 20 11 19 15 14 15 11 19 13 17 11 11 13 7 11 6 5 0 
1 2 11 8 13 10 11 12 14 17 16 19 23 16 14 16 14 17 12 9 8 9 5 6 1 
1 3 4 9 16 13 17 16 19 22 20 14 27 13 23 17 19 14 17 13 11 10 9 4 0 
2 7 9 23 14 22 20 20 16 29 27 26 30 27 16 26 22 37 28 13 12 9 12 6 0 
3 11 12 17 14 21 15 23 19 31 26 18 28 23 31 28 27 19 25 10 16 10 10 8 2 
2 7 11 11 17 21 20 22 26 33 26 29 33 25 30 43 29 24 29 26 25 11 16 9 1 
2 9 12 14 23 38 26 33 31 32 35 47 37 36 41 36 31 25 30 24 24 17 14 6 0 
0 11 14 26 25 38 35 45 36 30 37 25 39 39 40 44 44 26 26 28 23 23 11 9 1 
2 14 13 17 17 26 32 44 46 46 31 43 37 51 43 44 50 54 31 27 28 18 16 9 2 
6 14 13 31 36 37 33 42 51 53 46 54 46 62 54 55 37 47 37 42 34 33 15 9 1 
1 19 19 23 34 33 42 60 52 62 54 75 64 58 77 54 64 57 44 40 37 24 17 11 3 
0 0 0 0 1 3 2 3 9 3 2 3 1 7 4 1 1 2 2 2 1 0 1 0 1 
0 3 1 6 5 4 3 8 9 9 12 12 8 7 7 8 9 7 4 3 2 3 3 1 0 
0 2 4 10 6 5 5 13 17 14 11 11 9 8 8 6 11 9 2 9 11 5 1 1 0 
1 3 5 6 10 10 13 10 12 8 10 13 16 15 8 14 14 5 12 7 10 4 6 0 1 
0 3 4 6 7 11 11 10 15 10 13 15 19 22 15 13 14 18 10 8 7 5 4 4 2 
1 3 3 11 16 10 11 22 20 25 19 23 23 24 22 23 16 20 19 11 12 9 4 5 1 
1 5 9 6 9 19 16 26 22 23 18 16 25 21 22 21 29 19 7 17 9 10 5 7 3 
0 2 15 16 18 16 21 23 25 26 30 31 35 24 34 39 30 27 14 17 15 12 6 7 1 
1 7 7 15 20 21 26 31 19 34 30 39 38 34 29 36 24 17 15 13 21 14 10 7 3 
3 7 12 16 25 25 41 37 36 41 36 30 32 37 35 24 33 23 35 25 26 21 9 6 1 
3 7 15 16 19 27 41 42 39 40 42 40 51 36 46 42 42 37 30 26 21 16 18 6 7 
7 8 13 18 18 30 28 47 36 41 56 53 52 40 54 48 65 35 33 26 24 30 16 9 1 
2 10 18 25 22 28 38 50 42 54 57 65 64 62 56 59 46 41 40 28 30 30 16 16 0 
5 15 20 24 33 44 46 55 56 67 56 52 62 65 67 43 57 48 44 44 42 26 23 9 4 
2 11 25 34 42 30 76 58 69 68 65 54 74 69 79 68 58 60 50 52 35 18 28 17 7 
10 12 23 31 26 57 65 52 78 71 83 83 72 55 67 75 81 63 60 46 39 36 28 14 5 
0 0 0 0 2 1 1 6 3 8 3 8 6 8 2 3 4 2 3 2 1 0 2 1 1 
2 3 5 9 7 7 7 11 11 6 12 6 10 11 9 6 10 9 5 5 3 4 2 1 1 
2 1 3 3 7 17 9 12 13 11 10 20 9 13 5 9 14 13 9 9 11 6 2 0 1 
2 4 3 5 9 8 19 13 17 14 9 20 16 13 14 12 14 12 7 16 10 6 5 1 1 
2 5 5 8 13 9 19 13 19 23 18 18 24 21 27 19 18 15 15 16 9 3 8 6 1 
4 2 5 11 16 15 12 19 26 27 18 30 21 26 26 23 19 27 22 10 13 9 6 4 2 
1 5 7 16 20 18 27 22 28 29 31 33 39 34 18 34 25 31 20 23 23 11 11 11 1 
1 6 19 16 14 23 31 31 32 42 36 42 28 29 43 31 31 44 30 23 22 17 10 5 1 
1 6 10 23 27 19 29 25 29 38 42 46 44 39 41 38 47 39 34 19 26 18 16 10 1 
4 14 13 19 34 32 49 43 40 44 44 41 49 45 44 54 36 40 36 32 24 19 17 12 1 
5 4 12 33 31 49 41 45 43 57 58 58 70 70 69 54 54 58 55 31 27 30 17 13 3 
8 16 19 27 36 44 52 59 51 71 70 82 75 68 61 54 53 41 42 42 36 25 16 10 3 
5 8 26 31 33 60 49 68 84 74 65 68 64 63 61 69 72 60 46 44 32 36 22 14 8 
5 15 26 36 45 54 63 67 71 76 77 82 84 89 69 69 72 82 55 52 42 38 26 6 5 
2 21 39 36 50 69 64 67 64 96 100 90 98 82 84 74 65 62 56 51 56 32 31 18 9 
7 15 30 36 63 47 74 79 76 74 96 83 88 80 83 95 97 87 75 65 51 42 29 19 3 
0 4 2 1 1 2 2 3 4 2 3 4 4 6 4 4 2 4 3 5 1 3 2 1 0 
2 1 4 2 3 9 10 7 12 14 10 11 20 10 8 15 15 11 11 6 8 9 1 1 0 
0 3 3 6 5 9 12 16 10 11 12 10 16 23 19 13 11 10 10 11 6 5 3 5 0 
2 3 6 11 12 11 27 15 10 25 28 22 15 19 23 16 15 19 18 6 11 9 10 1 0 
4 8 4 11 17 19 19 27 24 26 19 23 31 32 15 21 26 15 21 18 20 13 4 5 0 
1 8 11 14 15 22 27 27 31 26 34 22 29 39 34 34 26 22 24 16 10 15 12 7 2 
0 5 17 14 22 21 23 32 32 22 40 37 41 45 36 51 40 39 24 22 16 16 15 10 3 
3 9 11 19 21 34 30 42 40 46 41 45 48 37 41 40 38 38 34 18 28 19 18 9 2 
1 11 20 24 24 33 43 46 47 59 55 46 53 39 54 50 50 34 43 40 26 18 21 12 1 
1 11 24 21 32 56 59 45 35 50 61 69 52 50 55 60 49 58 37 36 26 20 17 9 7 
4 16 16 25 28 50 43 57 56 58 64 84 70 67 67 71 57 50 59 47 37 28 17 8 6 
9 16 31 34 45 48 66 58 68 72 68 78 82 66 71 84 54 63 58 51 40 36 23 11 6 
6 17 23 29 58 56 66 60 80 66 112 75 102 86 72 95 74 78 68 52 41 42 27 16 8 
4 25 31 40 48 61 65 105 69 86 103 106 94 87 95 103 72 70 67 55 52 40 22 19 4 
10 14 31 46 67 73 62 108 90 94 98 142 115 95 91 98 82 90 73 73 58 50 42 28 4 
7 24 30 44 83 70 85 104 112 97 123 142 107 111 122 119 114 81 82 78 71 47 32 22 7 
0 0 1 0 5 5 10 5 6 8 5 4 6 2 3 4 5 4 3 3 5 4 2 2 0 
0 6 2 6 5 11 10 13 20 15 16 13 15 10 9 19 9 10 9 6 2 5 4 2 0 
3 3 3 9 11 13 11 13 18 10 20 14 22 31 21 15 18 12 7 10 11 8 5 2 0 
2 4 9 11 11 8 12 22 18 24 25 25 13 28 19 21 15 16 14 10 12 13 9 3 3 
0 3 12 10 17 23 25 40 25 40 37 35 30 24 40 30 40 24 23 24 15 11 11 4 1 
2 13 9 15 16 21 26 26 33 41 33 40 34 36 42 38 39 37 24 29 17 22 15 5 1 
2 5 10 14 14 31 34 40 37 30 43 39 37 46 40 47 38 34 28 27 21 19 11 9 2 
3 8 18 17 24 38 41 48 53 39 41 51 60 63 60 51 55 51 32 38 34 17 15 13 4 
5 13 24 35 38 51 53 46 64 70 50 69 64 64 58 50 64 44 48 48 36 24 19 8 3 
1 14 21 37 41 45 49 67 71 62 79 67 67 76 66 66 73 61 45 46 41 26 27 16 8 
2 19 23 34 36 57 73 63 75 94 70 64 87 86 81 98 82 74 56 47 45 34 31 12 3 
4 19 28 50 43 56 78 73 75 75 88 80 89 95 96 90 63 68 72 63 46 34 23 16 0 
7 21 29 51 75 62 73 89 97 102 88 108 123 109 92 104 113 86 73 65 60 48 31 17 12 
4 20 30 50 55 92 99 117 105 122 136 106 121 106 124 103 105 97 85 61 59 56 35 22 4 
11 34 43 57 65 84 75 121 102 116 134 83 144 131 127 105 108 117 92 82 61 54 38 33 9 
6 26 44 58 80 92 115 123 147 130 144 178 131 148 153 129 128 126 120 82 69 62 50 21 7 
0 1 1 2 6 5 9 7 11 3 3 4 6 2 3 10 9 3 4 3 5 8 0 3 1 
2 3 11 4 13 9 11 11 18 17 14 21 14 19 17 20 20 13 17 12 15 14 4 4 1 
1 2 6 7 13 20 13 25 15 17 21 24 26 21 27 22 21 20 18 13 10 6 8 2 2 
4 4 5 17 16 14 23 20 19 28 30 26 32 38 15 24 26 33 22 17 14 11 5 4 1 
1 7 12 18 20 32 32 39 35 28 33 37 44 32 33 33 29 27 19 24 21 14 9 3 5 
7 15 20 26 27 31 27 43 46 35 42 33 41 57 34 41 48 51 37 37 29 16 13 5 2 
4 12 15 24 36 25 29 40 46 46 66 52 55 66 51 59 39 57 37 31 25 28 17 3 4 
2 13 24 29 40 49 46 52 67 64 71 61 71 58 59 68 63 47 45 40 33 30 29 10 3 
3 8 20 28 42 52 65 64 74 67 69 64 67 82 81 75 70 71 70 42 48 40 28 18 1 
7 11 27 50 56 54 67 64 75 76 67 69 95 96 64 78 78 65 68 54 45 35 37 20 3 
2 18 41 39 55 71 79 91 95 111 92 98 110 105 110 91 98 90 86 68 51 45 32 11 6 
4 21 35 41 58 77 97 83 97 104 112 94 117 107 96 110 116 93 84 78 53 59 36 21 7 
5 29 43 59 82 84 87 92 123 126 130 126 126 133 136 124 119 100 88 81 64 55 50 30 8 
5 39 44 58 73 97 126 118 111 134 151 111 149 152 135 133 133 106 80 82 66 64 34 31 11 
10 34 58 69 100 114 130 142 146 154 160 156 164 155 154 134 151 154 107 101 99 78 53 39 6 
9 27 61 72 101 104 126 162 143 162 174 171 178 178 148 157 144 149 132 108 99 67 52 30 15 
0 2 1 6 3 12 3 10 7 7 7 8 10 7 5 10 6 4 1 3 5 6 4 2 1 
4 4 4 11 11 19 29 13 24 25 17 19 13 21 17 22 12 19 16 20 9 5 4 5 2 
2 4 15 15 21 17 23 23 21 19 25 30 29 25 30 22 20 23 27 21 18 14 10 5 3 
4 2 11 26 25 16 26 23 40 28 40 31 34 30 41 29 38 29 29 24 18 19 17 7 3 
2 9 9 9 28 31 35 33 35 39 38 40 42 49 39 42 42 54 29 24 27 23 14 9 2 
5 15 20 27 26 28 44 39 48 53 49 68 56 51 59 65 39 52 43 39 34 38 14 11 6 
6 7 19 42 44 46 57 45 58 69 75 76 57 64 68 71 52 54 42 41 31 30 21 14 8 
8 19 25 38 43 61 63 60 65 81 70 78 77 69 79 80 69 54 50 44 52 51 22 20 2 
5 27 28 35 54 58 81 81 70 90 94 104 115 93 93 91 82 82 72 71 54 44 32 23 7 
7 16 51 48 56 75 86 96 82 111 127 114 111 127 117 112 101 77 79 87 68 49 35 25 11 
11 22 47 64 57 65 95 103 121 125 110 131 135 146 127 128 121 98 88 80 79 58 47 26 10 
14 28 55 60 60 105 97 127 154 149 121 136 139 128 146 139 130 98 116 95 73 71 45 31 11 
11 32 59 82 97 98 122 150 136 143 175 190 163 172 152 149 145 143 136 105 98 73 57 34 13 
8 40 55 85 108 100 132 152 172 170 182 175 180 190 180 169 168 148 149 137 129 69 62 36 13 
19 39 67 107 100 129 153 152 173 191 194 206 206 201 202 184 184 162 136 149 108 88 58 38 13 
18 50 72 104 120 172 165 195 200 207 221 234 224 239 214 197 201 171 158 161 110 101 77 46 13 
1 2 4 4 7 9 8 8 8 12 11 8 6 9 11 6 8 8 9 9 5 8 1 7 0 
1 3 6 17 8 14 12 20 19 18 17 21 29 29 12 26 24 29 20 17 13 9 8 4 2 
1 8 12 12 26 14 15 32 26 29 35 28 33 29 39 40 18 28 28 13 14 14 10 4 3 
2 11 12 18 27 21 35 32 37 42 46 41 48 44 31 34 50 43 38 32 32 16 15 8 2 
1 12 21 21 32 36 42 38 47 46 47 65 58 52 54 47 56 52 46 27 30 21 19 4 0 
12 16 19 34 38 49 46 64 67 69 77 66 63 82 57 61 54 68 60 40 28 20 20 15 2 
4 14 26 38 51 53 56 66 68 79 69 79 87 85 56 83 63 74 66 33 41 35 18 11 7 
5 21 32 40 59 72 68 76 93 95 79 89 97 87 109 81 88 67 76 69 53 38 33 13 8 
9 19 38 42 76 86 67 74 102 111 125 122 107 94 95 95 90 76 81 62 57 50 30 19 7 
3 24 31 50 82 94 107 111 94 114 117 122 126 123 124 107 103 125 87 108 67 54 41 19 4 
9 22 40 57 80 97 101 116 114 140 128 141 139 135 140 125 110 99 88 87 78 69 55 19 10 
13 31 51 81 92 95 106 122 136 149 161 148 167 151 158 160 131 123 112 114 79 70 48 22 7 
9 38 46 78 107 122 123 141 171 161 172 162 200 217 190 184 184 122 147 126 100 82 58 39 9 
16 33 71 89 126 117 141 179 194 208 208 182 189 191 188 191 163 155 142 109 92 79 60 25 14 
11 38 67 95 114 141 157 209 187 215 229 177 260 202 204 191 206 186 162 132 127 102 64 58 7 
18 49 85 111 142 148 180 206 215 215 250 276 234 245 217 236 238 223 200 151 112 96 91 42 17 
0 1 2 10 6 7 14 8 2 9 8 9 20 13 16 14 12 9 10 11 5 1 1 5 1 
1 5 9 16 15 15 24 22 27 32 33 40 33 30 28 26 24 29 15 19 16 8 9 7 1 
3 8 18 19 18 23 37 31 51 34 46 26 52 41 51 39 26 40 32 33 32 16 15 6 3 
2 12 24 31 22 43 51 51 35 55 50 49 58 63 63 52 42 42 41 41 22 29 16 9 6 
5 17 25 38 43 39 49 63 62 45 58 66 58 74 63 67 42 50 49 37 34 22 25 8 2 
12 15 23 31 48 49 77 73 60 84 96 90 75 94 71 70 87 73 68 52 46 46 30 20 1 
5 15 32 52 56 53 76 88 89 93 93 87 109 109 90 92 85 87 84 60 68 35 42 23 10 
8 24 40 62 53 63 93 89 130 109 106 127 113 127 138 111 93 95 91 92 61 47 36 25 10 
11 31 36 62 86 110 100 117 120 122 147 145 160 130 125 108 119 106 95 82 63 54 38 30 6 
7 33 57 61 105 99 121 146 138 171 166 168 177 161 131 151 143 124 120 84 101 71 40 38 9 
9 43 56 88 98 120 111 147 138 192 154 154 191 174 177 159 160 152 121 123 108 72 52 31 10 
17 53 61 110 116 120 147 157 172 203 202 204 196 222 206 222 186 172 152 147 111 108 68 36 14 
17 47 74 95 122 153 179 198 198 226 219 245 229 243 239 238 210 196 165 160 126 92 83 48 14 
16 44 70 105 131 159 200 230 236 249 255 278 237 284 257 226 238 243 195 152 140 94 81 61 14 
21 51 92 135 163 178 216 264 272 291 278 276 266 308 248 260 268 266 203 197 138 115 88 59 17 
19 55 99 155 201 205 246 253 284 315 251 320 270 297 300 290 270 267 234 206 166 140 96 74 17 
0 1 2 7 5 12 7 4 16 11 8 14 13 13 14 16 13 8 7 4 9 3 8 2 3 
4 10 4 12 21 24 29 23 38 37 36 37 41 36 40 29 20 33 25 21 25 20 16 9 1 
5 7 10 21 26 35 33 44 47 40 54 49 47 47 43 38 36 39 31 28 23 21 13 8 2 
4 9 22 30 35 42 53 54 57 40 45 58 60 50 50 47 56 44 54 51 38 27 25 11 3 
2 13 26 26 36 38 61 68 64 76 88 84 83 75 57 69 65 61 56 47 45 29 29 16 6 
8 18 26 42 51 60 66 61 85 98 86 101 95 104 99 86 95 81 71 65 47 31 32 19 7 
8 31 44 45 53 68 83 83 95 109 111 89 118 103 108 108 97 118 82 76 59 42 28 19 7 
6 23 43 68 73 93 78 112 121 115 112 137 133 123 107 121 132 87 93 68 64 54 40 31 6 
9 39 60 79 97 103 127 129 130 155 156 171 181 155 141 138 142 126 107 97 72 53 45 32 5 
10 35 48 76 102 138 130 124 157 184 184 191 168 199 196 160 138 162 136 114 109 70 61 44 16 
14 45 61 88 117 141 151 149 187 218 182 191 222 183 208 186 175 171 130 116 96 94 50 50 12 
14 44 66 87 117 132 172 196 218 213 255 271 253 191 196 206 201 190 157 146 114 108 75 39 20 
17 48 74 107 141 201 167 218 242 227 244 262 249 250 266 250 227 214 194 152 137 124 73 41 12 
13 66 84 125 146 178 206 234 215 272 282 296 294 281 271 285 254 235 215 174 156 119 90 49 18 
26 68 99 142 162 204 236 264 295 283 323 370 303 314 315 298 323 239 248 196 150 130 85 52 24 
23 68 120 137 190 229 276 301 315 326 299 364 337 339 324 365 312 295 282 223 222 148 131 67 23 
1 3 3 5 8 8 11 15 16 15 13 16 8 19 20 14 19 12 10 9 10 4 3 4 1 
2 10 19 15 22 31 22 38 34 36 38 39 30 29 53 41 29 35 31 28 22 17 8 11 3 
0 6 17 22 31 38 32 40 43 48 43 57 53 48 51 58 63 46 48 35 31 25 11 15 3 
4 10 27 34 45 53 36 56 70 59 62 76 68 76 79 72 76 64 53 51 37 31 18 14 2 
3 18 28 40 53 79 59 65 79 83 108 99 81 81 90 85 79 62 72 54 53 34 25 18 6 
9 16 38 41 73 73 85 90 93 99 92 99 94 117 100 92 103 95 78 68 57 63 37 27 5 
12 23 42 76 77 107 106 103 113 125 144 161 123 133 140 143 117 96 99 81 65 70 43 25 5 
15 23 53 63 84 107 117 113 150 169 165 139 132 162 145 144 135 114 94 115 87 63 32 33 9 
10 27 62 88 109 117 120 151 156 148 167 175 167 168 196 187 158 131 160 122 90 71 51 29 8 
13 45 69 98 112 136 171 177 193 173 231 238 228 210 202 215 187 182 166 130 116 93 79 42 13 
15 48 97 93 118 145 179 205 208 236 266 263 256 258 234 222 220 178 178 135 137 110 73 47 15 
22 46 102 134 139 165 202 237 244 261 296 268 287 266 264 252 230 229 207 145 126 117 90 45 13 
17 51 84 126 198 197 240 255 300 295 288 312 304 292 292 294 266 260 216 222 163 116 116 50 22 
14 75 105 148 190 199 251 267 273 337 330 342 341 332 321 325 302 247 261 222 191 154 117 63 15 
25 70 134 168 212 245 276 327 328 348 382 387 396 360 364 346 351 287 295 253 219 158 117 70 18 
24 85 133 161 207 289 321 332 353 378 412 433 382 431 447 418 398 346 262 273 223 170 129 92 30 
0 6 4 7 11 7 17 20 28 26 16 21 19 18 16 14 20 17 16 10 9 9 4 2 0 
6 9 15 14 21 39 25 38 41 41 48 41 41 49 42 49 36 37 39 38 27 29 18 6 3 
5 12 26 34 36 52 55 53 53 51 59 63 62 79 58 66 54 66 46 51 27 29 27 12 5 
1 26 26 28 49 51 61 46 69 89 87 76 71 83 85 81 67 74 61 62 47 25 24 17 7 
8 14 28 40 61 74 92 92 82 111 106 116 105 119 88 95 112 89 90 78 53 49 29 24 7 
8 30 44 57 72 80 105 120 113 130 130 106 117 119 131 139 111 108 98 86 67 58 36 28 8 
9 40 52 76 90 117 100 134 131 113 155 165 171 137 145 155 148 152 108 105 89 62 48 31 8 
11 40 58 105 98 128 137 150 143 189 184 172 212 193 180 170 164 168 137 112 111 76 61 34 7 
17 35 60 98 137 133 176 159 189 209 225 238 226 223 202 209 226 170 139 131 121 93 76 55 13 
17 48 88 111 151 183 188 206 241 250 241 245 246 266 237 241 211 200 194 156 142 113 72 52 16 
16 57 76 132 148 181 225 243 251 283 308 278 322 317 297 253 275 252 231 187 154 123 87 69 21 
17 62 109 146 165 229 258 277 295 321 345 319 328 328 330 293 283 270 244 214 182 161 109 48 21 
14 74 118 160 172 231 264 296 339 347 350 390 365 357 374 353 325 313 262 251 222 168 112 78 28 
27 94 137 184 222 284 348 323 370 396 413 380 431 418 417 412 341 351 301 277 217 197 134 80 33 
30 86 150 197 266 306 328 361 418 441 463 441 466 460 446 428 384 383 342 267 244 219 124 83 27 
48 96 177 215 280 333 377 441 470 491 491 539 504 523 459 480 464 375 390 325 268 210 168 100 34 
2 4 1 10 11 10 14 19 15 17 19 17 21 29 20 16 14 17 15 20 11 8 9 4 2 
4 9 15 32 30 26 47 46 43 52 66 73 53 56 50 50 68 46 49 40 28 23 17 10 5 
0 15 23 28 61 52 48 66 84 81 80 77 86 87 66 60 62 60 60 45 34 41 36 16 3 
7 29 31 39 48 70 81 79 94 94 93 93 113 115 85 112 91 77 74 58 56 44 30 16 5 
7 23 43 51 73 74 100 104 116 98 125 116 120 128 116 118 110 77 84 87 56 67 41 24 7 
10 25 51 70 94 87 103 147 132 153 142 162 157 149 167 147 135 134 106 94 90 66 45 24 8 
13 32 54 91 104 131 137 144 167 187 192 192 184 196 187 189 157 160 139 124 110 88 66 32 11 
14 59 72 89 112 139 166 192 188 204 220 227 218 229 215 222 188 196 170 141 117 85 62 34 7 
13 47 86 118 131 177 195 219 239 255 284 291 273 282 250 229 228 191 204 154 117 109 87 57 8 
17 63 92 113 161 190 237 261 271 289 277 258 314 276 302 277 235 241 241 197 190 128 105 41 25 
23 61 109 154 191 226 237 272 311 310 310 336 350 328 347 293 299 258 255 192 174 155 108 68 30 
27 69 128 160 229 259 286 328 363 355 397 394 431 406 403 374 318 299 298 249 206 161 131 72 27 
20 74 141 175 253 293 291 320 400 415 443 427 415 446 433 388 353 363 330 296 237 204 137 85 28 
27 110 141 217 264 306 349 413 452 474 481 474 480 469 449 435 392 379 359 307 280 209 162 97 31 
35 93 189 235 265 342 381 417 500 493 532 558 582 512 526 518 439 444 425 350 303 235 141 109 27 
45 116 190 265 334 378 428 478 515 543 616 581 597 634 595 599 505 519 429 367 312 256 175 109 37 
0 11 7 8 9 11 15 24 28 25 24 30 29 33 22 22 26 10 20 15 14 11 10 8 4 
2 13 25 29 39 43 53 47 70 61 73 64 63 59 53 54 43 48 60 41 31 28 23 13 2 
5 16 23 38 54 57 67 81 79 82 84 76 78 82 78 71 67 91 72 48 42 36 23 13 5 
7 19 32 57 58 70 83 97 86 88 96 135 109 97 102 102 104 103 75 81 65 48 44 14 5 
4 23 48 52 73 81 90 105 133 148 154 133 151 151 155 147 135 119 85 82 78 69 40 25 10 
19 44 60 84 91 107 120 148 164 150 218 171 191 175 169 180 164 132 121 130 102 61 56 30 11 
10 40 59 98 116 139 165 175 201 195 186 203 226 194 199 186 178 159 154 118 129 87 67 34 20 
13 43 87 108 140 173 200 201 240 231 244 237 259 265 252 219 202 198 178 158 123 100 78 42 16 
15 64 90 121 125 191 240 240 243 274 318 328 280 303 295 291 261 242 220 183 178 119 93 51 15 
21 59 119 154 182 221 212 303 296 313 347 321 357 348 321 322 323 267 255 211 179 131 106 66 25 
27 74 119 162 219 223 265 319 371 368 381 408 378 385 357 341 321 293 265 259 208 154 126 58 18 
31 89 123 190 240 275 342 370 382 403 435 431 472 445 435 391 332 326 322 269 202 212 128 84 29 
23 86 148 219 260 333 379 379 430 475 500 480 476 497 514 469 425 391 340 312 241 205 156 94 35 
27 122 164 242 324 333 394 439 506 479 549 543 564 592 516 511 455 429 372 350 280 245 195 105 34 
42 121 186 255 336 352 430 503 569 628 558 570 556 596 581 552 537 516 452 361 311 264 158 115 36 
35 120 223 268 364 391 467 524 587 630 633 686 659 668 628 606 575 527 488 428 353 296 181 129 43 
2 0 7 17 20 17 18 20 35 27 23 29 28 33 29 19 32 24 21 22 15 12 10 5 2 
2 11 23 30 43 49 54 59 66 64 61 66 82 83 66 81 72 65 62 48 47 29 19 14 2 
6 17 33 37 53 74 72 74 78 118 117 113 106 100 111 89 78 87 71 60 53 42 36 21 12 
10 20 44 51 64 84 106 104 148 129 125 107 126 146 109 115 93 101 89 87 62 56 36 32 5 
13 23 49 71 96 107 122 143 124 132 167 173 164 174 135 159 123 138 115 93 108 70 58 34 15 
13 43 72 95 117 122 145 173 190 223 234 194 217 216 198 178 176 175 161 143 92 83 66 47 17 
11 42 73 116 132 149 164 193 244 204 238 229 220 241 233 219 214 193 197 142 100 100 77 55 21 
25 54 88 117 151 159 203 251 251 271 294 318 302 269 267 275 234 238 209 169 153 125 90 51 21 
22 72 112 135 185 221 224 268 277 341 341 333 340 391 347 308 295 276 242 219 157 141 100 57 16 
30 79 120 170 243 243 293 337 360 354 361 373 365 412 413 412 325 307 292 256 203 173 130 55 28 
30 98 127 192 258 246 334 371 417 416 436 467 420 466 443 384 417 311 334 283 227 170 132 93 20 
41 114 146 198 255 341 366 438 478 458 485 521 472 493 465 470 435 414 339 280 283 202 182 99 25 
33 113 183 215 312 368 431 482 525 498 560 593 597 569 548 519 495 471 379 332 276 273 159 114 38 
31 108 207 267 362 390 482 519 546 577 665 605 636 667 624 626 506 445 478 407 322 285 180 89 38 
46 133 218 310 371 427 530 562 599 703 662 711 718 712 670 645 594 611 500 444 387 280 216 130 36 
45 143 228 342 362 519 531 663 716 726 772 841 788 746 781 698 678 581 590 458 354 337 217 146 46 
2 7 13 15 12 21 28 23 33 25 44 30 29 35 31 39 30 19 26 21 22 11 6 5 3 
7 19 20 38 71 56 60 76 72 93 83 100 70 78 77 84 77 65 74 60 45 37 25 18 9 
4 24 36 47 74 73 80 97 109 97 117 115 138 124 97 118 108 106 92 77 63 49 33 14 5 
14 37 54 75 81 95 107 126 133 150 144 169 173 154 153 159 120 137 125 114 94 67 42 24 13 
16 44 80 85 108 114 125 169 200 175 183 213 204 190 202 201 181 171 135 118 106 88 59 37 14 
17 32 80 118 134 164 155 200 231 246 255 245 259 245 242 236 226 189 185 161 150 106 78 45 16 
24 53 81 134 170 185 245 226 278 278 327 294 298 282 316 276 261 241 228 171 173 138 89 69 16 
16 56 126 153 210 223 286 301 306 335 354 333 348 384 334 318 318 287 265 219 187 165 94 69 21 
29 70 116 165 226 285 295 373 362 371 369 414 398 392 412 381 359 343 271 269 225 202 116 74 23 
30 93 169 204 251 310 338 394 424 433 458 440 472 465 476 423 390 389 348 301 251 192 161 89 30 
37 103 176 229 310 368 431 441 473 496 548 562 548 555 516 523 480 461 353 309 291 241 162 101 34 
41 118 229 252 328 384 439 523 534 571 619 662 618 607 639 560 536 472 472 372 314 285 179 123 30 
45 132 218 309 349 462 503 541 635 676 636 695 676 671 660 619 618 586 504 432 366 269 222 117 49 
42 135 260 362 389 497 567 628 716 699 736 717 830 805 724 687 672 610 553 469 415 346 240 142 44 
54 179 263 370 400 587 641 647 733 862 912 816 909 858 867 871 778 700 628 538 407 368 260 192 52 
58 175 289 404 490 640 735 753 806 888 964 895 958 932 957 854 826 784 685 592 530 363 294 169 68 
4 5 16 20 25 28 30 24 27 37 41 32 40 30 33 39 32 32 29 25 22 22 13 12 2 
6 21 21 50 50 70 75 104 86 88 90 109 91 100 107 78 78 80 81 66 52 41 36 15 7 
10 19 45 54 82 90 101 109 105 131 122 137 156 144 123 136 126 103 85 84 52 69 53 25 7 
11 35 60 92 102 100 113 164 159 161 164 177 175 148 166 191 143 132 126 102 105 74 55 40 9 
16 52 65 101 124 147 174 186 201 186 229 216 207 199 201 214 196 202 157 150 124 98 69 36 9 
24 64 96 134 122 188 177 194 245 253 252 271 270 266 255 264 241 200 195 158 138 119 85 49 27 
21 72 86 141 161 217 255 236 284 301 316 332 337 341 295 298 291 266 246 198 182 137 94 50 17 
27 78 121 146 220 265 284 319 325 389 378 379 385 388 396 355 342 333 266 220 212 157 115 58 20 
33 91 148 212 259 291 349 361 411 406 430 443 419 460 440 409 407 362 321 294 248 171 134 112 29 
20 101 160 218 274 342 385 423 473 487 492 519 537 564 487 480 498 401 367 288 318 216 151 97 34 
55 100 190 247 340 382 425 488 549 581 567 599 620 550 608 535 511 477 438 382 337 238 184 114 50 
37 117 206 282 343 483 518 521 609 603 682 725 709 650 640 623 612 586 533 432 348 268 228 107 41 
38 152 228 369 425 435 594 626 666 719 783 748 720 734 749 728 666 600 548 505 383 326 220 153 42 
60 185 259 382 397 520 617 681 705 785 779 796 848 833 819 771 724 652 563 562 454 341 256 137 52 
58 172 279 447 541 646 727 806 825 878 931 984 1003 970 923 843 890 730 681 651 504 390 306 184 70 
79 202 311 462 549 662 781 832 904 1024 1089 1026 1063 1014 1034 908 886 818 764 603 540 485 334 197 67 
3 4 17 17 23 26 31 42 43 44 38 47 46 37 53 47 27 30 36 26 25 21 12 6 7 
11 24 22 45 57 88 100 84 90 115 105 116 107 94 75 105 114 94 88 68 46 51 44 21 4 
17 35 47 67 73 96 115 132 145 158 151 158 156 144 177 163 131 122 106 101 67 60 62 29 3 
11 47 62 62 106 141 126 170 178 179 192 180 171 186 195 163 173 168 143 111 99 80 65 34 8 
15 38 79 106 143 140 188 180 209 223 223 231 231 234 230 244 210 198 173 168 128 100 70 38 14 
23 58 91 148 167 221 250 233 240 265 256 277 279 304 299 293 238 229 231 166 175 119 70 55 23 
18 79 114 137 212 227 243 286 327 314 392 363 335 351 331 312 310 308 255 224 197 154 108 54 20 
23 88 121 187 245 261 344 320 359 383 452 444 428 429 413 405 394 352 290 265 212 173 127 84 29 
30 103 150 226 281 286 376 399 442 460 465 492 494 533 467 472 441 454 402 319 259 215 151 95 35 
30 97 170 235 321 391 407 466 527 537 562 568 539 575 564 542 468 487 432 361 316 251 167 110 32 
47 109 207 286 347 403 520 535 586 606 629 698 697 651 662 590 579 514 474 398 350 274 174 115 37 
40 119 241 315 405 506 548 604 665 752 709 735 731 734 725 700 683 574 497 507 388 309 222 147 47 
54 164 242 384 472 613 570 735 758 782 867 838 806 788 833 828 729 676 602 539 437 318 264 161 57 
64 179 320 387 493 600 693 774 786 832 918 955 967 930 873 852 866 739 654 632 489 389 286 180 66 
57 190 324 470 527 616 789 885 946 1002 1029 1090 1039 1046 1043 927 941 822 760 653 527 440 318 183 60 
61 194 336 504 610 736 822 925 966 1053 1139 1168 1180 1128 1131 993 995 892 836 702 622 511 355 224 72 
3 5 20 16 32 37 37 35 38 48 55 60 40 49 51 49 40 45 23 30 30 20 10 10 2 
9 24 41 60 81 72 104 113 141 136 129 120 135 139 130 125 117 108 85 74 74 50 49 22 10 
8 41 55 64 90 108 130 134 160 171 187 150 175 203 167 169 153 148 132 132 92 64 47 21 12 
14 47 73 109 127 154 177 181 207 204 227 221 228 193 234 215 184 184 175 137 135 103 60 44 9 
21 64 109 122 143 197 209 249 246 264 254 298 296 300 265 295 253 253 216 185 160 137 79 58 25 
28 54 113 135 202 243 271 268 335 335 361 357 324 354 343 339 304 279 253 227 186 140 91 48 15 
22 96 142 184 221 269 332 344 353 405 457 429 443 418 398 403 365 352 298 257 214 191 126 71 30 
28 86 167 236 289 312 396 396 457 471 463 506 486 502 466 435 409 397 369 317 264 192 140 102 25 
30 106 182 274 342 381 434 486 499 554 557 554 571 590 552 547 549 448 417 392 294 228 204 107 33 
51 118 233 282 359 439 507 520 603 606 656 720 672 708 651 671 626 566 505 395 372 280 215 107 42 
38 116 246 322 422 486 517 624 706 745 802 808 768 753 711 669 665 620 537 504 417 357 238 152 54 
55 157 251 389 493 519 685 745 775 796 886 855 848 841 855 778 745 671 629 585 494 336 265 157 48 
64 188 290 423 515 670 759 750 809 900 973 987 989 940 977 927 875 822 699 603 494 404 300 164 65 
69 212 352 463 566 719 818 880 950 965 1077 1025 1145 1055 1018 997 964 842 811 643 580 426 357 224 60 
79 231 372 508 657 782 864 1016 1081 1109 1209 1091 1175 1177 1177 1147 1008 935 859 768 632 523 330 213 77 
91 258 414 622 749 882 953 1108 1169 1238 1283 1219 1337 1337 1350 1262 1111 1033 1014 883 704 555 435 238 88 
5 9 20 18 30 40 42 42 51 48 53 57 64 64 54 55 59 39 37 36 32 26 23 8 1 
11 32 37 74 86 91 116 113 143 143 161 151 153 161 146 140 128 127 93 88 79 75 49 28 9 
13 28 70 73 118 133 169 168 182 179 187 196 172 178 207 189 167 164 135 134 107 86 51 41 9 
17 57 97 130 153 176 198 208 222 265 260 268 274 246 234 253 237 207 177 173 157 113 82 53 13 
22 71 112 124 185 201 251 252 281 336 349 338 327 347 324 297 310 265 257 214 202 125 109 60 14 
28 79 125 153 221 261 296 323 404 380 366 411 402 412 435 369 379 318 295 277 197 151 108 56 33 
32 99 174 207 265 315 337 424 414 463 472 472 517 532 465 447 416 357 378 299 261 191 175 93 37 
43 104 185 258 298 390 428 505 534 515 624 545 604 534 585 517 509 445 379 335 319 232 179 106 23 
40 135 216 312 396 447 515 544 624 641 647 664 662 693 639 611 570 541 563 389 343 253 173 120 47 
38 148 233 352 425 483 529 654 683 717 759 797 798 799 777 727 675 616 569 462 433 338 249 145 44 
59 148 249 368 473 590 671 716 788 874 849 865 901 868 863 897 820 707 646 564 500 384 258 181 59 
76 208 316 452 523 622 687 783 917 966 1013 1015 1055 988 999 884 874 822 755 632 593 436 288 192 57 
65 211 340 440 658 746 803 1003 994 1103 1122 1176 1214 1137 1067 1027 976 887 823 711 607 446 351 228 71 
82 211 332 534 661 837 959 1042 1128 1197 1275 1219 1225 1269 1186 1209 1124 1035 902 777 673 534 424 251 76 
78 269 476 657 761 894 1022 1140 1212 1267 1351 1496 1355 1358 1382 1295 1236 1149 1059 903 726 587 446 269 100 
109 310 477 689 815 1047 1130 1246 1347 1430 1471 1502 1510 1551 1458 1385 1352 1241 1125 985 873 666 483 268 101 
2 15 10 36 34 46 51 44 45 58 60 70 61 52 55 62 66 52 31 37 29 33 21 7 4 
7 30 57 65 88 98 123 139 155 150 183 183 175 137 169 135 143 110 143 87 99 75 43 28 6 
12 44 66 99 112 133 163 206 233 221 258 245 229 204 214 217 204 176 150 131 133 104 72 42 13 
21 47 94 119 175 174 183 259 290 263 280 279 306 275 288 286 261 234 210 186 133 116 82 46 16 
21 79 137 130 197 238 274 290 313 320 315 346 335 359 371 337 300 308 244 232 203 154 123 63 23 
14 90 149 192 244 307 318 352 375 386 433 461 439 430 398 426 345 339 324 293 235 202 130 75 44 
30 89 178 222 288 370 410 440 466 536 518 526 559 522 554 491 475 425 369 335 308 244 163 117 36 
41 127 206 269 326 386 459 504 582 588 628 643 599 645 605 572 506 515 458 413 344 251 197 121 38 
43 120 217 331 404 453 540 619 629 679 746 761 753 763 737 666 614 607 528 472 409 308 221 129 52 
54 180 274 374 462 546 658 682 787 816 823 807 908 807 835 780 740 666 632 510 488 364 298 156 47 
80 168 318 435 522 628 697 786 855 976 936 986 1031 958 993 934 900 750 688 585 579 387 299 170 66 
87 223 340 521 606 710 755 914 987 1011 1055 1094 1080 1087 1079 1061 929 897 816 697 609 430 337 188 79 
78 246 368 524 710 751 899 1016 1160 1066 1229 1236 1224 1298 1258 1109 1148 972 970 759 703 501 377 199 84 
93 263 468 607 734 864 1061 1194 1239 1364 1334 1390 1409 1364 1328 1259 1177 1125 979 858 744 642 407 276 75 
93 310 458 689 821 990 1094 1206 1451 1394 1520 1528 1544 1427 1519 1383 1330 1196 1085 982 810 672 498 269 84 
109 301 522 787 899 1156 1256 1382 1492 1507 1651 1734 1611 1722 1624 1579 1528 1313 1190 1047 940 729 478 316 118 
4 15 21 28 38 37 42 58 75 63 61 64 64 64 62 74 61 68 53 40 39 29 21 12 5 
20 24 68 84 95 121 150 138 179 202 182 193 208 188 181 172 158 139 150 117 69 61 46 36 14 
20 42 105 94 143 162 168 195 241 259 263 253 251 257 269 221 216 217 181 158 137 77 84 40 20 
19 59 110 133 186 180 255 263 314 304 360 313 314 337 335 320 295 286 250 209 207 141 110 60 22 
23 82 122 195 230 270 325 347 345 383 371 427 440 412 401 367 340 349 267 264 171 181 114 88 38 
30 100 138 229 268 310 400 418 480 481 484 498 490 534 469 453 392 388 372 341 264 229 159 87 31 
42 100 142 278 351 397 449 500 573 540 630 596 579 553 610 615 507 466 428 372 311 256 176 125 34 
50 134 246 319 436 473 516 587 606 681 747 772 733 735 682 687 598 551 518 418 362 285 237 148 39 
55 178 239 350 431 476 601 696 701 809 860 854 798 816 831 790 717 661 616 494 421 349 221 155 47 
85 167 299 425 519 589 742 797 877 879 910 917 957 917 877 905 864 801 716 588 510 409 277 169 61 
63 225 359 459 584 688 793 959 942 1019 1078 1052 1073 1123 1116 1092 984 925 810 629 605 433 337 187 76 
76 255 382 512 652 818 869 989 1063 1113 1191 1281 1269 1229 1213 1155 1116 1002 903 731 693 579 379 241 79 
87 262 446 579 758 911 1075 1240 1288 1376 1346 1357 1339 1402 1339 1277 1302 1161 981 927 778 571 380 263 83 
93 297 448 680 824 1025 1172 1318 1392 1451 1495 1570 1538 1577 1460 1489 1367 1277 1131 989 808 657 465 293 89 
113 307 519 711 933 1140 1326 1430 1504 1625 1595 1720 1628 1742 1706 1613 1543 1324 1261 1047 991 715 485 321 121 
122 342 607 799 960 1258 1452 1578 1629 1794 1860 1804 1907 1850 1832 1681 1723 1556 1418 1204 975 793 594 317 124 
3 13 25 32 44 44 61 68 81 76 98 77 71 71 90 60 77 68 57 46 39 31 31 19 7 
9 38 67 76 99 135 139 189 172 176 191 188 218 211 196 205 167 147 130 120 111 93 78 23 18 
15 55 111 120 139 160 190 204 209 245 220 266 277 260 268 250 253 201 185 176 147 113 94 58 12 
21 78 112 173 183 229 281 332 287 339 353 369 367 377 376 307 292 298 281 232 191 147 109 73 18 
27 78 144 194 241 303 327 342 435 392 414 459 458 470 463 407 385 389 350 306 240 190 138 74 28 
45 108 171 214 271 371 425 477 479 516 549 519 591 536 519 529 466 461 364 356 317 221 181 97 31 
37 158 198 282 316 415 509 571 598 660 640 644 645 633 716 621 568 536 498 445 402 301 205 135 37 
55 157 243 356 482 514 590 641 656 675 768 786 803 749 758 713 640 678 558 489 387 334 235 138 56 
61 165 286 403 540 600 669 797 794 874 891 907 922 932 856 866 803 709 673 559 465 398 299 193 50 
66 200 338 474 529 694 770 893 895 987 1062 1082 1102 1150 998 1018 904 854 769 657 554 448 305 220 71 
69 236 396 569 684 804 866 938 1090 1224 1130 1200 1188 1249 1107 1116 1065 955 855 764 638 519 358 232 83 
77 272 464 596 701 886 1028 1176 1197 1363 1316 1305 1422 1317 1344 1258 1163 1121 984 835 711 559 452 256 90 
109 281 499 619 834 969 1102 1235 1293 1416 1466 1543 1514 1605 1407 1432 1348 1211 1142 970 819 674 479 291 73 
104 353 525 736 920 1103 1269 1379 1540 1642 1686 1847 1702 1678 1688 1594 1474 1373 1296 1132 899 726 527 311 113 
139 369 597 827 1026 1248 1330 1584 1669 1708 1888 1869 1942 1906 1751 1658 1669 1461 1316 1268 1056 813 622 368 127 
130 406 646 870 1111 1351 1547 1720 1865 2020 2053 2215 2153 2089 1926 1913 1825 1616 1448 1264 1112 855 664 358 139 
13 16 24 39 46 55 60 77 79 77 78 79 84 88 87 86 78 88 83 54 45 33 30 25 6 
11 52 72 92 131 134 183 189 223 263 252 228 222 232 223 242 221 170 177 180 141 111 79 42 19 
17 61 93 153 175 204 229 253 299 280 287 319 314 306 316 284 263 269 218 204 179 128 75 55 20 
22 79 144 179 225 271 274 336 343 409 429 430 408 445 404 392 380 342 308 280 227 157 127 83 28 
40 101 166 254 315 350 380 423 497 485 522 503 563 505 518 517 480 415 393 323 271 230 156 108 31 
51 112 203 292 336 394 464 541 566 611 624 661 641 672 631 642 549 501 477 438 351 265 190 135 36 
50 155 263 343 438 531 582 625 681 741 778 735 747 787 738 720 660 593 529 482 393 321 242 148 39 
55 149 284 406 493 635 718 776 842 790 846 933 921 959 858 852 778 717 663 601 508 394 274 185 58 
72 208 334 462 586 658 837 888 1015 1009 1016 1006 1075 1036 1006 1018 978 860 724 647 554 417 277 190 68 
75 241 390 544 638 813 886 948 1100 1177 1147 1256 1267 1218 1185 1159 1070 990 903 827 697 531 373 222 107 
90 269 462 611 743 882 1089 1117 1212 1352 1368 1331 1496 1389 1340 1319 1247 1091 1027 944 747 608 431 289 104 
105 288 511 711 861 1001 1226 1246 1398 1536 1557 1585 1698 1604 1587 1492 1376 1331 1133 1012 872 699 493 257 106 
116 356 525 811 921 1113 1306 1474 1576 1733 1836 1853 1757 1789 1735 1636 1607 1460 1241 1077 1007 730 539 347 103 
136 339 583 893 1119 1318 1501 1676 1822 1860 1935 1947 2033 2010 1944 1856 1806 1541 1424 1249 1012 881 628 356 127 
164 409 719 986 1235 1408 1614 1770 1928 2107 2135 2193 2147 2184 2125 2002 1884 1768 1592 1389 1207 899 737 409 147 
202 446 790 1081 1317 1583 1881 2079 2167 2256 2369 2425 2423 2492 2322 2264 2017 1957 1805 1518 1352 993 731 464 159 
7 22 29 50 60 67 75 92 66 86 109 109 106 106 94 101 93 62 97 73 55 42 28 20 2 
16 51 86 135 169 190 214 229 243 261 248 252 283 273 272 244 254 238 191 182 175 107 83 56 20 
34 73 138 152 200 223 281 286 328 333 365 354 381 363 359 364 347 287 272 240 200 165 99 63 18 
35 94 182 211 267 315 362 381 404 459 472 474 508 456 460 459 414 407 326 299 242 214 159 87 46 
36 130 168 267 336 395 438 510 553 565 621 625 600 568 648 548 563 495 431 368 316 250 185 134 36 
48 140 249 336 428 510 549 592 656 756 690 756 774 759 714 682 650 605 544 502 405 319 228 144 39 
65 171 316 364 516 558 671 749 798 844 945 908 841 868 953 882 742 777 656 551 456 378 274 151 65 
57 184 336 462 563 729 783 892 925 964 1062 1070 1063 1038 1027 1025 938 825 824 629 561 444 362 175 68 
89 241 359 527 690 812 890 1089 1077 1156 1153 1235 1246 1281 1242 1105 1110 940 916 810 656 568 421 232 82 
103 279 476 594 732 966 1064 1231 1233 1355 1401 1390 1413 1438 1347 1384 1247 1136 1065 904 795 590 421 275 80 
97 312 517 718 895 1071 1202 1375 1479 1524 1609 1664 1652 1624 1594 1571 1433 1326 1166 1073 903 705 504 310 101 
116 353 570 793 1050 1177 1388 1494 1573 1776 1796 1853 1797 1734 1792 1721 1624 1452 1326 1161 973 752 578 341 113 
132 399 662 930 1150 1264 1535 1720 1849 1851 1972 2208 2082 2020 2015 1930 1804 1711 1516 1286 1113 934 669 352 134 
143 474 766 956 1277 1502 1724 1908 2037 2153 2246 2300 2257 2241 2159 2262 2017 1866 1640 1431 1235 1005 681 415 158 
159 489 791 1226 1433 1615 1888 2102 2327 2284 2507 2695 2611 2497 2419 2404 2242 2052 1842 1549 1336 1073 756 505 166 
189 541 886 1217 1510 1866 2096 2312 2417 2620 2778 2844 2806 2817 2834 2619 2481 2264 2003 1801 1402 1157 850 578 150 
5 22 33 47 52 75 85 70 84 106 103 118 119 107 126 97 91 89 77 50 62 45 30 23 5 
18 55 95 142 170 205 196 226 252 287 286 299 306 271 289 261 263 234 179 180 171 122 76 52 16 
25 75 101 166 187 255 310 365 330 390 396 389 386 398 379 351 344 290 311 265 199 159 105 75 32 
30 95 182 215 248 334 381 411 472 445 458 505 548 475 485 428 455 392 340 273 245 212 146 85 23 
30 122 194 265 349 431 471 534 548 569 616 663 607 607 648 597 518 528 475 384 362 284 173 135 46 
51 134 254 306 438 485 584 608 705 736 754 791 798 749 769 681 655 638 572 530 396 336 257 136 44 
61 165 305 422 502 608 685 764 844 901 912 919 916 917 948 876 843 753 661 581 490 392 300 196 67 
83 196 322 463 567 695 833 893 940 1043 1070 1154 1116 1100 1067 1033 973 913 808 731 591 472 356 198 81 
74 222 401 510 729 793 935 1089 1101 1258 1253 1299 1303 1226 1234 1198 1111 1049 979 830 691 499 371 271 79 
112 274 488 698 807 1011 1132 1214 1316 1375 1479 1473 1475 1471 1458 1353 1287 1178 1011 985 811 596 479 277 78 
105 341 535 740 900 1095 1214 1440 1434 1569 1654 1676 1760 1733 1714 1590 1460 1317 1261 1089 895 668 553 304 81 
147 389 599 797 1095 1256 1399 1610 1727 1850 1899 1920 1910 1975 1911 1776 1651 1519 1414 1178 1010 802 566 355 111 
161 407 647 971 1187 1427 1612 1779 2002 2105 2127 2117 2147 2149 2046 1918 1860 1765 1639 1358 1163 916 693 435 138 
173 445 729 1041 1328 1492 1741 1964 2087 2220 2353 2233 2440 2343 2269 2179 2112 1885 1768 1526 1290 1035 701 411 148 
150 505 845 1178 1490 1702 1915 2222 2314 2523 2570 2530 2671 2666 2561 2403 2312 2163 1914 1741 1378 1141 807 465 171 
166 556 896 1279 1536 1905 2151 2272 2534 2766 2894 2957 2962 2897 2779 2697 2576 2338 2039 1856 1550 1228 869 537 166 
6 22 37 57 73 97 97 93 121 125 114 124 122 153 108 105 112 111 84 76 76 58 39 32 16 
19 59 91 159 219 210 238 258 297 317 340 321 324 336 329 330 288 250 237 217 175 146 106 73 21 
35 75 161 199 220 292 342 367 407 436 457 461 493 463 452 396 392 372 340 287 229 163 130 87 31 
41 121 184 251 301 367 439 477 524 603 621 580 595 562 562 528 517 474 405 341 338 253 186 88 33 
51 151 218 305 418 495 560 662 636 665 660 710 768 735 708 680 632 633 516 465 391 279 213 148 48 
76 168 286 379 477 562 707 709 823 839 841 902 955 903 848 793 814 719 624 570 505 388 250 176 64 
79 204 329 481 629 684 819 886 980 1001 1080 1072 1038 1065 1049 985 922 883 778 724 646 473 348 195 71 
89 236 418 523 684 821 915 1005 1142 1167 1228 1294 1300 1227 1257 1178 1147 1058 929 810 686 549 424 241 83 
93 264 469 671 868 951 1058 1248 1278 1441 1455 1478 1485 1470 1501 1341 1285 1136 1103 972 749 631 478 260 94 
119 316 497 796 885 1131 1252 1424 1474 1613 1737 1789 1698 1707 1600 1616 1456 1292 1286 1087 884 716 538 334 117 
140 384 637 907 1063 1296 1491 1613 1778 1813 1906 1999 1980 1935 1914 1807 1769 1469 1464 1200 1019 863 651 344 132 
140 422 698 982 1204 1451 1632 1789 1931 2075 2163 2238 2113 2059 2101 2064 1925 1721 1596 1400 1204 911 688 424 152 
164 513 849 1057 1386 1516 1788 1961 2210 2196 2395 2396 2583 2507 2480 2393 2182 2012 1838 1548 1291 1061 740 466 163 
178 533 867 1160 1550 1717 2064 2322 2415 2602 2815 2783 2774 2736 2669 2536 2517 2181 2053 1765 1527 1220 825 536 167 
218 559 1016 1248 1743 1943 2229 2593 2826 2867 2960 3121 3086 3064 2925 2859 2751 2482 2206 1940 1592 1308 890 588 191 
205 686 1099 1488 1802 2161 2597 2708 2975 3164 3324 3618 3351 3361 3328 3092 2885 2748 2406 2015 1860 1432 1012 645 196 
8 27 40 47 61 89 115 120 107 135 111 120 153 144 158 125 125 88 79 85 72 70 55 28 5 
31 62 110 157 170 248 274 261 298 324 337 380 367 339 333 323 290 292 256 254 196 149 117 67 25 
27 88 146 222 242 307 354 415 407 478 458 484 449 458 468 434 417 401 369 298 273 198 159 91 30 
53 113 217 250 316 433 456 487 554 566 563 627 568 605 647 545 516 451 446 405 305 266 198 105 31 
47 155 246 300 415 496 552 606 662 756 765 821 785 787 746 724 669 629 584 471 402 295 254 147 48 
65 218 312 436 510 630 765 760 889 935 855 971 936 966 889 879 855 741 703 608 510 364 302 184 54 
82 210 385 527 631 697 850 935 964 1079 1147 1127 1121 1120 1121 1063 970 898 833 712 592 462 342 212 65 
93 281 430 600 709 869 986 1104 1208 1261 1288 1339 1341 1274 1262 1232 1182 1078 947 883 688 531 406 235 80 
87 299 490 672 895 1049 1175 1290 1378 1455 1553 1594 1601 1493 1564 1450 1351 1245 1186 1040 874 665 448 298 103 
118 371 539 763 995 1141 1351 1450 1531 1706 1756 1817 1869 1721 1709 1706 1545 1492 1296 1165 1000 773 553 298 119 
130 423 625 835 1132 1298 1513 1705 1773 1967 2055 2014 2151 1963 2004 1942 1801 1710 1537 1339 1152 895 677 372 137 
145 446 711 1060 1317 1550 1725 1888 1997 2124 2303 2287 2428 2346 2244 2155 2006 1853 1719 1378 1241 949 735 431 167 
166 477 782 1108 1449 1647 1890 2226 2312 2474 2525 2611 2638 2559 2419 2454 2270 2102 1809 1687 1389 1159 795 513 157 
192 542 940 1373 1585 1954 2102 2406 2582 2708 2828 2915 2922 2959 2792 2646 2583 2272 2044 1847 1514 1252 874 518 202 
224 582 1038 1480 1803 2109 2352 2679 2753 3044 3183 3241 3250 3333 3211 2946 2822 2494 2337 2046 1755 1313 1004 576 227 
253 692 1082 1529 1927 2338 2604 2867 3155 3406 3481 3452 3479 3524 3434 3281 3179 2838 2632 2266 1920 1505 1145 687 215 
5 35 54 71 77 101 122 157 137 149 125 150 139 162 169 144 131 119 113 105 79 78 57 16 14 
26 83 133 180 217 265 292 298 339 362 364 404 433 385 343 376 342 335 277 271 205 170 125 80 31 
46 116 173 254 306 355 375 450 447 514 555 537 565 536 560 496 457 434 386 347 301 252 187 99 39 
49 141 214 304 377 486 546 583 638 669 687 681 671 700 703 634 580 580 523 455 375 276 216 127 46 
57 178 278 380 465 557 655 738 745 820 922 862 864 853 905 826 783 737 691 606 497 398 265 173 57 
75 229 351 470 593 697 845 878 934 972 1066 1146 1065 1093 1034 1069 941 907 807 691 564 476 316 203 79 
97 252 400 542 702 798 962 1103 1142 1270 1313 1301 1279 1337 1222 1243 1154 1083 896 811 691 553 399 247 88 
97 327 504 686 863 1028 1171 1236 1424 1382 1541 1540 1488 1547 1529 1468 1337 1219 1118 958 810 652 480 278 104 
115 334 599 859 1027 1172 1390 1433 1602 1636 1775 1780 1839 1858 1855 1709 1616 1398 1284 1207 973 739 575 334 113 
135 405 656 923 1142 1335 1558 1753 1885 1989 2081 2187 2113 2090 2056 1970 1847 1743 1541 1344 1075 880 640 343 131 
170 431 758 1011 1234 1529 1795 2048 2123 2263 2345 2374 2397 2377 2377 2126 2095 1905 1683 1488 1279 1009 727 454 156 
189 500 887 1139 1409 1722 2040 2247 2369 2584 2631 2743 2723 2744 2529 2437 2323 2161 1961 1668 1403 1156 830 487 146 
197 566 916 1372 1640 2001 2245 2485 2759 2910 3006 3114 3035 2959 2942 2745 2684 2474 2225 1894 1604 1333 983 589 207 
212 684 1058 1475 1880 2214 2503 2674 2915 3184 3214 3319 3365 3346 3291 3122 2889 2673 2465 2118 1848 1461 1083 601 209 
218 705 1134 1580 2053 2351 2703 3002 3345 3497 3568 3564 3710 3660 3619 3470 3307 3039 2712 2356 1967 1551 1141 715 227 
260 792 1263 1781 2193 2693 3058 3398 3590 3848 3965 4149 4042 4033 3956 3684 3566 3341 3001 2589 2187 1810 1297 775 261 
13 19 65 82 88 137 128 143 162 172 158 182 179 164 179 184 164 139 116 97 124 97 52 25 11 
23 106 167 187 249 312 349 368 401 421 388 461 464 469 426 449 421 392 316 288 267 188 128 84 29 
49 106 196 259 378 436 464 490 531 594 591 624 648 618 625 598 542 508 461 413 322 292 178 122 44 
56 148 259 327 528 521 594 682 724 763 785 798 834 824 782 767 703 615 638 495 464 357 255 162 55 
65 195 297 436 591 638 734 854 908 981 945 1003 998 1026 1057 898 854 780 744 646 541 406 319 174 53 
58 261 429 513 727 842 962 1051 1110 1165 1221 1261 1205 1235 1257 1174 1035 1037 890 819 676 519 402 241 79 
100 259 469 673 804 969 1079 1287 1298 1387 1456 1465 1589 1462 1485 1419 1309 1245 1026 953 817 629 480 288 102 
114 347 612 777 959 1081 1369 1513 1614 1715 1774 1839 1786 1778 1816 1622 1517 1391 1256 1166 941 753 562 338 93 
155 396 646 902 1131 1292 1477 1724 1784 1922 2136 2089 2117 2090 1974 1914 1787 1607 1555 1316 1098 819 626 374 136 
123 488 719 1024 1284 1568 1819 2028 2201 2278 2308 2425 2450 2355 2246 2209 2049 1945 1701 1559 1277 991 723 415 135 
187 538 876 1219 1456 1755 1942 2194 2390 2553 2717 2703 2680 2697 2648 2467 2358 2176 1984 1686 1410 1134 850 512 178 
214 624 945 1408 1629 1952 2260 2492 2728 2793 3012 2975 3057 3006 3089 2850 2730 2425 2231 1981 1585 1345 912 582 169 
194 681 1089 1493 1947 2202 2480 2809 3036 3205 3295 3345 3463 3433 3317 3196 3018 2806 2511 2169 1865 1470 1101 670 202 
249 731 1136 1656 2124 2466 2848 3166 3507 3570 3736 3781 3877 3824 3721 3529 3201 3066 2799 2410 2044 1617 1202 700 240 
239 799 1344 1861 2311 2759 3183 3477 3773 4024 4151 4153 4232 4247 4103 3999 3747 3448 3082 2632 2266 1814 1331 739 238 
307 936 1499 1988 2608 3011 3431 3799 4142 4413 4575 4789 4721 4595 4526 4302 3978 3776 3390 2985 2532 1976 1428 915 284 
13 45 67 80 96 108 142 146 160 182 188 188 167 180 187 193 172 168 130 114 92 75 67 40 17 
25 90 168 207 282 300 346 398 431 431 498 479 489 535 494 445 436 393 358 293 243 200 167 107 39 
32 133 231 277 362 447 459 571 591 661 698 644 696 666 680 613 608 532 492 404 318 262 208 127 36 
44 195 284 388 528 554 680 717 754 835 856 853 877 877 838 810 761 746 635 537 481 358 282 147 56 
64 220 362 430 595 709 838 899 963 1004 1096 1041 1024 1083 1068 1026 988 847 759 695 621 500 338 209 81 
105 272 414 572 747 905 994 1120 1119 1277 1299 1400 1319 1281 1272 1238 1203 1055 988 864 715 586 377 229 77 
125 324 480 667 902 1059 1166 1327 1392 1541 1540 1568 1606 1541 1579 1484 1390 1242 1195 1049 831 731 494 298 103 
111 373 589 803 1047 1262 1455 1465 1681 1770 1856 1877 1849 1964 1848 1767 1627 1505 1307 1227 949 756 529 361 111 
140 419 718 951 1177 1425 1677 1801 1974 2031 2127 2182 2215 2211 2184 2039 1975 1803 1596 1374 1077 924 671 424 122 
174 497 839 1148 1424 1583 1929 2106 2276 2382 2532 2553 2557 2526 2555 2406 2196 2171 1791 1640 1361 1051 720 456 146 
184 494 945 1260 1604 1837 2141 2463 2538 2740 2791 2753 2961 2918 2868 2664 2586 2228 2058 1917 1556 1223 894 550 172 
220 628 1066 1407 1750 2135 2427 2781 3005 3156 3254 3347 3177 3273 3105 2958 2869 2566 2378 2098 1725 1370 995 613 194 
235 680 1088 1548 1955 2445 2737 3009 3286 3379 3583 3701 3755 3673 3589 3565 3201 2906 2630 2267 1942 1662 1111 730 237 
252 772 1281 1746 2249 2615 3036 3239 3633 3838 4006 4079 4151 4119 4038 3794 3647 3339 2910 2637 2134 1764 1301 818 265 
274 833 1415 2037 2461 2888 3330 3814 4046 4341 4387 4609 4544 4546 4470 4284 4041 3702 3263 2843 2373 1874 1311 887 301 
308 951 1580 2175 2754 3233 3666 4120 4495 4708 4914 4894 5162 4905 4849 4607 4392 3939 3572 3141 2598 2095 1511 933 300 
10 40 69 99 114 137 179 174 195 178 206 201 232 225 223 207 171 165 179 145 108 100 60 46 18 
32 120 202 217 317 380 416 436 458 479 537 567 581 588 551 508 473 432 408 358 346 225 162 105 33 
59 142 258 320 451 494 569 648 651 681 741 768 772 688 687 680 630 611 540 504 352 325 232 135 41 
63 164 288 405 556 651 766 817 897 863 879 992 964 968 896 975 844 761 722 687 501 430 294 222 48 
86 246 366 529 629 789 881 969 1069 1136 1222 1259 1221 1215 1215 1135 1055 989 920 821 693 493 387 242 67 
100 302 491 690 833 936 1100 1237 1369 1449 1453 1553 1563 1486 1468 1319 1271 1308 1129 928 843 613 493 283 98 
126 296 606 758 974 1188 1304 1471 1595 1767 1763 1812 1802 1835 1690 1620 1623 1492 1239 1137 961 742 536 326 105 
128 443 637 1023 1138 1406 1649 1761 1855 2043 2115 2163 2229 2132 2049 1949 1898 1782 1506 1429 1093 928 714 419 115 
159 510 756 1150 1399 1577 1758 1962 2286 2407 2405 2445 2543 2454 2361 2338 2129 2076 1820 1582 1375 1051 760 477 154 
189 572 924 1258 1611 1977 2126 2311 2497 2734 2789 2909 2884 2798 2793 2758 2463 2312 2123 1795 1475 1288 878 541 153 
217 650 1043 1449 1746 2100 2447 2644 2807 3166 3090 3284 3153 3228 3138 2981 2781 2607 2402 2080 1780 1297 949 596 217 
237 719 1144 1618 2007 2510 2728 3064 3262 3386 3699 3673 3808 3637 3616 3308 3106 2891 2691 2367 1931 1501 1116 707 268 
239 847 1338 1822 2259 2758 3020 3441 3662 3880 4039 4089 4292 4142 4012 3884 3641 3270 2908 2642 2168 1754 1307 782 263 
291 869 1538 1955 2493 3033 3344 3653 4045 4427 4593 4514 4780 4640 4539 4328 4083 3653 3275 2939 2415 1935 1408 828 318 
300 1006 1551 2258 2859 3292 3677 4194 4622 4793 5097 5129 5302 5061 4873 4786 4601 4150 3574 3204 2704 2111 1581 978 310 
386 1037 1698 2438 3054 3626 4145 4617 5042 5319 5593 5406 5543 5576 5393 5099 4862 4446 4081 3644 2939 2292 1718 1001 355 
15 40 81 100 134 142 169 177 242 213 237 196 243 218 223 211 231 168 171 137 106 104 68 37 8 
22 94 210 265 317 403 446 492 531 550 587 635 624 554 577 559 491 438 444 371 336 240 180 101 43 
56 154 276 347 444 541 618 680 685 764 770 772 865 814 792 715 711 653 561 512 471 351 265 166 64 
61 170 349 424 551 651 725 883 921 998 1006 1023 1073 1013 970 965 940 805 750 645 553 409 339 223 65 
72 259 378 584 752 852 978 1135 1146 1230 1360 1269 1355 1290 1325 1207 1111 1047 944 831 703 522 428 235 83 
94 326 496 689 818 1001 1210 1276 1440 1501 1611 1627 1609 1652 1504 1515 1394 1321 1196 1016 851 664 481 300 86 
126 358 644 810 1079 1257 1457 1631 1729 1885 1868 1915 1966 1909 1828 1797 1664 1563 1377 1215 978 808 603 338 106 
172 467 754 976 1241 1491 1619 1849 2086 2165 2301 2331 2277 2346 2212 2056 2000 1912 1680 1506 1132 1039 692 429 155 
176 539 838 1142 1474 1706 1931 2109 2377 2468 2624 2732 2709 2626 2503 2560 2317 2084 1894 1665 1442 1078 884 499 163 
189 616 919 1346 1659 1970 2320 2551 2814 2948 3075 3194 3168 3020 2953 2813 2631 2415 2234 1899 1638 1261 914 566 202 
221 654 1073 1462 1922 2342 2528 2853 3012 3336 3438 3392 3486 3457 3477 3334 2953 2777 2503 2100 1762 1507 1078 687 187 
228 751 1278 1705 2159 2566 2970 3263 3496 3681 3879 3943 4039 3857 3889 3661 3409 3146 2747 2573 2116 1673 1211 735 255 
308 868 1384 1971 2377 2795 3206 3715 3850 4176 4316 4308 4507 4367 4282 4090 3760 3588 3286 2848 2435 1947 1340 838 321 
337 984 1533 2188 2662 3233 3586 4054 4468 4636 4694 4962 4748 4811 4694 4638 4343 3931 3709 3222 2574 2044 1462 881 307 
360 1025 1768 2228 2916 3530 3972 4487 4837 5026 5175 5484 5400 5397 5336 5029 4791 4390 3867 3356 3004 2245 1657 1024 350 
383 1112 1870 2576 3310 3788 4323 5050 5218 5530 5860 5927 6045 6035 5859 5531 5216 4823 4237 3826 3174 2537 1821 1095 350 
13 47 74 115 142 185 199 231 248 248 238 296 266 238 240 243 228 215 179 181 162 129 77 36 12 
49 127 203 280 351 444 503 525 602 615 638 698 710 676 638 658 563 585 508 410 364 306 224 121 50 
54 180 272 408 547 615 729 768 810 859 899 893 908 951 937 834 795 686 641 609 466 381 286 166 58 
69 233 392 503 632 774 887 993 1029 1057 1075 1254 1209 1146 1093 1104 970 952 847 744 621 499 372 223 80 
75 276 487 674 807 988 1116 1240 1377 1321 1416 1506 1488 1522 1363 1351 1254 1194 1045 923 787 650 447 256 102 
98 367 620 828 989 1168 1380 1492 1576 1744 1670 1778 1895 1702 1747 1725 1607 1445 1336 1161 954 784 666 326 99 
148 441 729 949 1153 1390 1554 1812 2001 2068 2049 2158 2158 2204 2153 2037 2013 1801 1595 1425 1179 889 650 382 132 
168 510 814 1112 1438 1630 1896 2073 2200 2398 2422 2482 2642 2595 2445 2487 2317 2042 1877 1641 1310 1102 783 452 163 
211 579 962 1265 1611 1932 2280 2527 2786 2909 2891 2927 3040 2886 2970 2823 2658 2415 2163 1928 1604 1290 932 539 206 
219 695 1113 1459 1935 2333 2568 2861 2976 3165 3340 3401 3516 3434 3331 3279 2957 2802 2487 2247 1816 1439 1088 636 199 
240 822 1305 1751 2221 2612 2966 3389 3424 3744 3753 3777 3960 3909 3817 3593 3479 3060 2901 2409 2037 1732 1202 695 241 
277 846 1373 1895 2429 2850 3356 3766 3892 4163 4281 4349 4467 4338 4229 4164 3984 3607 3228 2891 2320 1913 1358 824 281 
306 912 1591 2162 2670 3225 3658 4107 4477 4597 4994 4901 5049 5071 4758 4621 4364 4048 3642 3244 2608 2196 1528 936 318 
363 1122 1750 2433 3127 3594 4143 4651 4903 5187 5453 5602 5774 5472 5465 5254 4851 4409 4017 3500 2905 2274 1712 1039 361 
359 1198 1966 2608 3362 4025 4623 4950 5440 5852 6097 6040 6247 6298 5983 5542 5365 4884 4447 3774 3394 2589 1859 1106 405 
416 1263 2183 2895 3752 4393 5041 5644 6082 6493 6672 6653 6739 6583 6519 6227 5910 5441 4785 4257 3614 2903 2025 1220 414 
19 52 100 139 158 198 198 233 236 254 247 264 286 255 285 285 252 215 238 168 151 132 85 49 17 
44 149 245 330 373 463 503 583 643 684 729 684 760 787 732 662 631 549 564 441 395 285 255 115 49 
60 199 332 410 528 617 711 776 844 916 927 976 981 954 935 943 861 786 762 580 504 439 282 177 51 
89 234 401 591 700 852 1001 1076 1124 1162 1256 1262 1287 1222 1252 1178 1045 1001 912 836 671 528 427 233 74 
93 332 510 676 884 1042 1172 1313 1402 1519 1626 1634 1636 1612 1583 1565 1464 1294 1155 1042 827 689 487 310 92 
132 391 646 872 1074 1326 1461 1560 1785 1910 1881 2011 1949 1961 1854 1700 1705 1620 1405 1277 1009 790 580 361 128 
137 469 743 1046 1229 1502 1800 1959 2132 2244 2242 2355 2361 2309 2255 2271 2001 1959 1727 1526 1189 1042 677 410 170 
171 519 867 1165 1525 1866 2095 2252 2393 2561 2672 2719 2890 2720 2665 2674 2398 2319 2026 1696 1521 1140 814 559 157 
214 638 1049 1463 1780 2128 2358 2652 2871 3178 3136 3192 3282 3265 3248 3023 2992 2670 2467 2088 1735 1397 990 591 198 
230 733 1177 1623 2077 2496 2773 3054 3287 3546 3706 3760 3731 3696 3727 3459 3285 3056 2744 2359 1933 1579 1104 710 228 
284 797 1280 1873 2288 2814 3132 3562 3798 4015 4069 4230 4287 4324 4188 4004 3715 3340 3088 2732 2195 1793 1268 846 251 
310 859 1504 2105 2663 3228 3675 4062 4367 4531 4762 4900 4821 4793 4782 4470 4110 3860 3526 2963 2511 2108 1503 919 285 
363 1025 1716 2332 3033 3637 4117 4479 4807 5058 5227 5366 5602 5335 5347 5033 4707 4395 3929 3365 2897 2231 1669 1001 304 
381 1124 1905 2583 3303 3862 4369 4985 5510 5645 6070 5828 6062 5927 5666 5538 5181 4829 4377 3827 3161 2590 1804 1116 379 
422 1255 2129 2818 3655 4316 4831 5533 5979 6232 6510 6609 6609 6685 6362 6348 5783 5333 4810 4154 3513 2807 1967 1204 420 
445 1455 2377 3171 3884 4717 5427 5923 6354 6903 6989 7270 7260 7338 7131 6754 6334 5985 5253 4558 3871 3067 2248 1352 470 
27 64 101 125 158 190 223 266 264 283 255 293 287 294 274 277 273 236 222 225 159 137 93 51 15 
52 163 242 388 428 499 585 595 689 720 808 734 810 762 752 676 679 624 542 469 378 337 251 139 45 
71 197 348 468 554 728 778 841 956 966 1019 1097 1079 1041 972 998 941 902 851 658 535 432 328 176 47 
78 246 437 604 737 875 1033 1128 1291 1373 1408 1329 1423 1429 1350 1255 1209 1147 1012 851 746 596 420 268 90 
136 367 528 782 929 1093 1170 1468 1498 1621 1696 1748 1717 1746 1760 1562 1511 1379 1194 1110 994 714 541 320 105 
120 412 650 877 1174 1405 1519 1758 1871 2009 2122 2141 2129 2132 2087 1930 1875 1658 1501 1399 1148 898 603 377 142 
157 512 814 1121 1458 1621 1935 2174 2229 2391 2373 2508 2581 2539 2577 2389 2210 2031 1853 1579 1379 1080 788 487 157 
162 568 941 1296 1639 1943 2205 2558 2653 2878 2913 2975 3039 2994 2943 2769 2653 2415 2211 1889 1621 1230 944 550 192 
250 670 1149 1555 1930 2295 2616 3018 3139 3313 3506 3573 3577 3525 3399 3260 3073 2759 2633 2272 1887 1431 1046 666 218 
254 768 1257 1828 2153 2551 2981 3287 3581 3801 3874 3964 4027 3991 4016 3825 3676 3292 2893 2527 2189 1751 1233 795 270 
302 823 1497 2030 2525 3025 3410 3829 4124 4415 4293 4561 4672 4630 4532 4268 4051 3630 3374 2933 2389 1925 1424 882 271 
315 1054 1613 2279 2877 3368 3878 4340 4612 5054 5059 5246 5337 5197 4973 4816 4553 4199 3757 3312 2731 2263 1583 1002 327 
368 1134 1849 2569 3320 3683 4441 4855 5308 5457 5818 5914 5954 6057 5689 5295 5153 4821 4241 3754 3111 2490 1690 1073 394 
407 1224 2034 2845 3485 4280 4865 5376 5733 6310 6530 6437 6523 6556 6309 6042 5785 5233 4690 4128 3443 2798 1955 1216 387 
486 1387 2341 3126 3948 4648 5417 5728 6520 6775 6933 7282 7295 7223 6974 6640 6267 5781 5260 4684 3648 3051 2134 1328 433 
482 1564 2562 3429 4360 5143 6022 6492 6952 7593 7839 7789 8047 7964 7628 7399 6799 6339 5695 5012 4245 3326 2394 1478 491 
22 65 103 138 187 220 235 244 249 297 295 375 310 317 321 341 279 267 249 221 182 115 90 67 19 
43 169 293 381 482 534 616 665 711 791 814 871 840 838 825 787 693 689 636 543 471 345 288 161 53 
62 235 378 493 636 719 829 961 992 1081 1140 1060 1154 1136 1154 1093 1008 893 872 732 566 533 369 215 70 
99 304 462 648 887 978 1097 1206 1257 1347 1409 1542 1528 1523 1428 1450 1320 1201 1116 984 748 604 441 252 82 
123 378 699 854 1023 1225 1425 1598 1706 1746 1783 1987 1869 1968 1898 1781 1629 1517 1316 1180 1013 783 571 350 114 
155 415 724 1028 1158 1521 1729 1950 2039 2254 2263 2345 2278 2289 2222 2055 2003 1847 1615 1477 1173 966 707 409 131 
185 542 861 1239 1541 1876 2073 2388 2355 2599 2762 2714 2711 2745 2696 2544 2471 2250 1993 1763 1461 1165 862 506 151 
208 638 1012 1432 1824 2082 2442 2663 2967 2954 3111 3273 3249 3231 3205 2933 2667 2616 2372 2040 1723 1363 959 592 193 
236 701 1192 1629 2014 2469 2763 3115 3431 3546 3727 3692 3780 3818 3609 3410 3305 3105 2768 2345 2038 1580 1148 733 230 
277 832 1357 1956 2393 2821 3268 3619 3879 4096 4259 4401 4313 4264 4255 4099 3866 3409 3075 2736 2241 1864 1376 786 294 
300 930 1576 2217 2718 3227 3556 4013 4385 4528 4978 5110 5067 4855 4900 4610 4322 3963 3444 3199 2656 2182 1513 911 299 
324 1103 1731 2429 3110 3648 4134 4548 4953 5323 5404 5522 5649 5572 5512 5230 4914 4608 3974 3551 3027 2353 1728 1074 323 
386 1187 2021 2729 3494 4118 4725 5288 5678 5938 6174 6456 6207 6193 6112 5918 5419 5027 4613 3926 3315 2604 1921 1157 403 
457 1371 2216 3006 3699 4512 5171 5764 6199 6517 6708 7003 6907 7010 6689 6316 6058 5499 5220 4392 3677 3003 2075 1235 418 
509 1514 2519 3324 4168 4967 5789 6370 6910 7237 7329 7720 7673 7624 7509 7009 6704 6237 5528 4944 4078 3296 2323 1450 495 
555 1567 2714 3732 4659 5484 6325 6932 7439 7968 8363 8699 8558 8325 8222 7789 7371 6839 6037 5367 4634 3615 2620 1502 534 
15 71 97 151 202 224 265 260 303 334 376 340 351 349 344 301 318 279 251 225 207 150 110 65 24 
51 143 278 383 505 580 703 808 837 887 909 871 919 870 873 824 819 706 649 623 497 405 290 150 48 
88 218 404 541 664 796 920 1001 1083 1150 1197 1221 1214 1218 1297 1112 1036 988 865 831 671 500 346 240 65 
118 274 488 693 847 1052 1148 1288 1366 1462 1503 1467 1645 1586 1448 1486 1398 1270 1112 1007 830 678 470 278 110 
141 376 585 883 1133 1286 1520 1652 1741 1818 1888 1967 1947 1999 1851 1899 1776 1655 1420 1271 1101 836 575 358 125 
144 459 816 1082 1311 1504 1832 2003 2087 2330 2482 2555 2411 2411 2401 2274 2132 2004 1791 1561 1317 997 731 436 148 
163 588 942 1347 1582 1872 2171 2331 2588 2744 2898 2997 2925 2912 2893 2771 2668 2379 2159 1741 1560 1213 913 561 192 
215 663 1142 1483 1918 2351 2607 2837 3025 3376 3287 3388 3551 3392 3386 3300 2982 2726 2591 2176 1821 1549 1025 640 221 
273 744 1266 1770 2163 2652 3068 3364 3586 3860 3919 4019 4029 4015 4028 3740 3561 3226 2938 2520 2116 1733 1217 744 272 
295 818 1462 1995 2606 3049 3558 3866 4134 4289 4528 4655 4672 4703 4498 4330 4086 3741 3328 2881 2478 1988 1387 839 293 
326 1033 1690 2290 2911 3419 3961 4436 4712 5049 5134 5254 5378 5361 5128 4915 4541 4203 3875 3295 2805 2222 1644 967 335 
397 1211 1857 2595 3341 3870 4415 5009 5316 5717 5931 5858 6064 6069 5776 5504 5235 4812 4420 3816 3274 2535 1792 1065 379 
435 1225 2225 2890 3638 4362 4958 5525 5950 6421 6466 6923 6602 6615 6500 6220 5818 5429 4918 4240 3594 2748 2040 1272 416 
518 1414 2361 3147 4036 4756 5462 6121 6662 6989 7155 7376 7516 7122 7220 6925 6446 5817 5490 4528 3909 3159 2330 1398 470 
534 1538 2600 3639 4501 5337 6121 6810 7198 7528 8156 8324 8190 8116 7729 7607 7185 6496 5841 5234 4508 3578 2524 1535 504 
600 1715 2866 3976 5128 6008 6730 7467 8038 8356 8735 9354 9106 9010 8779 8406 7764 7192 6660 5779 4843 3789 2847 1693 565 
22 75 101 187 203 261 301 316 400 387 383 414 395 380 421 347 344 324 286 243 198 160 139 82 26 
56 201 309 481 496 639 779 830 968 993 1023 1035 1005 1007 1006 926 930 848 709 652 587 427 324 189 62 
85 281 405 635 719 880 1030 1187 1249 1333 1376 1375 1362 1330 1320 1286 1191 1123 967 857 741 595 400 251 84 
100 363 596 834 975 1185 1272 1419 1595 1726 1712 1838 1837 1790 1800 1728 1550 1462 1258 1156 1000 761 553 321 119 
152 471 793 971 1254 1482 1680 1823 2071 2103 2111 2161 2307 2245 2176 2073 2076 1746 1577 1458 1195 898 679 440 138 
174 555 850 1164 1531 1755 2071 2278 2477 2585 2635 2767 2670 2715 2634 2590 2492 2201 1915 1755 1482 1139 877 524 164 
209 655 1127 1398 1811 2191 2541 2706 2864 3116 3295 3360 3468 3338 3161 3069 2922 2662 2412 2087 1653 1408 1021 604 234 
242 751 1252 1697 2137 2638 2887 3153 3518 3750 3933 4018 3896 3945 3732 3740 3454 3214 2706 2531 2089 1642 1235 742 246 
287 866 1439 2013 2440 3033 3354 3756 4068 4300 4451 4509 4573 4558 4360 4187 3875 3727 3217 2935 2562 1983 1425 826 283 
360 1024 1615 2280 2842 3361 3965 4334 4727 4862 5226 5234 5332 5215 5042 4774 4639 4261 3851 3292 2755 2219 1557 983 338 
355 1179 1888 2581 3232 3970 4467 4845 5367 5699 6027 6099 5966 6077 5839 5609 5249 4803 4293 3804 3263 2521 1892 1103 372 
472 1280 2171 2902 3662 4397 4920 5558 5960 6364 6533 6654 6680 6662 6509 6305 5946 5443 4928 4294 3564 2775 2016 1265 432 
477 1500 2367 3370 4104 4965 5660 6132 6808 7105 7376 7531 7646 7611 7418 7006 6687 6066 5391 4756 3973 3134 2205 1426 440 
531 1635 2800 3695 4598 5561 6271 7065 7432 7830 8225 8348 8478 8249 8069 7747 7285 6826 6149 5286 4405 3643 2479 1567 510 
629 1742 2997 4128 5138 5935 7009 7685 8336 8776 9085 9219 9282 9284 8951 8679 8049 7310 6779 5764 4933 3870 2797 1745 556 
660 1960 3237 4473 5608 6566 7676 8376 9080 9649 9897 10273 10073 10058 9758 9395 8844 8194 7442 6403 5376 4222 3054 1882 639 
27 91 135 223 232 249 304 336 384 395 398 444 441 443 430 382 345 331 331 291 255 169 123 67 32 
73 208 381 471 587 738 831 876 988 1047 1109 1118 1148 1068 1092 990 971 942 862 709 588 468 348 208 71 
118 270 480 660 817 994 1171 1214 1323 1424 1464 1535 1490 1508 1440 1386 1313 1194 1110 973 781 665 435 301 103 
141 379 598 880 1084 1295 1444 1567 1781 1903 1998 1938 1951 1909 1911 1845 1631 1488 1444 1287 1016 830 630 378 120 
139 496 771 1092 1320 1561 1849 1996 2184 2410 2436 2473 2419 2513 2429 2215 2129 1922 1836 1536 1306 962 711 451 160 
190 571 980 1369 1662 1934 2209 2462 2640 2887 2923 2988 2924 2945 2918 2762 2536 2350 2218 1833 1579 1297 946 529 174 
236 688 1133 1630 1957 2282 2739 3055 3124 3302 3514 3685 3694 3655 3516 3286 3198 2896 2668 2361 1849 1473 1127 662 210 
287 812 1354 1855 2302 2727 3154 3506 3758 4131 4089 4256 4272 4267 4207 3926 3770 3321 3089 2661 2283 1871 1319 835 270 
323 974 1538 2175 2717 3085 3589 4174 4499 4716 4752 4862 5145 4996 4829 4626 4313 3898 3472 2986 2520 2137 1502 973 287 
353 1084 1821 2434 3211 3754 4254 4666 5098 5512 5550 5715 5840 5643 5580 5228 5026 4660 4174 3562 2919 2378 1703 1045 378 
390 1248 2018 2839 3632 4165 4890 5420 5786 6197 6309 6462 6409 6530 6349 6024 5527 5272 4705 4107 3427 2793 1972 1208 409 
457 1449 2357 3283 3969 4631 5373 5987 6548 6899 7066 7424 7426 7175 7039 6796 6562 5872 5337 4576 3927 3054 2165 1408 424 
522 1607 2613 3549 4282 5323 6221 6785 7367 7681 8124 8358 8273 8206 7920 7533 7175 6548 5916 5236 4363 3500 2479 1557 530 
599 1796 2903 3838 5028 6055 6654 7450 8130 8670 8987 9106 9289 8990 8981 8554 7990 7295 6554 5751 4810 3805 2806 1599 579 
659 1916 3233 4418 5649 6504 7724 8339 8950 9337 10082 10179 10116 10030 9713 9542 8753 8174 7219 6239 5345 4240 3101 1835 664 
733 2119 3496 4737 6086 7211 8126 9174 9931 10540 10814 11048 11227 11041 10890 10240 9368 8810 7929 6971 5852 4548 3305 2100 711 

